entrez,log2FoldChange,pvalue,padj
1,6.81071428571429,0.3527439242950983,0.6701509455100768
2,-441.45892857142826,0.29847241024482424,0.6290814596273963
3,-27.89642857142858,0.039314905719094385,0.29089823228305467
9,72.96874999999997,0.03849576392286455,0.2890847070195864
10,-3.464285714285716,0.3727676812544141,0.6858941995186483
12,356.30714285714294,0.35733572998651864,0.6733527843189009
13,-0.6419642857142858,0.9201076342694348,0.9717834372823395
14,10.821428571428577,0.432299320025289,0.7275392155328104
15,-2.4187499999999993,0.4378027190995883,0.7314996689414169
16,66.10892857142858,0.38576652033463626,0.6955475695586413
18,115.17857142857144,0.08366595532830555,0.38597957526741083
19,-146.8553571428572,0.24352130505390934,0.5807863622169026
20,-14.94732142857142,0.15071891138426494,0.4823834502098393
21,3.6089285714285744,0.5763374462136598,0.8154397952945933
22,-93.89732142857142,0.012302341874735776,0.20862435599475662
23,35.452678571428606,0.25480676976705185,0.5919726558783659
24,-6.856250000000001,0.05487940900379298,0.32895432874049996
25,91.09464285714279,0.2176264835184538,0.5566656367893081
26,-15.91875,0.11853774575845195,0.44075248554718016
27,33.38303571428574,0.41486425828281087,0.7170582404960859
28,-14.30357142857143,0.3225038965254023,0.6477493529651993
29,90.98660714285717,0.003407480083676522,0.15595317694243888
30,36.23750000000004,0.36631100064910455,0.6803754966732817
31,-36.60089285714284,0.1731443993702199,0.5105252675169483
32,-557.4348214285712,0.09469011356232392,0.40456617643881343
33,-41.70624999999998,0.031092842081368827,0.26886198072317047
34,-1216.2946428571427,0.019758845520730945,0.2365299129704636
35,-0.47410714285715727,0.9644340043352034,0.98778965381803
36,-215.08839285714288,0.0027554777362248516,0.15053197737333318
37,-156.6205357142856,0.2231000903343706,0.5615802244956469
38,-1256.3410714285712,0.009582541492963014,0.19669047889675625
39,19.70714285714284,0.09760068774032818,0.40916487972211213
40,1.9062500000000009,0.5823004302184457,0.8185976066874169
41,-5.449999999999999,0.11325900850289257,0.43360202725483354
43,-9.373214285714287,0.09895657051776868,0.4111146888912329
47,402.6776785714287,0.2698001781599235,0.6050304916200749
48,37.46160714285719,0.5569210418214869,0.8051630959223068
49,-4.203571428571429,0.463575685354454,0.7484458952379528
50,-135.66875000000002,0.0773534369990581,0.37527055616002675
51,-19.431250000000006,0.13369603416038328,0.4608140484029433
52,-51.53392857142859,0.5871225294303545,0.8217190773083461
53,45.64642857142857,0.07232863912900701,0.36575733854776715
54,168.86607142857142,0.014938904276401613,0.21818107295044226
55,3.686607142857145,0.5723937827921839,0.8135056994100172
56,-7.428571428571431,0.030367556534516497,0.26636906811580535
58,-4211.699107142857,0.017778669420902133,0.22973005559210727
59,-694.1741071428573,0.1421633065838147,0.47179706482317874
60,1573.3642857142859,0.19301665237820415,0.531941401722784
69,1.9991071428571452,0.7911418759624417,0.9211543755366131
70,-630.7312499999999,0.042315623923575324,0.29818429748925734
71,1257.4303571428582,0.19398012898869038,0.5329657393874001
72,-49.783928571428575,0.2627864415460073,0.5991346770997018
81,15.698214285714272,0.5456996016752567,0.7982269174807282
86,78.78839285714287,0.0449357408845136,0.304419953119964
87,476.71607142857135,0.061767805476865105,0.3460858979394643
88,-2365.5357142857147,0.016024371825337634,0.22275068684915222
89,-1238.5857142857142,0.06010279673426268,0.3430188320924647
90,-112.72410714285706,0.49233131953600817,0.7657542804306198
91,26.487500000000004,0.08892515732381617,0.3953645988568693
92,-15.26428571428572,0.24109417700679375,0.577719425334025
93,-77.42767857142856,0.004394179276075288,0.16595406639301308
94,-12.017857142857125,0.5475973939628619,0.7994810840268417
95,-0.12232142857142847,0.9496862759100066,0.982703681732458
97,76.29285714285714,0.2067209067119766,0.5444872133383428
100,45.15357142857144,0.2617787366247901,0.5982341661425454
101,74.5794642857143,0.025363436474799446,0.2518608589283799
102,213.92857142857133,0.5982019553881146,0.8287051996041935
103,376.78392857142865,0.005245549693969965,0.17217250857477012
104,28.87499999999997,0.20787613085696935,0.5456112262783736
105,-7.955357142857139,0.14558546377316706,0.4761181493380163
107,-10.72142857142857,0.09115377439897723,0.3987353793861496
108,-523.5017857142858,0.010237689078482532,0.1988875360240836
109,-19.821428571428584,0.12968431519689147,0.4560969999686835
111,-10.564285714285713,0.10431279619810394,0.41932961783187506
112,6.357142857142861,0.49580094440904826,0.7676226320268138
113,252.9142857142857,0.013030775612929464,0.21137711545547824
114,3.386607142857141,0.41156988091153984,0.7143379940011905
115,-213.64553571428576,0.00115383840747358,0.1240993704425147
116,10.758035714285713,0.4488192733642229,0.7387318252510352
117,-9.681249999999999,0.19609838628391946,0.5347204264163032
118,-5.369642857142935,0.9518595623192561,0.9834820864713669
119,-17.391964285714288,0.003983815703237401,0.1629634942821897
120,-172.31428571428523,0.753168311125967,0.9033756890753828
123,448.4258928571428,0.2568193695900305,0.5938636341263241
124,-9.368749999999999,0.10272313599121408,0.41685074476919876
125,-828.8589285714286,0.2973394410323186,0.6282646855865761
126,-111.23749999999998,0.0026381764595644406,0.14884518441352512
127,-103.64285714285714,0.02070004924646759,0.238389808462602
128,-116.87321428571431,0.05965318950445984,0.3419851267093181
130,-6.918750000000001,0.011874911809055968,0.2072329406830945
131,-5.758928571428573,0.19748192499759543,0.5358366322147274
132,34.83928571428572,0.5280138379268682,0.7879041949454415
133,112.36607142857144,0.6625703702124248,0.8613462324180515
134,-13.999107142857149,0.16660422877776893,0.5021400862392538
136,12.311607142857135,0.2933987965171301,0.625508939757258
140,64.40446428571428,0.14644654935516363,0.4766073057251301
141,13.897321428571423,0.13203263942296536,0.4586622123674078
142,-6.350892857142867,0.8628608101432476,0.9498452684743107
143,65.07499999999999,0.053483167089174964,0.3250908460923448
146,2.1767857142857148,0.5548833652926101,0.8038861858551586
147,-1.7160714285714294,0.48393134386073333,0.7607546689629594
148,-27.036607142857143,0.4303137950477322,0.7261769420116287
150,-41.72946428571427,0.16494384801245204,0.49985062022396715
151,-3.821428571428573,0.6169957945402447,0.8382220168092404
152,-7.478571428571428,0.5920672537343155,0.8250778906667973
153,-16.212500000000006,0.6768260685572656,0.8683956303858236
154,16.783035714285717,0.46498449624606664,0.7493023466387003
155,-3.5776785714285726,0.26259783413987603,0.5988295204203254
156,-14.258928571428573,0.05125198628275786,0.3199901525347817
157,75.48124999999997,0.022333286763608937,0.24263278927852766
158,-766.201785714286,0.02744948053549057,0.25715973243274204
159,103.56607142857143,0.08656533187370419,0.39134033978676547
160,-24.350892857142867,0.43146372198732724,0.7269731586951346
161,31.35803571428572,0.2758702432825507,0.6106104950052819
162,35.44285714285715,0.1701368237611684,0.5069605835063461
163,-24.689285714285745,0.4560862572734188,0.7438407146051835
164,69.00624999999991,0.601344368134257,0.8300685026535569
165,728.7366071428571,0.05896026013286877,0.3403372462304445
166,-12.544642857142854,0.4119453619679967,0.714688274732455
167,-9.882142857142854,0.06179222943195172,0.3461168392051469
172,-8.140178571428564,0.13750821995523235,0.46601759908586926
173,-6.195535714285716,0.07111576104438505,0.36383028306369913
174,6.022321428571429,0.15629016467479,0.48860225019121417
175,207.43035714285716,0.009240918171354322,0.19492717908956222
176,45.19017857142857,0.25699120490744554,0.5939131197238282
177,-5.387499999999999,0.1724636893489915,0.509757829364026
178,-2200.979464285714,0.015643278380405645,0.22054348366594084
181,-4.810714285714285,0.3273245005579514,0.6517048566332615
182,-400.0508928571428,0.0219587815907323,0.24158128810580906
183,-47.15178571428572,0.026244626580762622,0.2545713347457315
185,-207.78571428571422,0.24431028611007796,0.5816853764707156
186,-15.591964285714287,0.04486090736818156,0.3043894403518648
187,-1.868749999999963,0.9682243531432055,0.9887683092344788
189,-9.630357142857141,0.01515985192912576,0.21898676465652597
190,-1.7250000000000014,0.6727231895928164,0.8664375489620323
191,-9.105357142857144,0.6664527882702315,0.8631538034156768
196,269.9294642857143,0.21750944257095958,0.5564703931761366
197,-5.843750000000002,0.3201916103181357,0.6460669555354492
199,553.7473214285716,0.039586626505213385,0.29185528643103315
202,260.89285714285717,0.006112327597607742,0.1788237097815842
203,-295.19642857142867,0.11342462535419376,0.43389054110621045
204,28.5732142857143,0.09109407599457552,0.3987353793861496
207,19.715178571428552,0.22018731788429882,0.5589367723489309
208,-19.00803571428571,0.07576101152552706,0.3724243073423383
210,14.92142857142855,0.4993997208959835,0.7701003988038102
211,-59.59910714285712,0.41113423422875883,0.714042255851383
212,-26.941071428571433,0.035738705569435834,0.28180180660641824
213,-6.465178571428571,0.1363065712941537,0.464420875273126
214,692.5848214285716,0.002259858875888674,0.1444847403984062
215,-8.079464285714277,0.16546421445159717,0.5005856804269178
216,-42.46964285714286,0.19760166710243493,0.5359529813018636
217,-733.9857142857145,0.05846515681928554,0.33937598992402984
218,-10.88392857142857,0.027190899217436535,0.25702448261428906
219,-19.519642857142856,0.04704514987736741,0.30873857118422776
220,-255.75089285714262,0.5384098646566648,0.7936052143789085
221,22.296428571428578,0.066304685962362,0.355387039305175
222,-6.494642857142857,0.1397601106626914,0.46888565221412815
223,-502.3062500000003,0.10386569674186419,0.4185623126125594
224,-285.3285714285714,0.04839123312425104,0.31312955818933846
225,-6.2053571428571415,0.0895458185610126,0.3962408621470554
226,-1457.3857142857144,0.11468696437010874,0.43603322389982613
228,-5.233928571428567,0.3279203936383481,0.6522262549447663
229,-28.072321428571428,0.006240959621024819,0.1795384221404072
230,27.43392857142858,0.1392750337122613,0.4680327321481335
231,-86.03482142857149,0.5410575218667848,0.7952450336854878
238,17.190178571428568,0.4346697725248474,0.7293459293303988
239,-12.57321428571429,0.1440608328794134,0.47388359837990646
240,1210.2455357142858,0.02834192148659908,0.25991186804424765
241,18.280357142857127,0.6429114924326985,0.8514771097200401
242,-2.3964285714285714,0.19811228458274932,0.536411780688134
245,-2.8982142857142854,0.43308446024696196,0.7283348055735795
246,-0.597321428571429,0.7609888447553921,0.9070648591018327
247,-15.93035714285714,0.14833666704341197,0.4793609120278119
248,-0.28214285714285703,0.41255830514904696,0.7152582902243521
249,5.630357142857147,0.31212385255224107,0.6400298057422525
250,-0.10178571428571437,0.7060251989384588,0.8829155410395896
251,-6.905357142857142,0.13742763650036766,0.46593455055470123
257,-4.81517857142857,0.11575283091829845,0.4380085840167463
258,-1.8616071428571423,0.8111906574006386,0.9292821504259625
259,-2.6071428571428594,0.518341721433576,0.7824066484286006
262,93.35178571428571,0.031179424859692016,0.26886198072317047
265,-7.908035714285713,0.05311013062204256,0.324229163885683
266,-9.938392857142855,0.16306956015219748,0.49767391578684883
267,-35.96517857142857,0.008535486990841173,0.19074068353740092
269,-1.6964285714285712,0.04098593634800697,0.296111547459263
270,-2383.0062500000004,0.01889034905917101,0.2338727141522687
271,67.1669642857143,0.059101784704950935,0.34054063428635184
272,40.14910714285716,0.4882455327249938,0.7632937104138229
273,-28.76964285714285,0.0003300536376175858,0.09254196223970002
274,-922.1187500000001,0.014645510597420966,0.21752154060372378
275,1.7749999999999915,0.9290838451336905,0.9746289185089125
283,5.780357142857142,0.6915909973413459,0.875781401233048
284,-222.30446428571435,0.06573973573435404,0.35422489911065413
285,-15.341964285714276,0.39549854168603243,0.702507480805816
286,-182.1107142857143,0.01960631642171626,0.2363066358162577
287,-467.0937499999999,0.0018244985523204482,0.13683399283540879
288,-1188.002678571428,0.05717519420203225,0.33602641545696155
290,367.96160714285725,0.020467855558445627,0.238009362137482
291,-1334.7767857142856,0.019540489397660323,0.23615457149687052
292,427.54375000000005,0.01306000362912858,0.21137711545547824
293,979.3758928571426,0.0012890451300346516,0.12532423491627354
301,-295.99464285714294,0.7373647271692152,0.8969426748156019
302,-224.88124999999945,0.7464637847279922,0.9004719841207075
303,-10.087499999999999,0.15489317412835235,0.48730170846331666
304,6.568749999999909,0.9845316776816099,0.9948659263525097
305,-4.195535714285718,0.6753640550424413,0.8677344328239992
306,-82.48303571428573,0.00332696514535406,0.1541540841713841
307,142.91785714285675,0.7426554663852841,0.8989702361099763
308,571.4151785714289,0.10213771018213492,0.4161546541626222
309,-18.845535714285745,0.6406535265832817,0.8503476106779077
310,-390.9312500000001,0.1761153896240946,0.5146075211804145
311,-43.702678571428805,0.6085854388526144,0.8335405931799257
312,-1.3535714285714278,0.4978995862962996,0.7691537841027938
313,12.992857142857154,0.46837665933142086,0.7513568010135679
314,7.222321428571426,0.3856225934311576,0.6953961556986773
316,31.40089285714285,0.7457270301077635,0.9002964443371748
317,41.252678571428575,0.16332173602792394,0.49803329095080046
318,12.42232142857143,0.33863900936136,0.659956793328546
319,-0.590178571428571,0.8880766986929551,0.9592365218798736
320,-13.323214285714286,0.07835549595557742,0.37698756963843677
321,-10.030357142857138,0.2727031257765882,0.6073676534704323
322,-7.073214285714283,0.32125516484578065,0.6467096460442103
323,-53.19464285714284,0.25068267569520447,0.58821832941227
324,-11.812499999999996,0.0655646910506586,0.35386181867951355
325,-13.49642857142857,0.029015556859265438,0.2618189256199197
326,-8.801785714285714,0.23536113630801245,0.5724245871142283
327,31.110714285714288,0.2039450240744621,0.5413724290618728
328,115.52232142857144,0.1557999835114882,0.4883204875280645
329,-227.2446428571427,0.13312258599619617,0.4601760091745418
330,101.1857142857143,0.0205663653148789,0.2382045204675808
331,153.04910714285717,0.1319494626130114,0.4586622123674078
332,18.675000000000008,0.15122875057454385,0.48262782790070824
333,1.8723214285714285,0.42674332187673175,0.7239726673578971
334,218.22142857142876,0.44020750883889853,0.7330743022843547
335,-17.22857142857143,0.04104736837331763,0.2962334828156205
336,-9.924107142857146,0.06502043012736833,0.35264132682715493
337,-9.349107142857143,0.15253875479359644,0.484436362589445
338,-30.96160714285714,0.009979000043271924,0.19801461866623513
339,-6.195535714285715,0.32501073807591835,0.6498352819517205
341,347.30178571428576,0.20138241503268053,0.5392850831126909
343,-1.9928571428571438,0.5953345704639488,0.8268832477807945
344,-24.948214285714286,0.036965623207276435,0.28438095523537904
345,-10.369642857142857,0.0332295251569351,0.2753101780529639
347,-188.03035714285716,0.0008696037336431778,0.1180986166525225
348,363.98660714285717,0.09619561483069115,0.4067983015599071
350,-7.3410714285714285,0.24797570466888127,0.5854848060098926
351,164.6767857142858,0.2720456537896726,0.6070939636250202
353,48.22857142857144,0.07357792554132857,0.3682937909889352
354,-10.384821428571428,0.38901488513279514,0.6976086078466193
355,168.4633928571429,0.005152503732392474,0.17182093284629854
356,-13.871428571428574,0.05571737995461491,0.3316294087762432
357,16.13125,0.08634173448249646,0.39092806338610425
358,178.83482142857144,0.3454058717292658,0.6645114681056101
359,-11.816964285714285,0.24693320434150606,0.5843644398290307
360,171.50089285714284,0.020592781467247936,0.2382045204675808
361,-757.2580357142856,0.02195283954616806,0.24158128810580906
362,8.985714285714284,0.15951703902019423,0.4924671997983692
363,-13.544642857142854,0.1250826286342943,0.45031355562676517
366,134.59553571428572,0.05881732203248121,0.34019109599831376
367,-241.99285714285716,0.004798358432254462,0.16997001039451554
369,11.869642857142864,0.6176606038932095,0.8384585127457664
372,245.7116071428572,0.0905739174031898,0.3978089150479486
373,-20.70714285714287,0.21775402917692685,0.5567834983514228
374,-5.330357142857142,0.42347809111994456,0.7217251529560478
375,1.6375000000000028,0.9236988627250813,0.9731581641821694
377,267.1517857142858,0.0885972254625293,0.394997003530395
378,1700.9821428571422,0.0346923295441884,0.27973357413000277
379,-12.975892857142838,0.5559697210624072,0.8046600973896051
381,2.862499999999997,0.7680607030851868,0.9102583036503114
382,840.9375,0.042411789200776644,0.29825959882084746
383,13.217857142857143,0.6158249127042444,0.8374051465232777
384,1.807142857142857,0.8859994924825442,0.9583370707344129
387,882.3419642857143,0.013273269706664894,0.21238396874799623
388,35.191964285714334,0.6422166494276429,0.8511051800333619
389,95.92321428571428,0.018974404509849618,0.2341143615618767
390,-78.23750000000018,0.722115880020309,0.8904113389424451
391,88.18928571428573,0.0030915016010537996,0.15203924887737885
392,-11.303571428571438,0.2841236459804022,0.6175741568112942
393,18.886607142857148,0.06898913808676063,0.3602443627950306
394,16.208928571428572,0.007887563265459025,0.18798333344091506
395,-173.85982142857142,0.030272597770552877,0.26605919998472566
396,38.75714285714285,0.04315390243742115,0.30035998075300735
397,633.7705357142856,0.08760152922973258,0.3925269308831035
398,-6.546428571428571,0.3194044890058457,0.6455030840687002
399,42.05357142857144,0.1140110970634697,0.43488470321247247
400,110.86160714285717,0.10276951264674976,0.41687115666017766
401,-4.880357142857141,0.3740402346095103,0.686839624761544
402,-19.643749999999983,0.4475101788863222,0.7381727771683434
403,169.79999999999995,0.06589441213194894,0.3546040337907784
405,-41.428571428571416,0.08998620553459417,0.39706278549869634
406,36.19107142857143,0.26420900042775486,0.6003502243532332
407,-1.3669642857142854,0.805585568813942,0.9269818348337292
408,39.64553571428567,0.2294143746312066,0.5674572442008344
409,35.283928571428575,0.017971953488800457,0.23028412759518527
410,9.544642857142856,0.28594296680295467,0.6192705150642467
411,61.390178571428564,0.05777155535579277,0.33753577570826776
412,-43.329464285714266,0.16318937950373905,0.49790063194011897
414,24.608928571428564,0.11123751742041531,0.4309744377098361
415,-1.6374999999999993,0.8173154446447722,0.9317109781900864
416,-4.136607142857139,0.29622943651001016,0.6273519169998375
417,-17.05178571428571,0.06267901746017673,0.34799272797666797
419,-635.98125,0.018875938877831615,0.23381616979893685
420,-7.155357142857147,0.06859194059280475,0.3595589572218856
421,-26.062499999999993,0.20320094603630157,0.5408173939801776
427,-263.8428571428567,0.7451725838721948,0.8999450217178886
429,-12.243750000000006,0.3384456871186051,0.6597916973261689
430,14.551785714285717,0.018133595479391605,0.23093986722588036
432,10.875892857142857,0.10350430676480153,0.41801275329317106
433,-0.18571428571428328,0.9861481291750309,0.9952496347511733
434,0.555357142857142,0.8581759542834568,0.9482440159601979
435,32.31071428571428,0.013863446513552471,0.21508841205530554
438,-2.498214285714285,0.3616660883041829,0.6772118354571046
439,19.53035714285717,0.35385919932536253,0.670941903225815
440,97.77053571428571,0.17848089737988693,0.5174075297625568
443,-143.88035714285712,0.011589245917054188,0.2066643213509123
444,-314.11250000000007,0.011131394509144165,0.2041475438128554
445,76.6142857142857,0.14380913048306923,0.4736725057311345
460,-3.2562500000000005,0.2828959308779831,0.6163758277179296
462,-9.989285714285714,0.21997664254066396,0.5587242446587808
463,69.8339285714286,0.18540190703969428,0.524352435165308
466,-110.43392857142862,0.32354414629405753,0.6487613671701176
467,17.354464285714286,0.4276673100072145,0.7245388719884416
468,-196.75178571428546,0.6033788810004886,0.8311223721739781
471,31.153571428571354,0.6012344690676166,0.8300582962945454
472,72.97767857142857,0.13078540877541883,0.45779496712501355
473,-45.7401785714286,0.28228103402007815,0.6158915430641281
474,1.59375,0.7444838165195655,0.8995304560828986
475,95.13125000000002,0.010392034567324513,0.19919918727710903
476,191.7946428571429,0.006531666815377664,0.18109948666886078
477,-1810.4062500000002,0.00609167606546785,0.17879430951723688
479,-7.18035714285714,0.2769510980845705,0.6115630568567808
480,0.96875,0.7097162943595277,0.884702771334544
481,-1115.1767857142856,0.06891364032459764,0.3601569044357763
482,-13.024999999999991,0.2629510808492649,0.5991668809165116
483,885.9491071428577,0.051041685015416075,0.3198514760135099
486,-11.791964285714286,0.14524721976849944,0.475788852725583
487,-712.7071428571429,0.025579460293504042,0.25238923537661384
488,-3026.8741071428576,0.011302381161796151,0.2052660097953276
489,20.38839285714286,0.26025464156252154,0.5967215687088344
490,151.19642857142856,0.0422083191295162,0.29813177660830187
491,-120.89999999999999,0.015583147654784977,0.22019860356290608
492,-18.32857142857143,0.00048559913251519144,0.10314295414722625
493,71.37767857142853,0.32604692162522003,0.6504583235738709
495,-6.660714285714288,0.29298343261713505,0.6252494305099471
496,-2.162500000000001,0.003587282569630806,0.15830078651700105
498,-1642.3500000000004,0.04523014667390584,0.3051288957503173
501,-18.155357142857156,0.11285477376838021,0.43297113482143534
506,-1053.8955357142859,0.054456934110699004,0.3278028044151126
509,-1513.5562499999996,0.019434946377591397,0.2355930393758712
513,-82.63928571428573,0.06700395387651147,0.356608700301593
514,902.5035714285716,0.01012998720073043,0.19882419542709448
515,-628.7919642857141,0.1614420021183108,0.49503221575477735
516,-333.34732142857126,0.06214440112184277,0.34684664563315715
517,-125.64017857142869,0.49884423022934626,0.7697207709883856
518,-242.0571428571426,0.39816295086072,0.7045228542447152
520,-1.9633928571428605,0.7972846786925912,0.9239606563835059
521,-302.1642857142858,0.3191371204372999,0.645248948299289
522,-702.4232142857147,0.165712126058354,0.5008224350795585
523,632.1919642857144,0.019806683616242018,0.2365299129704636
525,6.149107142857143,0.15180496886232478,0.48338783616181646
526,141.92142857142852,0.037474589366004694,0.2864424959578228
527,37.90625,0.5176924169964453,0.781923061390664
528,81.98660714285714,0.005993886913584116,0.17810639510881063
529,115.95892857142871,0.32862210366270644,0.6527446101195911
533,170.56785714285718,0.02639587620552454,0.25476132155130066
534,-6.513392857142854,0.17412006196678387,0.5122142681606536
535,2.0375000000000005,0.5240254806504537,0.7855586864926888
537,164.4035714285714,0.014450995574845058,0.21716162281049847
538,39.81517857142862,0.03615736095169154,0.2829060871467999
539,-685.7991071428569,0.14040516897927474,0.4698174874825738
540,-4.677678571428579,0.5300689403042855,0.7889347845688529
545,121.62589285714296,0.12935733773506417,0.4558286106270207
546,-122.94375000000002,0.0892315962724598,0.3957576339612858
547,-5.1517857142857135,0.03101469257307244,0.2687269311065402
549,-51.480357142857144,0.2859768748538331,0.6192705150642467
550,92.23303571428573,0.02491991617030856,0.25032085552298744
551,0.4919642857142854,0.8736027149064212,0.954036106092045
552,-91.36874999999998,0.03976411748576964,0.292769071308168
553,-19.262500000000003,0.1936053341214858,0.5324901475472729
554,-4.932142857142856,0.2621699279132896,0.5984132152949196
558,-531.0017857142856,0.16162836210117834,0.4952509221004903
563,-12.248214285714285,0.04005906458548365,0.29367358863830406
566,1.8946428571428569,0.4392058998109704,0.7323000296464017
567,1744.2205357142857,0.1481673597439702,0.47918463188851823
570,-12.59017857142857,0.25529841174439916,0.5925869961348923
571,190.1651785714285,0.0038541099245891896,0.16171055949029417
572,26.76517857142857,0.04728673754518333,0.3096584332211679
573,-94.97589285714287,0.3286848824907545,0.6527446101195911
574,-20.77232142857143,0.08163296416127683,0.3826065321313655
575,5.079464285714284,0.6065205994630584,0.8323863239718439
576,6.9232142857142875,0.3438290009957162,0.6634944849142101
577,-2.4285714285714306,0.9512948174247845,0.9832722870208911
578,15.526785714285719,0.18338258931628337,0.5221702973714529
579,16.56785714285715,0.7060258902020001,0.8829155410395896
580,-34.9607142857143,0.031208189401906786,0.26886198072317047
581,35.199107142857144,0.0025978072936980877,0.14867468905820463
582,-9.958928571428572,0.7038752776650804,0.88181162067443
583,-148.42232142857148,0.020755716188364883,0.23870819995768824
585,26.643749999999997,0.08953262709935174,0.3962408621470554
586,860.5669642857129,0.4735044766510361,0.7546291731511324
587,-11.460714285714289,0.3521844675554636,0.669986165753214
590,-26.475,0.0013403920578348677,0.1254896160310298
593,-18.166964285714272,0.4875906706179601,0.7629065644233822
594,-24.383035714285718,0.14936159566445667,0.48026024717443944
595,253.82321428571427,0.22974860241382844,0.5676957065700855
596,-167.93035714285713,0.05148470583510926,0.32046064338964014
597,79.89375,0.06856853458077534,0.3594769036536477
598,43.1544642857143,0.10036671758683095,0.41339828566980713
599,31.2089285714286,0.3096746666690962,0.6381212211967345
604,-1228.6473214285716,0.006407168537839186,0.18069057216695386
605,-13.934821428571432,0.14640420737252613,0.4766073057251301
606,-9.728571428571428,0.008756972833468426,0.1922069408550326
607,-29.377678571428582,0.020817766825406744,0.23889916147861728
608,207.62767857142856,0.1690990163754448,0.5056004990593899
610,-13.363392857142856,0.09632494945846287,0.40693606951332545
611,-1.3008928571428573,0.6227638920781315,0.841791287778977
613,-10.979464285714286,0.09797898351683675,0.40991084483162293
617,2.5473214285714363,0.9048399875158808,0.9655128633837022
622,-14.252678571428572,0.12414490428681542,0.4486916751185428
623,21.004464285714285,0.3704435945935003,0.6842159554416343
624,-65.56428571428575,0.1592727017465837,0.49215289595008704
627,-29.876785714285717,0.08932628862421348,0.39589637601246835
629,444.1249999999999,0.041752264288600044,0.29743981205417847
631,3.7848214285714334,0.7591102421959758,0.9063085605745441
633,1144.4196428571427,0.008348961803769086,0.1902441948888578
634,-13.864285714285717,0.07692446673449913,0.3744172024017035
635,-9.014285714285712,0.07124775475221634,0.36413077127289484
636,114.18660714285716,0.16795456936443837,0.5043304627129687
637,85.13392857142858,0.002594451444294763,0.14867468905820463
638,3.3169642857142865,0.6726617056568291,0.866399179174707
639,309.15803571428575,0.1546790927332016,0.48718970271140666
640,7.391071428571427,0.18997228931943386,0.528884959926754
641,52.7625,0.002683956104416419,0.14941295548130165
642,-3.009821428571442,0.8074717765979417,0.9278292628106131
643,2.016964285714285,0.5196627236734269,0.7828321332626311
644,59.108035714285734,0.6108859470540264,0.8347154913670217
645,74.82053571428568,0.25208072843576007,0.5894497402799239
646,6.765178571428569,0.15494677352713754,0.48737784210272517
649,83.61696428571429,0.003071157028377064,0.15203924887737885
650,23.958928571428572,0.6348986365709945,0.847756440142602
651,-4.867857142857144,0.38893700068399273,0.6976086078466193
652,-7.772321428571427,0.3652368091195222,0.6796914249351704
653,-135.21249999999998,0.004592161924626642,0.16848770209469197
654,-22.47142857142859,0.26813522665214506,0.6038012157004131
655,-19.338392857142864,0.1776334485619668,0.5162452543559453
656,-37.94196428571426,0.18222105041974523,0.5213405599197964
657,-249.36785714285708,0.0010552053584594139,0.12354037039350847
658,-21.569642857142853,0.12380872828810521,0.4480274870837168
659,50.1857142857143,0.046976288237418014,0.3085694609304212
660,-7.315178571428568,0.44535363067285677,0.7367982860396527
661,-5.366071428571427,0.5163838614917963,0.7811118447105813
662,13.1375,0.1483309856362707,0.4793609120278119
663,-137.6973214285714,0.07009768465549418,0.3620326064987332
664,-536.1794642857142,0.20656071512805768,0.5442488120874441
665,328.96964285714284,0.295634484524921,0.6270710179053622
666,-46.434821428571425,1.6080935497310414e-05,0.030444753842458958
667,-828.2312499999998,0.004338919990905194,0.16576162857571458
668,4.64821428571428,0.40189298901298126,0.7070478309724118
669,14.87142857142858,0.6059662429273623,0.8321705054141496
670,-18.97142857142856,0.04138415681656554,0.2967797357792969
672,9.967857142857156,0.28438464822126064,0.6177738975793579
673,-17.26071428571428,0.037611558073586376,0.2868478082959039
675,8.701785714285712,0.04153671996147687,0.2970961539780007
676,1.0446428571428577,0.7398983019141022,0.898109163000618
677,830.7535714285711,0.05420002943430897,0.3269865426952706
678,-222.4133928571432,0.710970372603261,0.8852722642241698
680,-19.346428571428575,0.12459183086687245,0.4496140992715757
682,88.2776785714286,0.0048851290739902195,0.16997001039451554
683,9.13035714285715,0.41869079487936545,0.7191506764838027
684,76.34553571428575,0.2730527386175738,0.6077943812465328
685,-134.2348214285714,0.3036953612510179,0.6332294972313097
686,22.158035714285717,0.2765609252846661,0.6111497282700684
687,-237.3,0.04841506829121523,0.31312955818933846
688,-57.10803571428571,0.0395432844178124,0.2916930754916207
689,-615.28125,0.12587501982193258,0.45162735282722055
690,-0.39910714285714377,0.9187237990428174,0.9713078371897876
694,804.257142857143,0.07165946381936986,0.3647819370814553
695,52.81785714285714,0.010034676840703987,0.19823530370704823
696,4.260714285714284,0.30957203913806564,0.6381212211967345
699,27.481249999999996,0.00045093938448991346,0.10137787935370757
701,42.60178571428571,0.025248964400098856,0.2512663758036146
705,5.669642857142854,0.5260978408625373,0.7868585033690564
706,257.9303571428572,0.012752772779122961,0.21058829710013527
708,-46.58660714285725,0.44466252929325967,0.7363595029612165
710,458.4303571428575,0.21624496919015562,0.5552572729425244
711,-30.333035714285714,0.0009187758153063844,0.11859210302321158
712,271.4392857142858,0.08643358006456475,0.39117652643272666
713,739.9830357142857,0.00850683048277003,0.19074068353740092
714,99.28660714285715,0.19865869678976109,0.5369797573447489
715,661.0937499999999,0.005869244986275925,0.1778115939156476
716,1367.4187499999994,0.027936800150823175,0.2581450985712789
717,234.39017857142858,0.011122361859532021,0.2041475438128554
718,-44.84821428571422,0.8990832074500793,0.9631666000820925
719,452.044642857143,0.07144106545743062,0.36447142426845375
722,4.57232142857143,0.2599329216130215,0.5964204429577301
725,0.4303571428571473,0.9537727244109078,0.9841896852896896
726,-8.501785714285713,0.3294637583440865,0.6533313234659518
727,-2.5794642857142804,0.8025211533244653,0.9257688038582459
728,127.74375000000002,0.05160037408663977,0.32073592001892093
729,-258.39285714285717,0.010722725443036416,0.20124371728636564
730,-16.10982142857148,0.967944454847113,0.988630196872203
731,-10.567857142857147,0.07800342433248847,0.3764438475482971
732,-0.19464285714285623,0.9811565552061853,0.9937154463525892
733,-0.3357142857142863,0.8490967534163253,0.9448904928363447
734,-17.331249999999997,0.14259404742192885,0.47219949358412033
735,-4.202678571428572,0.13579903124046575,0.463789870265005
738,48.76071428571424,0.576184072617347,0.8154181335184928
740,105.54910714285717,0.022246157590290798,0.2426291168780445
741,14.066964285714288,0.09592045314582047,0.40638479248863774
744,-110.86250000000001,0.01210860373012626,0.20831903994482484
745,4.607142857142859,0.34853359517182886,0.6671360564353642
746,1041.7151785714284,0.027218401108330615,0.25702448261428906
747,-1.1732142857142875,0.8239594138785932,0.9347479147250005
750,6.850892857142858,0.04374099889040538,0.3016466109509968
752,-8.551785714285714,0.24068886019469293,0.577472602448905
753,-84.84285714285716,0.40986165342700437,0.7131459727308489
754,654.679464285714,0.1964741837508109,0.5350487564439893
755,-25.73035714285716,0.08321663663606964,0.38503500200003177
757,-198.37767857142853,0.07085097309722989,0.3633223412428283
758,-14.958035714285717,0.027345608686864774,0.25715973243274204
759,4.297321428571429,0.8059941353566736,0.9271545671300044
760,-14.139285714285705,0.9039039514816318,0.9653660301452948
761,-2478.0999999999995,0.005669392918992216,0.17598813874566982
762,-17.761607142857144,0.02347013656352955,0.2461590247490737
763,-14.130357142857143,0.0013039575851346076,0.12532423491627354
765,-6.382142857142856,0.44911662678938624,0.7388436735607495
766,-6.910714285714288,0.42236134137341674,0.7211932023607608
767,-2.705357142857144,0.4342533064346538,0.7290901317890823
768,40.6892857142857,0.3419183914951706,0.6621467097013584
770,4.9714285714285715,0.5237206344390735,0.7853654878759282
771,516.7428571428572,0.06387245101806206,0.3504843696720738
774,-1.7107142857142854,0.7066060898810946,0.8831970364229442
775,-10.105357142857152,0.40244545918641045,0.7076422380059237
776,-23.694642857142853,0.010988924566686348,0.20304029267467807
777,-13.525892857142853,0.01180961442172895,0.20706627471402037
778,0.10714285714285765,0.8978583045607881,0.962858991092521
779,-222.25267857142862,0.01948320378147503,0.23582399885542257
781,-1220.6625000000004,0.00978133621588174,0.1979263415238281
782,-230.80535714285713,0.02268593042292679,0.2438759822794971
783,-6.335714285714285,0.29918714552975656,0.6297275468731447
784,-20.09017857142858,0.06689421293238963,0.3564248408226574
785,-2.297321428571429,0.7092073712075476,0.884501946529124
786,-89.03928571428571,0.02177335941176144,0.24158128810580906
788,-44.96964285714286,0.00039381974790871587,0.09656838991718651
790,26.75,0.07790999780073177,0.37633956174099026
793,-6.35267857142857,0.08693969632381238,0.39170587969769544
794,-16.28839285714286,0.067949709069669,0.3581370321568951
795,-0.2973214285714274,0.9193668940885719,0.9715751770356355
796,-5.378571428571428,0.26906461092047196,0.6043757158082168
797,1.060714285714285,0.816506162772096,0.9312932753997903
799,-15.63035714285714,0.1383948859162647,0.46716925279198446
800,-823.5401785714284,0.31835754874905364,0.6446979139173491
801,-17.026785714285708,0.4643968072250919,0.7490029938294828
808,-2135.705357142857,0.1871515236787499,0.5261528916348444
810,5.421428571428571,0.16724418099882452,0.5032789694595592
811,242.0589285714285,0.08927434730129442,0.39586982471194426
813,238.63392857142856,0.007879098438450855,0.18798333344091506
814,6.69464285714286,0.3959454466858526,0.7028902658381438
815,-15.600892857142854,0.02107082697564823,0.23948214269929366
816,-32.226785714285725,0.0006831726817364235,0.11428329961427276
817,-426.73124999999993,0.10100546619094881,0.4142873068553131
818,-73.62410714285716,0.04912415141689189,0.3152730127679657
819,115.64553571428576,0.10209414376877382,0.4161011785730681
820,1.1330357142857128,0.6439690201616535,0.8520220946340347
821,1128.8258928571431,0.001079287890185128,0.1240993704425147
822,230.81607142857143,0.002892699695759841,0.1515798484623921
823,28.094642857142873,0.2880508829396756,0.621416588728171
824,-234.78571428571286,0.7368386580886959,0.8967136383688973
825,-1454.9660714285715,0.017230834372624113,0.22777000205133754
826,133.12142857142862,0.05717139880428706,0.33602641545696155
827,-18.662499999999998,0.0012571969189803587,0.12532423491627354
828,27.843750000000004,0.07545992247341142,0.3721654604564413
829,967.4999999999995,0.0028234339435444806,0.1514456901580904
830,288.58482142857156,0.3495108811791121,0.6678474208274329
831,-639.7624999999998,0.06454106825398097,0.351599821058361
832,369.08125000000007,0.0030185734978808863,0.1515798484623921
833,304.62589285714284,0.12036667697649074,0.4427215812935578
834,70.58571428571432,0.12519947669451242,0.4504956491130284
835,46.116071428571445,0.2594428633878289,0.5962072168026171
836,42.738392857142884,0.3410040477036938,0.6614345392161516
837,47.48214285714286,0.12398519425470077,0.44830966839995795
838,4.149107142857144,0.5054751025981475,0.7743841134237086
839,41.65178571428572,0.13359938209373118,0.4607093166808422
840,9.879464285714306,0.8331421767918954,0.9389238726621212
841,219.10714285714286,0.008738320257558269,0.19200898708156414
842,-37.97142857142859,0.14550261351762922,0.47597903385085427
843,-13.366964285714284,0.023627160171640967,0.2464058103150944
844,-971.5348214285715,0.02412823027683332,0.2477526110470337
845,-1040.1535714285712,0.029275595217055056,0.2626024717437771
846,-9.791964285714283,0.03364539044794844,0.2764179898935509
847,-551.0455357142857,0.04241914294340942,0.29825959882084746
856,1.6910714285714286,0.49495661755950154,0.7671571659303712
857,-1583.9767857142851,0.07987187116843598,0.37934282106794975
858,-317.99464285714294,0.032516632254488816,0.27363888521247254
859,-302.86696428571423,0.012954779268688953,0.21137711545547824
860,118.53392857142852,0.019201151614913474,0.23476880638961628
862,-58.27499999999998,0.7970046697765407,0.9238157982853408
863,4.6107142857142875,0.72560334201295,0.8919747897690501
864,33.400892857142864,0.024559486223453185,0.248618757501815
865,367.88392857142856,0.013618767649497836,0.21361457352179491
866,-1.4669642857142886,0.7001097575992362,0.8796217799190716
867,111.81428571428572,0.014657253821925792,0.21752154060372378
868,249.00535714285706,0.032144501467374555,0.2719491206081117
869,-1.7214285714285733,0.7363842545152681,0.8965198315620986
871,187.1330357142857,0.07438551714411445,0.370041629910268
873,12.166964285714286,0.13027642749424545,0.45700395696444696
874,62.83571428571426,0.3177318890926314,0.644194415955335
875,6.534821428571419,0.5892723269231259,0.823330332110958
881,1.8392857142857149,0.2986692681444993,0.629182037085525
883,-13.360714285714288,0.181145193654687,0.520529429919063
885,-5.41875,0.06251634868877727,0.3476440909219459
886,-4.566964285714285,0.4185657318619504,0.7191498175913119
887,-11.696428571428573,0.024955946006151305,0.25045270702759226
889,23.08035714285711,0.4728935591007604,0.7542656727704462
890,36.89732142857143,0.03885777386706809,0.28996161951439164
891,55.68660714285715,0.06765954804466982,0.35765933753840085
892,304.13571428571424,0.10769026723597502,0.42560100926650973
894,157.18124999999998,0.0747942756865526,0.37069371128064343
896,96.01696428571428,0.019895988516850562,0.23677050175075656
898,10.059821428571425,0.3089942146129694,0.6377598597192942
899,-15.715178571428574,0.09996793214881836,0.4127895695367906
900,-596.1955357142858,0.05509872369330755,0.32957431468903836
901,573.3107142857145,0.23477312625307553,0.5720650625317268
902,-35.83303571428564,0.43162316919285937,0.7271420806020755
904,39.01517857142852,0.13447615209310193,0.46179976063018774
905,-52.110714285714295,0.013144921932635657,0.21138194313731015
908,292.7125,0.025293236701863706,0.2514236022323597
909,-11.47767857142857,0.14692451285957323,0.4772798847719782
910,-4.808928571428574,0.5954520655656922,0.8268832477807945
911,-14.738392857142852,0.3078340008182941,0.6368151383026852
912,8.983035714285712,0.2867690089545608,0.6202419227260023
913,-14.869642857142857,0.01479294338909692,0.21759595905269685
914,129.61607142857142,0.04786393898580983,0.3110825117544353
915,121.14464285714283,0.06907001407826262,0.36036180544636803
916,5.03303571428571,0.5437686003978638,0.7971517387052182
917,25.716071428571436,0.07687980304342407,0.3744172024017035
919,24.728571428571424,0.04689424943291431,0.3083515439259879
920,33.62410714285714,0.06758579998750672,0.3575129270817463
921,9.38839285714286,0.07702877399610178,0.3746929019783688
922,-4.725892857142856,0.39648774923424895,0.7033772879293597
923,36.015178571428564,0.06497342584681176,0.3525277422024842
924,-8.020535714285714,0.07844446413546546,0.3773322299484562
925,39.18839285714286,0.15128389386716204,0.4826659798790386
926,-0.16517857142857117,0.7964065487678103,0.9236086128726275
928,537.5999999999999,0.33777141651770737,0.6593867695854444
929,1133.844642857143,0.05059017388211258,0.3189101006962163
930,7.466964285714287,0.3646788500329557,0.679382746099054
931,170.59464285714287,0.17678524458654707,0.5150936982557666
932,-6.362499999999996,0.02675859274154567,0.25563970961803417
933,-27.00178571428571,0.012162657495541507,0.20849517196955838
939,82.8875,0.08182095048532788,0.38262403352194096
940,88.13482142857141,0.07005512670716273,0.3620326064987332
941,-8.631250000000001,0.4059148116398813,0.7101885544451363
942,78.11874999999999,0.07918622156859847,0.37861886001426515
943,0.850000000000005,0.8905243104556981,0.9598548382680749
944,83.06339285714284,0.00886138028179318,0.1926440571942247
945,16.27589285714286,0.14593318471620617,0.47630213698010826
946,-25.215178571428567,0.07589360581652285,0.3725184395384134
947,-34.425892857142856,0.05864778943826955,0.33996950536212783
948,-1338.2526785714285,0.0026657702992707597,0.1491821812821175
949,7.191071428571419,0.6573159127612509,0.8590587057194791
950,-40.83124999999973,0.8148032977327079,0.9308656923301392
951,10.90982142857143,0.04946361126152434,0.31615488730354835
952,70.03392857142859,0.23431372186099142,0.5716381914208747
953,70.44732142857146,0.3877320134238212,0.6968164820677587
954,-2.4392857142857136,0.04750607453576928,0.30998861740579847
955,47.17500000000001,0.4654660876261867,0.749590832109857
956,-54.058035714285694,0.00494801670992973,0.1699882833012791
957,-28.143749999999997,0.07875689438647096,0.3779086708194701
958,36.57857142857144,0.03310673688169669,0.27511029292877687
959,-10.540178571428573,0.18475919762347887,0.523784565491222
960,943.3642857142868,0.11453033703487348,0.43570504066975635
961,1351.7401785714285,0.00017241967820635123,0.08218894428282343
962,92.86160714285711,0.03479102690459184,0.27973357413000277
963,928.1348214285713,0.0197142026946119,0.23641453220133712
965,229.06696428571428,0.04144687938002542,0.29680164019333494
966,309.7410714285713,0.15733562716875701,0.49010513989584037
967,1160.9464285714284,0.03131261685424194,0.2693493278520601
969,117.37142857142855,0.20561606101278904,0.5429104338028964
970,1.8508928571428562,0.8846548272142827,0.9578300661004575
971,10.680357142857142,0.1729977100657331,0.5102274624888061
972,996.1830357142857,0.007005160827222894,0.18308182037686987
973,46.26696428571429,0.3163727570347831,0.643407016210503
974,21.34732142857142,0.27642171928104353,0.6110357201298235
975,981.9714285714285,0.01537468636281744,0.21981380814831367
976,62.22232142857143,0.21548418022051222,0.5545586045449049
977,39.66875000000002,0.14168344188514748,0.4712008628388344
978,7.899999999999999,0.2596319130240331,0.5963312178105332
983,101.4517857142857,0.03372676800327172,0.27662931901873405
987,46.75803571428574,0.34131502592147117,0.6617282735454925
988,60.92142857142858,0.41787934674007277,0.718863498095309
989,169.658928571429,0.5962493245834904,0.8274934465834689
990,6.449999999999999,0.31107384864442317,0.6392385817392869
991,33.21875,0.003433145825297249,0.1563368904093874
993,3.6437500000000007,0.44418588141455434,0.736136008800605
994,62.82321428571427,0.03776838823646107,0.28720878088470797
995,-4.286607142857144,0.10254454612684889,0.4165249864253265
996,78.21428571428578,0.050066140614743515,0.3177454349782472
997,18.420535714285712,0.3035607603877246,0.6331719884325295
998,264.8732142857142,0.008165473417173504,0.18959771020517288
999,7.4830357142857125,0.2278373029694113,0.5660730955127039
1000,-13.648214285714289,0.11670947721909543,0.4393177739727395
1001,4.413392857142858,0.23131476001325937,0.5691935467560517
1002,-13.001785714285715,0.01711363005408166,0.22713940417008013
1003,-49.923214285714295,0.12245319731963918,0.44590084072400066
1004,-57.49821428571427,0.026822038647221116,0.25588814570525464
1005,-13.045535714285712,0.08705513546210786,0.39179477171229243
1006,-7.404464285714287,0.1264693594232819,0.45195916229294497
1007,-3.9866071428571423,0.10819987018600143,0.4264581821236756
1008,-1.1276785714285715,0.8646131423650169,0.950643572193887
1009,743.4437499999998,0.03465166369028696,0.279703057053383
1010,-4.435714285714285,0.23041805649182912,0.5684571856642342
1012,17.06250000000003,0.7898428908005267,0.9209219383153173
1013,-5.975,0.0436836429555692,0.30160799657356135
1014,-0.21874999999999978,0.6506565819456448,0.8554160307434637
1015,-14.31428571428571,0.04427901119083901,0.30287408662826065
1016,-3.192857142857143,0.625749418655164,0.8430755640563586
1017,3.02500000000002,0.7084016842818626,0.8839954809798767
1019,69.61517857142859,0.019461541757067977,0.23572909713629342
1020,29.491964285714285,0.017424767677298437,0.22841025479652172
1021,298.85446428571436,0.08005698415939043,0.3795954911902412
1022,38.39285714285714,0.42320122488734846,0.7215947880547782
1024,-13.04642857142857,0.014969917103197568,0.21837785955638395
1025,6.696428571428573,0.1373662834646894,0.46583015610767625
1026,236.2955357142857,0.008774140774864086,0.1924150084205413
1027,-30.683035714285552,0.9023282697134078,0.9645401784945895
1028,-158.39375,0.39782044979764797,0.7042751292800934
1029,11.83035714285716,0.3943790936352829,0.7017729917499542
1030,-3.03125,0.8736608284355177,0.954036106092045
1031,71.5642857142858,0.4915602319875814,0.7651763945997327
1032,-12.358928571428573,0.0017637446264555875,0.13393435757147118
1033,36.63571428571429,0.18092890133391376,0.5203180980660497
1036,259.0839285714285,0.5709722955331099,0.8127659914585276
1038,2.9875000000000016,0.39773230318369684,0.7042070315303628
1040,-11.024107142857142,0.1823998245924563,0.5214850330466533
1041,2.1357142857142852,0.23740571005152536,0.574343238808281
1043,185.12142857142857,0.035620678454024175,0.2816791796139932
1044,-1.278571428571425,0.8686842356937848,0.9521775037722352
1045,-3.1767857142857157,0.34801262503051816,0.6667691163592382
1046,-5.146428571428572,0.08693861174087274,0.39170587969769544
1047,-8.68035714285714,0.23583042901062784,0.5728265752286785
1048,-9.058035714285715,0.18288356229685604,0.5218589743534896
1050,10.86339285714287,0.4989036767597355,0.7697207709883856
1051,1064.6642857142858,0.13871702680226353,0.4674634385063457
1052,329.1785714285715,0.1761231228537075,0.5146075211804145
1053,7.666964285714284,0.14430401909232868,0.47420496717592686
1054,-179.68303571428567,0.005115778543821111,0.17170361687134392
1056,-5.125,0.2102383398721791,0.5484709095805769
1057,0.592857142857143,0.7255932411061209,0.8919747897690501
1058,-10.024999999999999,0.33600726331716146,0.6582785589899127
1059,10.431249999999999,0.07038129516164213,0.362404876637167
1060,17.503571428571433,0.5790629650450734,0.8167440824950827
1062,0.22589285714285623,0.9790977649713039,0.9929285842475727
1063,42.754464285714285,0.16888898626750767,0.505438048558439
1068,-14.66517857142857,0.05017920792089872,0.3180619201773051
1069,70.02321428571429,0.5046319938016827,0.7738907848397565
1070,31.94285714285718,0.7725715347315334,0.9121018475404674
1071,-2.863392857142858,0.11703005499722721,0.43941085456488543
1072,2637.528571428571,0.057340091759355304,0.336236541928652
1073,-1682.7839285714288,0.01427650835692758,0.21676425837684404
1075,568.3705357142858,0.07078232716126104,0.363147859047151
1080,-5.058928571428572,0.07010198493739907,0.3620326064987332
1081,-10.563392857142858,0.029614726654447015,0.26366277440929675
1084,-9.73303571428572,0.3093703229131182,0.6380303423211021
1087,2.8687499999999995,0.03812166565181106,0.2878870261757969
1088,4.758035714285715,0.1657409027000004,0.5008225851178579
1089,-11.251785714285717,0.2364147772403835,0.5734169365770564
1101,-3.523214285714282,0.6839583771039556,0.8719303111619325
1102,147.6348214285715,0.4208410279726601,0.7202617919115128
1103,0.9714285714285706,0.7358031125259595,0.8962627803390412
1104,12.967857142857149,0.26992615755046523,0.6051714557498611
1105,86.25535714285712,0.04467670453491889,0.3038688511281042
1106,50.98571428571432,0.5257090458359934,0.7865821279073627
1107,33.78303571428571,0.013048472286348162,0.21137711545547824
1108,62.52946428571428,0.0006558233459363803,0.11428329961427276
1109,-7.513392857142856,0.02936795430371926,0.26292045672093695
1111,29.033035714285717,0.016669212017711894,0.22475972927854593
1112,-439.0678571428573,0.0008444637118546723,0.1180986166525225
1113,-11.966071428571428,0.08363011950611558,0.3859345180708759
1114,-2.173214285714284,0.8929337154081408,0.9609138679697699
1116,1007.1821428571427,0.060667545605241555,0.3439536858275777
1117,1441.1169642857144,0.07974628094433073,0.37926354028957737
1118,7.550892857142856,0.23787399910045023,0.574789450692408
1119,-4.054464285714289,0.6816609295847554,0.8706557988210308
1120,12.259821428571428,0.737529387517383,0.8969552964502283
1121,-38.57053571428571,0.6238649106685694,0.8421872143357712
1122,-18.404464285714283,0.4288223907981103,0.7252072004002168
1123,209.78125,0.09948483756212682,0.41198964572065416
1124,7.274107142857142,0.07156548001763724,0.36471021687789607
1128,-2.2714285714285705,0.43425454277883246,0.7290901317890823
1129,-7.782142857142858,0.14220785148831463,0.47179706482317874
1130,25.06785714285715,0.7727541787028983,0.9122185492263842
1131,-15.688392857142851,0.1372565785924164,0.4657368999538674
1132,-2.715178571428572,0.11864943395166701,0.44094903946475433
1133,-14.94375,0.012052821019324096,0.20804485924341667
1134,-71.51428571428569,0.02746026692021763,0.25715973243274204
1135,-26.88035714285715,0.05050366048618359,0.3188737808362268
1136,-8.332142857142859,0.3996795989325215,0.7056448045502518
1137,-10.469642857142855,0.034768692388920795,0.27973357413000277
1138,-2.5,0.5813103498843275,0.8178819144816898
1140,-6.542857142857148,0.21623023066427283,0.5552572729425244
1141,17.183928571428574,0.08946306838463855,0.3961604652085618
1142,-12.709821428571432,0.0105564324418619,0.200354403798481
1143,-1.1133928571428555,0.8346031366682524,0.9396784201062208
1144,-18.310714285714283,0.0597414102879543,0.342012406308198
1145,-5.249107142857143,0.15020667097141116,0.48143225202436063
1146,1.4250000000000007,0.8774275972868415,0.955386939079996
1147,56.48392857142855,0.1174497244693772,0.43979993031693293
1149,-17.013392857142854,0.04786432613864077,0.3110825117544353
1152,-16.80357142857143,0.45940478134443435,0.7456729267902842
1153,-219.81607142857138,0.7111094621242299,0.8852982254485615
1154,-17.583928571428572,0.2007943730315344,0.5388186849545494
1155,149.5437499999999,0.02414879450604769,0.2477526110470337
1158,-4170.890178571428,0.009313780104551856,0.195072159723324
1160,-1528.282142857143,0.01996351294291985,0.23696562421687223
1161,-5.739285714285714,0.31432347096421287,0.6416750308791762
1163,-19.00803571428571,0.7430156022248376,0.8991198429538776
1164,259.7455357142857,0.04494214213600958,0.304419953119964
1173,84.75357142857143,0.2887553134994037,0.6220526700386091
1174,28.422321428571415,0.02769793010259203,0.25762095162495996
1175,149.75446428571428,0.09667509071165885,0.40767638791141503
1176,772.4553571428573,0.08250495654329586,0.3835263559189519
1178,5.946428571428575,0.7014449195414106,0.880267650016678
1179,-10.080357142857142,0.1700922902733287,0.5069528944390908
1180,-7.763392857142858,0.1528191990467024,0.48456705375389747
1181,-10.986607142857142,0.019167238426759103,0.23470744926832116
1182,-39.14107142857131,0.6817460601175075,0.8706557988210308
1183,-387.98303571428573,0.00799352273902557,0.18807655869710707
1184,-12.64732142857143,0.23383486397772751,0.5712256362622321
1185,0.0848214285714306,0.9919126029929028,0.9973005883403528
1186,-12.44285714285715,0.3528142188539083,0.6701950440835552
1188,-16.351785714285718,0.0673051714901253,0.3570332918504783
1191,2832.0383928571437,0.11238245510309788,0.4322993013872769
1192,857.6955357142857,0.02004605024733453,0.23732605148132938
1193,4.741964285714289,0.9275164011442281,0.9741117490838392
1195,-120.05267857142866,0.1375325690907667,0.46607091067573553
1196,47.79999999999998,0.09612446116561038,0.4067155169571039
1198,18.108035714285712,0.07953408915481079,0.37912173710019875
1200,543.1098214285714,0.09146134537282036,0.39912595245102983
1201,13.076785714285712,0.1900476211020257,0.5289042901228369
1203,197.89464285714286,0.0041091849234763675,0.1646908717036068
1207,14.406250000000014,0.5680012844433362,0.8110807340734781
1208,-0.9214285714285708,0.8503021606957764,0.945327693447235
1209,8.415178571428571,0.09466807617126231,0.40456617643881343
1211,334.5499999999999,0.0030682576889275227,0.15203924887737885
1212,-39.679464285714275,0.14771503534283342,0.4787276832387192
1213,482.0544642857144,0.18894760210998676,0.5278850355321169
1215,-7.422321428571427,0.1800987474027476,0.5191869141751146
1230,619.7035714285714,0.0035177402989013773,0.15816813391647433
1232,-2.5223214285714293,0.19038713876939972,0.5292150496056114
1233,2.308928571428571,0.4254808278084137,0.7231547222613391
1234,383.59642857142865,0.008990984910865321,0.1935974675087592
1235,4.394642857142852,0.5935518013034354,0.8260141706440982
1236,24.041071428571428,0.21934543757706676,0.5581402324821791
1237,3.1437500000000007,0.4599823117393252,0.7462152080754028
1238,-11.653571428571425,0.03850794418883228,0.2890847070195864
1240,58.21785714285713,0.09449229806267648,0.40427805510175363
1241,11.156249999999998,0.12468892304730851,0.44969438440709714
1244,-4.929464285714286,0.18584567808446742,0.5246738153701216
1258,-3.630357142857143,0.7189293924701382,0.888997971273938
1259,-25.741964285714275,0.13559535608857887,0.4635285791011035
1261,-0.8803571428571431,0.13757635075107083,0.46613292292959024
1262,-5.151785714285715,0.26029137727917806,0.5967807712810441
1263,-14.050892857142856,0.17379869552678326,0.5117198883597616
1264,-39.54642857142858,0.12598703866972144,0.45172413530507044
1265,30.612499999999983,0.227113920797827,0.5656150381672147
1266,-221.30803571428578,0.12818404626193627,0.45407570557569793
1267,64.38660714285717,0.0010998845495691508,0.1240993704425147
1268,-5.873214285714283,0.7154324424474618,0.8873322775404345
1269,7.423214285714284,0.2783249616736667,0.6126901373593725
1270,-1.5928571428571425,0.701218322133772,0.8801768074011977
1271,-30.11339285714285,0.003865673548309364,0.16171055949029417
1272,-107.82410714285714,3.748876374757594e-05,0.04439765502850442
1277,2410.067857142856,0.16878287156583838,0.505267384081374
1278,2327.6580357142857,0.061758722931033704,0.34607545108683696
1280,122.89910714285713,0.493289588399397,0.7662104615266202
1281,3103.8812500000004,0.01683646764415872,0.2259669785000125
1282,-555.5625000000005,0.44909518686304284,0.7388436735607495
1284,215.20982142857156,0.5632130809549656,0.8087579924141224
1285,-268.21607142857147,0.01234595758107528,0.20877515845362288
1286,-44.85357142857143,0.015995762654442906,0.22261482801303561
1287,-93.05089285714287,5.3466719098656285e-05,0.05413505308738949
1288,-18.233928571428574,0.004234674230502212,0.16560880119545748
1289,1694.361607142857,0.07480388430290215,0.37069371128064343
1290,2276.9758928571428,0.02462754264417009,0.24898500260170114
1291,1529.8616071428567,0.03488349876146574,0.2800467241645548
1292,499.6937499999999,0.009890658323129091,0.1979263415238281
1293,2715.104464285714,0.007901541460350454,0.18798333344091506
1294,18.96964285714285,0.5239185493555638,0.7855586864926888
1295,1732.5741071428567,0.052502999068745136,0.32304992795134885
1296,96.52410714285713,0.07657238681132464,0.37410376632197073
1297,-8.145535714285714,0.12324275817085942,0.44708254311308215
1298,-8.857142857142861,0.17612668457644193,0.5146075211804145
1299,2.0214285714285705,0.8692115758302779,0.9523334262504763
1300,331.8526785714286,0.517047731120919,0.7815206119451277
1301,1002.0651785714285,0.24139919470287058,0.578117782429898
1302,-12.011607142857159,0.3303089233018728,0.6537426382454261
1303,669.5116071428572,0.24709577653182,0.5845420210780715
1305,138.525,0.12298058842388813,0.4465672891064677
1306,74.8589285714288,0.8388381963094775,0.9414458983336211
1307,47.506249999999994,0.12374216525117634,0.4478752075405843
1308,-0.40267857142857144,0.6631432255322216,0.8616291790868397
1310,-4.461607142857142,0.06925963900746707,0.360644834546025
1311,1304.2098214285713,0.1004363178423464,0.41349723695154955
1312,207.1776785714286,0.002994556237531017,0.1515798484623921
1314,77.64017857142858,0.10697550391134392,0.4243502217687326
1315,649.4294642857144,0.31397627775359727,0.6413124994836346
1316,908.7321428571428,0.017072742982560934,0.2269629546919301
1317,486.7464285714285,0.002250649374499955,0.14441564549074604
1318,206.2910714285714,0.016647306920232686,0.22475972927854593
1325,-9.389285714285709,0.2501517444294414,0.5877707261711625
1326,41.16785714285703,0.6814974080488209,0.8705607529045882
1327,-937.5294642857134,0.0795038429722188,0.37912173710019875
1329,-996.4455357142853,0.06443844954655374,0.35147029819475134
1337,481.61428571428564,0.06713514958872203,0.35695947717235993
1338,-1.538392857142858,0.831655640196057,0.9382952496023179
1339,-116.93214285714286,0.004838074379830751,0.16997001039451554
1340,-550.9866071428573,0.15610607423202505,0.48860225019121417
1345,-616.7821428571431,0.07383125075215856,0.36861689661896346
1346,-1689.341071428572,0.023897969674194323,0.24734013686586628
1347,700.0250000000001,0.17604466784044842,0.5145599940931233
1349,-1141.684821428571,0.07038008318777587,0.362404876637167
1350,-1770.7294642857141,0.028204155088498536,0.25916630777344796
1351,-51.651785714285666,0.7287413866320072,0.8932816633957715
1352,-47.041964285714286,0.07157531131093021,0.36471021687789607
1353,-223.1053571428572,0.08173306195136477,0.3826065321313655
1355,97.41071428571433,0.09531311602348534,0.40560745785990515
1356,225.89285714285705,0.25203628112343984,0.5893962220027406
1357,-5.7928571428571445,0.0030538770558721563,0.15203924887737885
1358,-8.015178571428574,0.31473997522340585,0.6420338233947526
1359,-38.3526785714285,0.7349173449452883,0.8957810226986237
1360,-8.199107142857141,0.18782458783614372,0.5268203632042866
1361,-3.859821428571429,0.40633459803680033,0.710522278087689
1362,47.37857142857142,0.005948800253161359,0.17799075792294128
1363,-50.820535714285825,0.7189705037730405,0.888997971273938
1364,-2.5357142857142865,0.045863404572096,0.3063887117846715
1365,-5.647321428571431,0.1860394495981224,0.5248857443692313
1366,2.08125,0.4957096591246334,0.7676226320268138
1368,150.80535714285713,0.20990206130287384,0.5482441044187301
1369,-14.497321428571436,0.09685443941583312,0.4079466652348921
1370,-1.6651785714285712,0.6496371577666876,0.8548063053738363
1371,19.020535714285742,0.25241711584239296,0.5898016720631662
1373,-28.66250000000001,0.2609419564721599,0.5973955895701927
1374,-17.508035714285725,0.49321256900921,0.76615612724319
1376,-9.90446428571428,0.3662665328971701,0.6803754966732817
1378,150.11875,0.04831902952737696,0.31289019384680694
1379,4.719642857142858,0.5540589442223989,0.8033832650531642
1380,16.901785714285715,0.18547902829252394,0.524352435165308
1381,-3.9750000000000014,0.5778395094246792,0.8162464632502912
1382,19.360714285714273,0.42642772110598043,0.7238190572000087
1384,-106.85982142857148,0.11856469352473503,0.4407781749143189
1385,70.54017857142856,0.2973745618078587,0.6282682548338295
1386,56.28125000000006,0.4005347101092553,0.7063585870794288
1387,16.902678571428574,0.09278193930973273,0.401555650420299
1388,-39.30089285714286,0.11071331765882562,0.4302545058636925
1389,385.6062500000003,0.12698453612595617,0.4524609044612551
1390,-126.75000000000011,0.17350532013412617,0.5112310507832156
1392,-10.061607142857145,0.005845843919865926,0.17778091896531587
1393,-7.9116071428571395,0.11254894328338019,0.4323786870446045
1394,-7.5625,0.13730032298386513,0.4657368999538674
1395,-3.3705357142857144,0.22224400828036298,0.560876362431853
1396,340.25535714285706,0.053947466198206784,0.3262598525696455
1397,9.17499999999999,0.5151956309003077,0.7804156125526216
1398,-87.24553571428567,0.103057025983387,0.4173500404149088
1399,-50.825892857142776,0.21369867685721256,0.5524940570251375
1400,-11.999107142857142,0.18099190939295814,0.52036244655098
1401,-3.9857142857142858,0.19704109117116642,0.5352882561634207
1404,326.2321428571429,0.4784957198466781,0.7578076136596168
1406,-4.985714285714284,0.0378627340997939,0.2876000259664117
1407,-33.55535714285725,0.7131327420187317,0.8860175122105947
1408,-24.944642857142853,0.06057991080141859,0.3437325262627191
1409,-3.0196428571428573,0.516591679042491,0.7812917633809346
1410,-821.2919642857146,0.013129783832997769,0.21137711545547824
1411,-5.428571428571429,0.14459917277124973,0.4746613695525984
1412,-1.6464285714285714,0.009157735701312042,0.19492717908956222
1413,-0.44732142857142776,0.7792439345135619,0.9157332264925654
1414,-1.0758928571428568,0.39218347808709997,0.700144702684392
1415,1.5392857142857146,0.5655138209701995,0.8102373669858143
1416,-3.7526785714285715,0.5804015024466652,0.8173668902295338
1417,-1.7321428571428577,0.17128538455710937,0.5083595531928907
1418,-7.6223214285714285,0.2915156604872752,0.6242380891442592
1419,0.8205357142857128,0.8686749642895767,0.9521775037722352
1420,-7.546428571428574,0.24232205444393934,0.579263623254602
1421,-5.387499999999999,0.3694836247979007,0.6832841895305161
1427,-10.208035714285721,0.1547785569331937,0.48720107130061513
1428,-9.796428571428564,0.46201190900041395,0.7475732798046059
1429,-201.7598214285714,0.0016157033175924753,0.1303714718091718
1431,-318.2482142857143,0.02510627583056474,0.2504900786562276
1432,8.82142857142857,0.1431126886910795,0.4727845531103105
1434,-187.5607142857142,0.07976195418650592,0.37926354028957737
1435,35.069642857142895,0.44129185249585906,0.73394269134304
1436,117.09821428571425,0.027110069137863704,0.256901229998752
1437,-11.749107142857149,0.1410457634072511,0.4701255923940546
1438,10.219642857142858,0.1578660813594762,0.49065557735024007
1439,439.26785714285717,0.01197980586107324,0.20780199369228186
1440,3.4875000000000007,0.542718866273454,0.7964236946025309
1441,23.714285714285708,0.3314932394762134,0.6546502169934891
1442,-0.3455357142857145,0.33164755385136807,0.6547802696285542
1443,-6.043749999999999,0.01159969103020618,0.2066643213509123
1444,-8.05892857142857,0.004925979594503138,0.16997001039451554
1445,215.18214285714282,0.004191468343602915,0.16522605024260228
1446,2888.252678571429,0.12324514110288749,0.44708254311308215
1447,-7.861607142857146,0.30939895372962484,0.6380412550510028
1448,-1.9241071428571423,0.4757802288244791,0.7558485591288469
1452,-78.6544642857142,0.26511521568511565,0.6011423767218577
1453,77.6348214285714,0.05114938906026985,0.3198970855656597
1454,19.732142857142854,0.1648974781149033,0.4998046478937852
1455,24.246428571428623,0.31704232068002763,0.6438229417315596
1456,30.6357142857143,0.2914189285522957,0.6241511249842042
1457,-54.69553571428571,0.031346497908050455,0.2693493278520601
1459,-33.62321428571428,0.11733080251068877,0.43958688426650117
1460,171.88035714285718,0.05739562548558489,0.336368128843037
1462,518.3580357142864,0.41483522642154586,0.7170533971293357
1463,-15.205357142857142,0.062252419149923736,0.34706342582054456
1464,41.61160714285715,0.3129159606332683,0.6406065880714399
1465,142.21696428571425,0.15110036806749477,0.48259583384938215
1466,-79.12767857142853,0.6985611797968797,0.8788523022866989
1468,-8.61607142857143,0.07367326341722738,0.3684009780388464
1469,-5.620535714285716,0.11345120675772687,0.4339240804112428
1470,-6.513392857142858,0.12158952711963139,0.4445913261543111
1471,286.6196428571429,0.03864371792899519,0.2895895391677374
1472,-6.51250000000001,0.4565844713824778,0.7441197104955575
1473,-0.9696428571428575,0.8116140568489443,0.9293778457731673
1474,-1.8633928571428573,0.5113979642194836,0.7782638042057579
1475,573.2910714285713,0.06540983326494952,0.3533740847706503
1476,956.4874999999998,0.00714352980379124,0.18463030824512597
1477,16.225892857142867,0.22342494707201177,0.562184193375235
1478,-14.613392857142863,0.08515275521893581,0.3886309653134306
1479,13.075000000000017,0.46990027691919534,0.7522896267321131
1482,2.025892857142857,0.7221273191397687,0.8904113389424451
1486,244.03125,0.004163651671579789,0.16481026338152016
1487,137.74017857142843,0.28952321042328055,0.6226111419082445
1488,-65.46607142857135,0.38307524988852065,0.6935980128806971
1489,-1.2169642857142904,0.8451809511653618,0.9434710489182334
1490,412.18928571428546,0.41619341283349137,0.7177792548876695
1491,11.910714285714292,0.4680906514187103,0.7512065621626108
1493,27.232142857142854,0.09449264662482229,0.40427805510175363
1495,139.22946428571413,0.5193993674228112,0.7826826824727791
1496,-15.082142857142863,0.11291244495973807,0.43304488833990457
1497,23.571428571428573,0.02671859072125352,0.2555500385457748
1498,-0.09553571428571406,0.9664757905400906,0.988281105829983
1499,79.42857142857133,0.598255806327574,0.8287051996041935
1501,-19.271428571428572,0.00233725847989747,0.1460452655867362
1503,15.140178571428578,0.384573797169546,0.69458814614974
1506,-2.561607142857138,0.6319534424515231,0.845930184523362
1508,4081.555357142857,0.003793872918630275,0.1606738976189855
1509,129.57410714285714,0.05558057957143628,0.331237985637134
1510,-5.144642857142863,0.5333889430755653,0.7910777758001836
1511,-29.30982142857144,0.1512638549405679,0.4826302094348477
1512,1031.58125,0.008552170035932812,0.19079638390385242
1513,1813.1401785714286,0.01022211993692558,0.1988875360240836
1514,1193.7169642857143,0.008009720514759533,0.18807655869710707
1515,7.227678571428569,0.2163130034627284,0.5552600896168078
1518,18.312500000000004,0.015427195572606538,0.21981380814831367
1519,234.3205357142857,0.10771843337392163,0.42560100926650973
1520,945.7544642857144,0.05074415574905186,0.3192068745447988
1521,0.525892857142856,0.8727919003692431,0.9536324952290681
1522,388.0,0.007901261622733437,0.18798333344091506
1523,50.91160714285714,0.012241845870722143,0.20849517196955838
1524,-52.333928571428544,0.6492376498831168,0.8545878544599678
1525,39.853571428571435,0.3238793747347354,0.6490498217402804
1527,-0.5250000000000004,0.8883982104075849,0.9592576867566991
1528,-150.3464285714286,0.03492529476896767,0.28023781794735947
1534,54.74910714285713,0.05868293016987643,0.3400624490766289
1535,307.9982142857143,0.03578746749468544,0.2820642619679871
1536,172.16696428571427,0.12846367113519674,0.45453301259525536
1537,-188.0071428571429,0.11826823447225024,0.4404941146638254
1538,-25.760714285714286,0.006406301233384938,0.18069057216695386
1539,-5.051785714285717,0.3542476624899126,0.6712351740300111
1540,55.83571428571426,0.18878910342677394,0.5277377352446343
1543,-53.61607142857142,0.0022469417200466427,0.14441564549074604
1544,-58.125000000000014,0.10607282274122175,0.42301470338266217
1545,1484.1839285714286,0.03299207781169155,0.2750260095715255
1548,-20.69553571428571,0.0006186885138888664,0.11215262327362541
1549,-5.081250000000001,0.5460237300908635,0.7984019962215971
1550,-10.094642857142858,0.22360087010628624,0.5623707425852708
1553,-8.29375,0.14937186443269893,0.4802650213383013
1555,-3.5642857142857096,0.6272662487093206,0.8436016664579649
1556,-14.991071428571427,0.013548324846142972,0.21341246354447332
1557,-10.8625,0.05049040054408791,0.3188737808362268
1558,-2.5562499999999995,0.4601371318728995,0.7462433884180383
1559,-19.80446428571429,0.002560780298048934,0.14867468905820463
1562,-16.747321428571425,0.2930066924284566,0.6252494305099471
1565,-14.657142857142851,0.12512361695612467,0.450370885916795
1571,-15.746428571428568,0.030162133965034126,0.2659605316088933
1572,1.4526785714285708,0.6842336885044933,0.8720980644769674
1573,-68.25625000000001,0.03438141479842877,0.2788903031321131
1576,-28.948214285714286,0.19100280430787203,0.5297700499676202
1577,-6.455357142857139,0.3337018925445597,0.656411369302469
1579,-10.577678571428574,0.028078828877519408,0.2587577901362504
1580,-43.78482142857143,0.02674018522259333,0.2555978368960298
1581,0.586607142857142,0.804904157397444,0.9268328595726499
1582,-6.904464285714287,0.27719027195454404,0.6117453022973559
1583,0.3937499999999998,0.8836073323463046,0.9573999693196426
1584,-2.1589285714285706,0.05890439588174286,0.3402903445020009
1585,-4.0125,0.05798510515676045,0.33808740042433
1586,-2.268749999999997,0.7011868563236584,0.8801768074011977
1587,-9.637500000000001,0.06813010074869642,0.3584500826053673
1588,-28.963392857142864,0.30698047701848147,0.6360624924407664
1590,-8.92142857142857,0.5555024445925544,0.8043244659330503
1591,-1.6017857142857128,0.6981931392414962,0.8786095297345968
1592,23.46964285714286,0.2265720175893317,0.5652007725342348
1593,39.957142857142856,0.02447067283693021,0.2482252388421446
1594,11.51875,0.22006341073764174,0.5587754317593066
1596,-1.18392857142857,0.8040702664612097,0.9264243650433397
1600,-10.59375,0.10702752519866501,0.4243502217687326
1601,-47.19017857142856,0.30016553877749114,0.630251413140905
1602,-49.48392857142858,0.022554794447035856,0.24323143715812337
1603,497.71339285714294,0.06020493999428106,0.34314751753866973
1604,-1133.8249999999998,0.3376546775081752,0.6593405872770903
1605,-26.030357142857042,0.8018684296560811,0.925536788142782
1606,14.112500000000011,0.2758500532279017,0.6106104950052819
1607,-7.805357142857142,0.004796661373192131,0.16997001039451554
1608,-2.614285714285712,0.602345291781727,0.8305015388485044
1609,34.474999999999994,0.020077223073408184,0.2373444182044846
1610,-13.546428571428578,0.016946898342347375,0.2263795912210708
1611,62.1955357142857,0.09732607497971034,0.40879643155225187
1612,-31.352678571428612,0.7790319559569365,0.9157268648076891
1613,-0.12857142857142834,0.7343493841195231,0.8955380420380722
1615,26.399999999999977,0.642796684517741,0.8514415345209498
1616,10.120535714285708,0.21507926167391472,0.5539337510742746
1618,31.82410714285714,0.08799763858073367,0.3934312608881849
1620,-5.765178571428574,0.6534443026110633,0.8570381519718223
1621,7.128571428571428,0.1328760466595904,0.4598570002113418
1622,120.93839285714307,0.68212225642945,0.8709112946379325
1627,13.334821428571445,0.69493324138452,0.8774936483302224
1628,7.308928571428574,0.5633907125674302,0.8088178398860515
1629,-552.6312499999999,0.3350997333862035,0.6574650275555559
1630,1.5071428571428571,0.6289798338025803,0.8444820422074762
1632,-48.14642857142856,0.11987860211712643,0.44229452532248387
1633,172.01339285714283,0.049550568836556716,0.31637631419599566
1634,-1041.2982142857154,0.42500313225296077,0.7228174619709647
1635,112.42767857142854,0.007996240784543139,0.18807655869710707
1636,-8.146428571428565,0.29718917507949644,0.6281950401248485
1638,-14.608928571428574,0.004955750468651031,0.17009143557658202
1639,6.907142857142844,0.7791424554339953,0.9157268648076891
1641,-22.014285714285716,0.011680798447338131,0.2066643213509123
1642,-60.500892857142844,0.007527720520929633,0.18771756284505442
1643,67.48571428571428,0.02971769265010603,0.2637631421069078
1644,-10.067857142857145,0.00978299094310077,0.1979263415238281
1645,-2091.648214285714,0.06600410863481067,0.35480024656052594
1647,77.5973214285714,0.526503982378814,0.7870434850412854
1649,-2.8848214285714135,0.9147056620950141,0.9697419544528988
1650,314.04196428571436,0.011250970189723002,0.20504893170770172
1653,-403.96607142857124,0.09167315875762938,0.39942356559472847
1654,141.66517857142867,0.6025695498694547,0.8305898847882494
1655,-102.87053571428578,0.03268548361763111,0.274059394206436
1656,-40.99821428571431,0.5744976255946012,0.814648251439105
1657,34.2598214285714,0.764858987935748,0.908844569260579
1659,25.87589285714286,0.013627270416669173,0.21361457352179491
1660,46.16160714285715,0.5390821851758241,0.793985196769791
1662,28.325892857142833,0.15539107916939313,0.4878260350308891
1663,19.275892857142864,0.21351136325322215,0.5523036817193321
1665,-38.22142857142899,0.8494000656308556,0.9450742488475178
1666,-94.29821428571427,0.33601053136157977,0.6582785589899127
1669,3.374107142857138,0.8182201716149093,0.9322871216480607
1670,-10.831249999999997,0.040647723491111384,0.2953183248427034
1671,-8.357142857142856,0.0009001184754929052,0.11859210302321158
1672,206.06339285714284,0.5315960499995518,0.7900463191096658
1674,-637.8482142857144,0.01618283015214362,0.22347958843425753
1675,-1070.929464285714,0.22165106196024958,0.5602333687253988
1676,18.773214285714282,0.09319082484326943,0.40222291321276865
1677,9.256250000000001,0.18113166169812706,0.520529429919063
1678,-19.132142857142853,0.022361145356281642,0.24263278927852766
1687,96.35625000000002,0.15910539980268254,0.49201010935948586
1690,-293.18839285714284,3.5545082208314645e-05,0.04439765502850442
1716,153.98214285714283,0.008452243915279942,0.190663035587055
1717,-8.754464285714285,0.17199192777272881,0.5090843266542463
1718,-17.797321428571422,0.49784839079062665,0.7690964276242516
1719,20.201785714285705,0.4914337094318957,0.7651447815077277
1720,1.064285714285714,0.5398934530155803,0.7945379668288882
1723,-6.283928571428568,0.4926545649759302,0.7657542804306198
1725,15.507142857142867,0.475591727935124,0.7557247653119306
1727,428.16339285714275,0.4005243390153355,0.7063585870794288
1728,-299.38928571428573,0.038771088048068794,0.28976308464809003
1729,177.98124999999987,0.2033244195040048,0.5409090422528932
1730,-105.19107142857143,0.0021782847316769486,0.1441860989157835
1731,3.119642857142857,0.5674821482233184,0.8109051594476797
1733,-0.810714285714285,0.8980846430401781,0.9629560820766992
1734,-81.50535714285712,0.14929044438420128,0.4801855823475999
1735,-16.928571428571427,0.010887152461945429,0.20239076824216223
1737,-300.61696428571423,0.014343021136047216,0.21702423110789504
1738,-949.025,0.017342135704455704,0.2283369916124698
1739,89.70982142857167,0.3937888352623412,0.70140333728991
1740,-12.487500000000002,0.01592694989112561,0.22215060018080007
1741,-20.97767857142857,0.09238425207688068,0.40078623996694845
1742,6.913392857142856,0.1641219671356969,0.4989255208493797
1743,-26.480357142857173,0.053353868816651245,0.32473814733946416
1745,-15.407142857142857,0.04480732461976476,0.3041013497499551
1746,-8.810714285714285,0.17369334107502823,0.5115294880845058
1747,-19.336607142857147,0.4367758639287119,0.7308514296908322
1748,28.96071428571429,0.6366247311244988,0.8485484440329588
1749,9.795535714285716,0.14788307562719868,0.47885739768534724
1750,3.380357142857142,0.35604288290084884,0.6727017977263083
1755,2.84910714285715,0.684002017459672,0.8719470810120673
1756,-996.8383928571429,0.003208202145697605,0.15311040996027905
1757,-13.158928571428572,0.08739438386406316,0.3922231502930798
1758,-4.045535714285714,0.21096477590327,0.5490527000433781
1759,46.46249999999998,0.20505046306885572,0.5423176465181645
1760,-7.2383928571428555,0.260362473417219,0.5968436641686491
1761,-6.485714285714287,0.03738182551002647,0.2860934084211503
1762,-22.579464285714295,0.22926971000146343,0.5673112807161389
1763,-12.106249999999996,0.18841875615321946,0.527571593211147
1767,-4.490178571428572,0.2587872227233052,0.5957103560741375
1768,-20.488392857142852,0.08702331784141965,0.39170587969769544
1769,0.7321428571428572,0.6456377898319074,0.85293101552086
1770,-1.0419642857142861,0.7663796894934006,0.9093792396103261
1773,-19.598214285714292,0.15779300718779501,0.49065557735024007
1774,-1.5955357142857167,0.9735772068811145,0.9905529380740804
1775,3.9330357142857144,0.308265570022556,0.6371471832283455
1776,-140.17857142857144,0.03980707772712827,0.29283324851622966
1777,-22.862499999999983,0.6932897551098577,0.8767659810986507
1778,-121.04910714285717,0.12973622838455778,0.4561332574706255
1780,-45.030357142857156,0.02505247660511031,0.2504621285450221
1781,93.73660714285688,0.5767836002010993,0.8157176239264124
1783,-104.05714285714248,0.8161605987637462,0.9312081323377022
1785,8.011607142857141,0.11357748676015167,0.4340499650899674
1786,62.602678571428555,0.011285707895631204,0.2052161383113104
1787,-6.285714285714281,0.30741338945849705,0.6363976896949893
1788,10.581249999999997,0.28910909305063126,0.6223971982789206
1789,-3.53660714285715,0.7409370174591798,0.8984598154580822
1791,-3.633035714285715,0.04098714570044265,0.296111547459263
1793,-10.30357142857143,0.41521909991235834,0.7172361843089491
1794,105.32500000000002,0.015071799908594998,0.21869709660361772
1795,2.33125,0.5262875993959593,0.7869700934518672
1796,10.358928571428574,0.20645853047650697,0.5441369078719218
1797,15.960714285714285,0.05418629647497711,0.3269865426952706
1798,64.64107142857145,0.0016685332391530698,0.13181696481672592
1800,9.219642857142858,0.17822244458779374,0.5172689328929623
1802,4.191964285714285,0.7478374609325976,0.9010338080717903
1803,23.206249999999994,0.31121342027566495,0.6393668032340618
1804,-11.658928571428572,0.15110076079661186,0.48259583384938215
1805,1714.9339285714284,0.0026565489023376593,0.14912403617588452
1806,352.3955357142854,0.1979382371156608,0.5362669798570913
1807,3.638392857142854,0.4521175570291226,0.7408830756499489
1808,-137.98392857142971,0.856139934266498,0.9475111884345763
1809,149.0151785714287,0.26997089930850315,0.6051714557498611
1810,-59.10178571428571,0.5032445100554148,0.7731110077482479
1811,-13.613392857142856,0.011436973271615173,0.20624311933644532
1812,-1.7616071428571436,0.6108600827239216,0.8347154913670217
1813,-16.70982142857143,0.015314212889366175,0.2198104452758496
1814,-4.348214285714285,0.05697953006511383,0.3355434912718582
1815,1.0035714285714277,0.5536407037732076,0.8030616519028907
1816,2.7571428571428456,0.8230714262571984,0.9342017029044928
1819,20.603571428571424,0.017970938636057508,0.23028412759518527
1820,-7.3267857142857125,0.4738985599344261,0.7548236173838673
1821,-7.316071428571426,0.1789109959859071,0.5177831201317737
1822,-15.196428571428577,0.14534373118444516,0.4759281915182609
1823,5.730357142857143,0.30377987126304135,0.6333332492395343
1824,84.39107142857145,0.13318068287274185,0.46020897544190653
1825,-7.3705357142857135,0.2114711955717008,0.5494775674163599
1826,-16.53928571428571,0.0684054378511526,0.3590924047316436
1827,820.075,0.03617993654732286,0.2829165512415033
1828,-28.85357142857143,0.06643038639365181,0.35548034012547214
1829,84.26696428571431,0.5255242997606363,0.7863837944820509
1830,-5.835714285714285,0.19548956784021124,0.5341789438922651
1831,121.75446428571433,0.5528082199421804,0.802469966609902
1832,4.057142857142864,0.9484597999788188,0.9821967074614452
1833,13.59017857142857,0.5727314260635484,0.8135854587031233
1834,-31.547321428571436,0.020999965867156495,0.23937255788545253
1836,135.03482142857138,0.01381588384693312,0.2149101173566525
1837,-365.20892857142854,0.007688055880029638,0.1878321840087255
1838,-3.1589285714285715,0.485567876222369,0.7617030104886844
1839,-227.85892857142858,0.595327015701149,0.8268832477807945
1840,-20.48839285714286,0.003468731318953878,0.15691687101322732
1841,34.829464285714266,0.1720478784443655,0.5091527340855339
1842,-178.33303571428542,0.787706971499305,0.9197507713743145
1843,1624.6508928571432,0.029174095652393563,0.2622315322798891
1844,35.32678571428571,0.030005010360611418,0.2650709228415623
1845,-160.7482142857143,0.022385980628748588,0.24265533126027536
1846,-30.696428571428598,0.5752371768760058,0.8149007033474703
1847,32.448214285714286,0.061678022905702186,0.34576498537570666
1848,249.88928571428562,0.22348428670519116,0.5622068360912086
1849,39.738392857142884,0.3255847783372613,0.6502000519364999
1852,0.3714285714285719,0.949716602841746,0.9827164643610299
1854,47.70803571428564,0.3111105878798241,0.639256319002194
1855,-90.31785714285712,0.015469626425599011,0.21982920117864926
1856,-8.992857142857142,0.0477356952536567,0.31068314382489454
1857,18.237499999999983,0.42727736521339627,0.7242792039045959
1859,-328.72500000000014,0.005943659673476241,0.17799075792294128
1861,59.94642857142853,0.020429026284626593,0.238009362137482
1869,-9.280357142857142,0.3626392789121967,0.6778039584309176
1870,6.426785714285721,0.5462927162525437,0.7986457996499325
1871,155.6017857142857,0.07273279544020154,0.3666819355180285
1874,53.48214285714289,0.3066338519506376,0.6358961821080608
1875,-5.2982142857142875,0.25138259272794555,0.5889002638245179
1876,-63.34642857142856,0.046978183681478304,0.3085694609304212
1877,9.525000000000006,0.39850824624727904,0.7048309243221292
1879,-563.6473214285706,0.5696717091996348,0.8119726953937102
1880,65.59017857142854,0.42181614789714006,0.7208967195488478
1889,4.696428571428571,0.4114490346725675,0.7142713437282944
1890,100.00178571428572,0.04841695994389881,0.31312955818933846
1891,-259.62678571428575,0.0747505607695714,0.37069371128064343
1892,-405.36249999999995,0.05215997672137064,0.32260071498539095
1893,103.74464285714286,0.02384429886952982,0.24714446269033988
1894,125.41160714285714,0.0029622678105179086,0.1515798484623921
1896,-24.808928571428567,0.009705243613579573,0.197522152584313
1901,-48.821428571428555,0.10935742397206161,0.42815017226440877
1902,-135.33839285714305,0.5864757686298151,0.8213525724165954
1903,-14.436607142857099,0.9128670776589252,0.9689837404648454
1906,-94.53214285714284,0.007548393917496628,0.18772170189881426
1907,-2.21875,0.7210209794038084,0.889898966742649
1908,-3.1848214285714285,0.3596064209991129,0.6752345994960676
1909,-30.63660714285713,0.43925542845521576,0.7323156136846751
1910,-211.01517857142863,0.0013268977655817445,0.1254896160310298
1911,-40.60089285714287,0.06423755905588333,0.3511837357644656
1912,184.30089285714283,0.24216065932196854,0.5790061682087125
1915,-1463.66607142857,0.4506848152417256,0.7398202261789217
1917,-454.4517857142858,0.013446126244875034,0.21281174758909507
1936,131.15803571428478,0.8424384158613859,0.9424106473088752
1938,194.32857142857165,0.3910514533251646,0.6991510483814584
1939,-103.30982142857141,0.032526338317263946,0.27363888521247254
1942,-2.240178571428558,0.8859982699669278,0.9583370707344129
1943,-3.8357142857142854,0.501421367442976,0.771414706609546
1944,-5.537499999999998,0.4805701754877784,0.7588608442888175
1945,9.07857142857143,0.16105149350183667,0.4946162136256704
1946,58.4053571428571,0.6613815470468285,0.8607827495524413
1947,-8.511607142857144,0.07765518710045632,0.3758340581320217
1948,-592.4508928571429,0.002193539476333132,0.14441564549074604
1949,12.533928571428573,0.0837356849620772,0.38605688298352064
1950,-93.09910714285714,0.007966635106105863,0.1880724414621494
1951,3.0803571428571432,0.2760369943941037,0.6106330315735713
1952,-22.462500000000006,0.01337950196460667,0.21265240404502025
1953,25.405357142857145,0.051474715958045036,0.32043494193397615
1954,25.609821428571408,0.03029582455133879,0.2661596619647974
1955,-3.283035714285745,0.9327090527919321,0.9761600846945924
1956,-343.32142857142856,0.011338688379941371,0.20553197646077173
1958,416.9705357142859,0.26457531923899363,0.6007359633112008
1959,73.18392857142855,0.12605452603180786,0.451729121766343
1960,41.216964285714255,0.5610218376668391,0.8074769665548923
1961,-5.643750000000001,0.3513852216332025,0.6695238540789458
1962,-11.64732142857143,0.4207911069596822,0.7202271398010056
1964,-351.84196428571425,0.0009421250248180349,0.11859210302321158
1965,-79.50089285714296,0.15449718095914333,0.4868664765960323
1967,-27.016071428571422,0.46673740796331065,0.7504445752211149
1968,293.1053571428572,0.15378936133479884,0.48597162503149166
1969,6.563392857142851,0.3002836917689439,0.6303951945088851
1974,-12.284821428571425,0.01746195790079534,0.2284287081692188
1975,-280.3303571428571,0.03052711080756574,0.26700223198168005
1977,93.69910714285714,0.1453751596809672,0.4759281915182609
1978,29.151785714285708,0.04004038387383782,0.29367358863830406
1979,97.01517857142858,0.41342191840947246,0.716013918370487
1981,-94.23035714285712,0.02394451493341045,0.2474326883357052
1982,-41.464285714285325,0.9228145711776565,0.972876219238752
1983,-405.7464285714286,0.14593531593398762,0.47630213698010826
1984,35.20535714285717,0.48094194632179016,0.7590900110769635
1990,-0.17857142857142883,0.9646325112629776,0.98778965381803
1991,-3.8758928571428566,0.17558517085595263,0.5140350833448923
1992,260.44732142857146,0.003264235009024727,0.15407914923109772
1993,-23.284821428571433,0.05236121616889633,0.322899333785983
1994,138.04017857142856,0.007845084016266745,0.18798333344091506
1995,-5.822321428571428,0.16024622275810588,0.493686945923223
1996,-5.56071428571429,0.4149391842862939,0.7171273095244451
1997,450.50000000000006,0.0013362321664184805,0.1254896160310298
1998,-17.500892857142873,0.4895109454234467,0.7638566967585749
1999,-3.241071428571429,0.4523181068697436,0.7409009449842022
2000,102.96339285714285,0.00842486733768437,0.190663035587055
2001,-31.33214285714285,0.04556598884167487,0.30575852232677636
2002,12.380357142857145,0.12570513840968256,0.4512962974820873
2003,11.525892857142859,0.08169654118478281,0.3826065321313655
2004,172.3357142857144,0.4944420803005084,0.7666067587463219
2005,167.2892857142857,0.1841839307152718,0.5232661164903865
2006,-9.99821428571428,0.1460629481701098,0.47637745712245017
2009,-424.9178571428572,0.0194705551470965,0.23572909713629342
2010,-10.39642857142858,0.321015960322576,0.6465431690870834
2011,-3.3848214285714278,0.5308043706792066,0.7894726865109506
2012,75.76071428571424,0.5995024216111567,0.829271742690634
2013,-67.78303571428569,0.6582498199940517,0.859417076394555
2014,145.68303571428567,0.6369944347850889,0.8487020560780236
2015,14.400892857142857,0.2131656844632049,0.5517891601403748
2016,-15.805357142857138,0.07659329033846525,0.37412790036263255
2017,186.3732142857143,0.49215243525382746,0.7655969043589216
2018,-34.13125000000001,0.2811211773103138,0.6151318833570019
2019,-12.704464285714291,0.04468116199635578,0.3038688511281042
2020,-5.845535714285715,0.12482929706000151,0.4499636631209753
2021,-58.48303571428573,0.06181697994073201,0.3461168392051469
2022,68.42053571428572,0.048789947400604744,0.3144630878378008
2023,1024.4080357142857,0.04177719987592768,0.29743981205417847
2026,61.03035714285713,0.17295118043698943,0.5102031828203516
2027,-2807.6758928571426,0.018772088738058405,0.2334177894685613
2028,-10.057142857142855,0.028685730242889645,0.2608240543058176
2029,-385.7589285714286,0.02962805732819734,0.26366277440929675
2030,32.27410714285716,0.47393049926655567,0.7548236173838673
2033,59.4696428571429,0.1835497089935035,0.5224415815096988
2034,84.45624999999995,0.8045714518149303,0.9266899852306832
2035,25.38125000000005,0.6912458719903218,0.8756282853220622
2036,-10.239285714285714,0.5402545214508271,0.7948019137817965
2037,-253.82857142857142,0.5580887569324924,0.8057723746722842
2038,7.665178571428572,0.5200776805937736,0.7830381446952848
2039,-15.17857142857143,0.0642031411971273,0.3511758356851132
2040,-62.781249999999545,0.827836570610219,0.9365577821990093
2041,-3.871428571428571,0.19355954026967387,0.5324307280907629
2042,35.720535714285745,0.7694832716118114,0.91102419506935
2043,-31.466071428571453,0.059897024103739295,0.3423535439205175
2044,-24.037499999999998,0.007603298382954909,0.1878321840087255
2045,-8.308928571428568,0.07303392178299332,0.3674242282769755
2046,-2.8142857142857185,0.5587546133101712,0.8062576464789425
2047,-31.925000000000004,0.06522304876778431,0.35311121807887985
2048,26.46517857142856,0.09893805625672474,0.4111140162514383
2049,-15.435714285714297,0.23070273981137127,0.5688484387372121
2050,-11.434821428571425,0.4308459992901156,0.7266123069259115
2051,-7.775000000000006,0.21410090389981387,0.5530087986399708
2052,-20.104464285714286,0.18321611722468314,0.522071484799085
2053,-13.12410714285714,0.04267154355836673,0.2989024157452459
2054,12.6982142857143,0.7073170401149648,0.8832978907029873
2055,36.63214285714287,0.37171322700361026,0.6853301051565532
2056,-4.495535714285712,0.5238850230083925,0.7855473667274733
2057,111.6455357142857,0.2884845018805169,0.6218161802247637
2058,265.96339285714305,0.06635496489542524,0.35543819982927155
2059,-280.4982142857143,0.25723957566829025,0.5940184060338628
2060,-112.42499999999995,0.6279949787357386,0.8439166216839721
2063,-12.789285714285711,0.5101840497406551,0.7772877676296845
2064,-5.487499999999999,0.08662093453412628,0.39145897732283885
2065,-19.379464285714292,0.009545892703817081,0.19669047889675625
2066,-158.7607142857143,1.8827096488874837e-05,0.03431238335097439
2067,112.0446428571428,0.19423878731105995,0.5331018779705554
2068,7.31875,0.10710705198731019,0.42448611192749647
2069,-17.158928571428575,0.06639153945934421,0.35548034012547214
2070,-392.3696428571428,0.0008327102398486855,0.11789051123565568
2071,-8.974107142857164,0.5820750588307199,0.8184167525991258
2072,-12.70178571428572,0.2894825766315246,0.6226111419082445
2073,0.7928571428571445,0.9893094091479934,0.9962945794507784
2074,-14.673214285714295,0.10915251689352182,0.4277925813183967
2077,-4.1250000000000036,0.648026228731024,0.8540898127730159
2078,-57.11964285714285,0.29730106874089135,0.6282100843829269
2079,520.7982142857143,0.08334828235399068,0.3853105045831099
2081,90.03928571428571,0.06288182189203116,0.3483071401800438
2086,-5.673214285714286,0.36860788979943443,0.682556394089899
2091,100.9589285714286,0.2617623911492953,0.5982341661425454
2098,-406.8205357142858,0.021106527318649326,0.23961781169999
2099,-108.13214285714284,0.012715653643887645,0.2104514998795099
2100,-7.714285714285712,0.09595393517556898,0.40638479248863774
2101,-35.84732142857143,0.15381324135656083,0.48597162503149166
2103,-7.141964285714284,0.026179487913116396,0.25429248026188267
2104,-158.7491071428571,0.013753873542088187,0.21467114927595535
2107,-39.17500000000001,0.47917257542763286,0.7581000802813692
2108,-615.0428571428572,0.03169738714245023,0.27041411074932875
2109,-59.43035714285713,0.3965714837340538,0.7034202641503905
2110,-175.10625000000002,0.003199244454017886,0.15311040996027905
2113,832.7187499999998,0.03918048122699325,0.2907822466520776
2114,-34.2919642857143,0.6347086471646523,0.8476810379109134
2115,-66.19196428571428,0.1411648354275987,0.47036305545761214
2116,-5.545535714285714,0.23529314781853222,0.5723728802713227
2117,-36.166071428571456,0.4531510941969887,0.7413688392140123
2118,5.892857142857143,0.09194143207887645,0.3998210285466803
2119,57.55267857142857,0.19927545307587344,0.537503486902805
2120,66.31607142857143,0.031017618625611268,0.2687269311065402
2121,22.00892857142857,0.4015805039179841,0.706779418935605
2122,-114.38303571428568,0.0030199559617145435,0.1515798484623921
2123,573.1750000000002,0.018382021407611394,0.23160868657446243
2124,547.6276785714286,0.00282490400716996,0.1514456901580904
2125,-3.0696428571428562,0.3719328428589634,0.6854289823763381
2128,-15.620535714285722,0.3203718032437367,0.6461867279395825
2130,156.61339285714286,0.0065175285276356095,0.18109948666886078
2131,54.47321428571428,0.34961582176303546,0.6678514798020391
2132,52.076785714285705,0.1454127265934642,0.4759439098150232
2134,-11.778571428571428,0.031510687493884415,0.26999637027552587
2135,33.17500000000001,0.5583838436330444,0.8059140660640067
2137,-1.8205357142857146,0.7730762134259938,0.9123824544880137
2138,-64.32589285714286,0.01984533683219933,0.2365299129704636
2139,17.88214285714286,0.12610797362631343,0.45179052165181766
2140,44.912499999999994,0.03652454669816842,0.2834678941993909
2145,-56.46607142857144,0.25049464381458525,0.5879953810607562
2146,35.578571428571415,0.034578580018844195,0.27967216901335895
2147,1.779464285714285,0.5904554066577582,0.8239353146261531
2149,-20.43125,0.08773517024067279,0.392939461460519
2150,6.715178571428572,0.3875361101472806,0.6967663791254204
2151,-15.588392857142853,0.07265518305267718,0.3664912611086791
2152,145.70982142857144,0.10517561742942898,0.42123821210151285
2153,653.7973214285714,0.12993324562572572,0.4564717978604833
2155,-9.40803571428571,0.38436293651601905,0.6943685660964551
2157,-113.03750000000002,0.0005534246102001148,0.10884349123270243
2158,-2.142857142857144,0.4804281876452183,0.7587789924173063
2159,-3.6571428571428584,0.5355663723114407,0.7920238520761307
2160,-12.735714285714288,0.09672091918265716,0.40767638791141503
2161,-0.37232142857143025,0.9127759865228675,0.9689837404648454
2162,-119.58660714285702,0.7221444279461343,0.8904113389424451
2165,-2.678571428571427,0.33738286553428243,0.6591063055378172
2166,0.9776785714285694,0.7980040725617088,0.924203039392645
2167,-3065.8482142857147,0.001011189488419821,0.12073749023847284
2168,-2.9491071428571436,0.10979266192394961,0.42908300846754155
2169,-1.4633928571428552,0.7622242539867913,0.9075481508433757
2170,-76.89375000000001,0.03128904873755729,0.26923650294711127
2171,-15.305357142857133,0.9464972891087569,0.981724859214935
2172,4.476785714285713,0.18366932445461703,0.522624194698428
2173,-49.48482142857142,0.023083939783098806,0.2448670156367019
2175,11.65357142857143,0.036028636788123604,0.282760830294693
2176,-7.862500000000004,0.5373791314807659,0.7932718833012278
2177,63.90267857142856,0.006542784381751415,0.18109948666886078
2178,-26.84464285714286,0.03570625072740137,0.28171380979979377
2180,-1194.9232142857145,0.04064233361336905,0.2953183248427034
2181,-437.8178571428572,0.0005773901587076659,0.11111190627419604
2182,34.04196428571427,0.27385920970403316,0.6086778779622953
2184,-3.4678571428571434,0.047887336058805983,0.31117662217913206
2185,15.099107142857147,0.11090219508164754,0.4303461686365564
2186,-38.42321428571432,0.47447144022840065,0.7551077279722836
2187,-13.69642857142857,0.006026224998956168,0.17822368508738473
2188,20.030357142857127,0.23128587429936007,0.5691581230226623
2189,21.92946428571426,0.3008894464192232,0.6307647475962582
2191,435.60178571428565,0.037489823181914475,0.28644877342023983
2192,53.140178571428564,0.22250965849963672,0.5611996100702648
2193,39.65535714285714,0.04551572417241256,0.30558498514283766
2194,-21.195535714285725,0.009169777134952454,0.19492717908956222
2195,354.45625000000007,0.14438818703878836,0.47431879787791675
2196,-14.123214285714287,0.0055084104559135205,0.17479173462291828
2197,532.2741071428572,0.42605358625578904,0.7236333083326167
2199,-62.30446428571426,0.19089073634023118,0.5297559484455663
2200,-954.5142857142873,0.5231478337063865,0.7849389852573887
2201,-8.368750000000002,0.19528712304983492,0.5341789438922651
2202,215.28750000000014,0.6482804865878852,0.8541723444233811
2203,174.65535714285716,0.07310936776942448,0.367440171537627
2204,-4.96160714285714,0.4522266279591357,0.7408830756499489
2205,-74.90000000000003,0.0019535116089684857,0.13973184654505375
2206,-10.39553571428572,0.03476160735487563,0.27973357413000277
2207,197.64196428571427,0.02465611740569596,0.24905360539264293
2208,-11.04375,0.007956233339800263,0.18798922119860817
2209,3.399107142857142,0.24475082895144187,0.5822903882074737
2210,187.04464285714283,0.019186221927669823,0.23475229235910955
2212,396.14821428571423,0.012358776664425003,0.20877515845362288
2213,177.43214285714282,0.2616273784029121,0.59811326786165
2215,340.99196428571435,0.2568066326089748,0.5938636341263241
2217,65.22946428571424,0.27064896685474715,0.6057444947719227
2218,-1.2616071428571445,0.9218686396214297,0.9724146368394975
2219,78.59017857142857,0.13393333840529562,0.4611628740669776
2220,-5.944642857142856,0.48135865413602247,0.7592752115952306
2222,-710.1901785714281,0.009721666439952195,0.197522152584313
2224,70.68749999999997,0.22757380914481293,0.5658331876815069
2230,82.7910714285714,0.35592976041004537,0.6726788544383371
2232,10.424999999999999,0.10152575036981806,0.41518753801756875
2235,-71.50892857142858,0.05465859545276043,0.32841798039206277
2237,115.12857142857146,0.033061371506947185,0.2750996286274776
2239,-46.35446428571427,0.13827188628637066,0.46696856243059065
2241,62.879464285714285,0.003787145648467586,0.160651413363456
2242,10.72589285714286,0.3014513331478019,0.6310835886964987
2243,-10.29017857142857,0.18851690640886795,0.5275923930282438
2244,-7.900892857142855,0.09090439066444674,0.39838069570203793
2245,3.1633928571428527,0.727083494192203,0.8923332987681029
2246,17.426785714285714,0.7688424764811864,0.9107307109398541
2247,14.806250000000006,0.36756849238151856,0.6814787155293159
2248,0.9303571428571433,0.7349648744024362,0.8958090977741584
2249,-27.32857142857143,0.001024188834741964,0.12149712386446927
2250,-15.538392857142858,0.014776062567450688,0.21755971992092024
2251,-8.86964285714286,0.1353679601865652,0.4629656675142814
2252,-2.7892857142857164,0.4892627950257187,0.7636837264283082
2253,0.018749999999999822,0.9952805491594522,0.9984748665678872
2254,11.245535714285722,0.7195899071252707,0.8892525424363426
2255,11.180357142857144,0.4024226993022964,0.7076339074503282
2256,-4.2946428571428585,0.006836175079405298,0.1821044248782734
2257,-11.472321428571426,0.009702568581543329,0.197522152584313
2258,-356.9535714285714,1.198574479685948e-05,0.030444753842458958
2259,-40.27857142857141,0.09522658895828147,0.4055233079908123
2260,-49.702678571428606,0.45527216545183713,0.7432224306126596
2261,24.723214285714285,0.267685789289055,0.6033177379608979
2262,-45.48571428571429,0.02412635354404398,0.2477526110470337
2263,12.8,0.3933022920748261,0.7012033397199308
2264,-4.491964285714289,0.475327124406138,0.7555611705405347
2266,-4.328571428571429,0.3440069800341016,0.6636262087932797
2267,-5.509821428571424,0.3464394295015709,0.665410518091702
2268,146.9919642857143,0.008166485734488929,0.18959771020517288
2271,-478.99821428571425,0.030672583151719248,0.2674760228464372
2272,-4.8607142857142875,0.41543204907988085,0.7173184845613383
2273,-5724.985714285712,0.007078581264500865,0.1840330150435496
2274,44.07142857142853,0.5982051537721718,0.8287051996041935
2275,-193.5803571428571,0.023422918985428497,0.24603816495925215
2281,52.56250000000003,0.08257046639464444,0.3836611073448784
2286,83.60357142857146,0.046468239306517514,0.30764872391166065
2287,-793.1285714285715,0.026591530235815203,0.25519698554243414
2288,-13.631249999999994,0.4356686434265593,0.7298107155743299
2289,551.4258928571428,0.3326084641924625,0.655612076563663
2290,-9.504464285714285,0.049239893206972994,0.3155404548864567
2294,1.7562499999999943,0.8534570707285126,0.9466024006913769
2295,-2.174107142857139,0.8389874857560116,0.9414721300774458
2296,202.9526785714287,0.3995757609048517,0.7056162027783225
2297,57.082142857142856,0.04512151719106682,0.30482361702357813
2298,-1.8035714285714288,0.7210338221618536,0.889898966742649
2299,-8.638392857142858,0.0030845717138967706,0.15203924887737885
2300,14.267857142857139,0.3260797840116365,0.6504583235738709
2301,0.090178571428571,0.9702675775168336,0.9894872475096129
2302,-12.76607142857143,1.0431409371592892e-06,0.011406746147836827
2303,-18.162500000000023,0.6725744198975556,0.8663592037046253
2304,-1.7392857142857139,0.6434779889175831,0.8517032788822712
2305,11.386607142857143,0.10373121149497694,0.4184302836418693
2306,-1.2803571428571452,0.8545241585963732,0.9469446728380742
2307,-0.5723214285714313,0.9080742932265649,0.9667230418272214
2308,144.19375000000014,0.5857845636119962,0.8208881232183178
2309,-354.7437500000001,0.1914880077935424,0.5303214885073412
2310,-8.640178571428578,0.3375691334326179,0.6593052929352141
2312,-1.7142857142857153,0.5914289532141295,0.8246678466036033
2313,49.42946428571429,0.5764333098219724,0.8155062112778632
2314,-29.16964285714286,0.33918033941087417,0.6602116507276707
2315,-4.0669642857142865,0.245109618597911,0.582677652148959
2316,54.84642857142856,0.11175132878249167,0.4316013642726804
2317,-366.2875,0.04276583270660348,0.29900724853262506
2318,-1013.9178571428572,0.013012272133636772,0.21137711545547824
2319,33.22589285714284,0.07616582077226447,0.3728837975218087
2321,-118.53125000000001,0.00029739758583487716,0.0878930432730914
2322,-3.310714285714287,0.6644391869104082,0.8620838287690215
2323,9.45625,0.06285675740756713,0.3483071401800438
2324,-11.129464285714288,0.11927691443460654,0.4416669830274791
2326,8.497321428571432,0.6682329244768711,0.8641351737410815
2327,-152.52499999999998,0.1564821154335756,0.48880718076999824
2328,45.81428571428572,0.3020634656721443,0.6317059358026503
2329,-3.7017857142857196,0.7121249214504005,0.8855746881850751
2330,-2.44464285714286,0.7580019145707889,0.9057556315927503
2331,1060.832142857143,0.1259231435345314,0.45162735282722055
2332,-14.64285714285711,0.8491657842891017,0.9448904928363447
2334,-6.299107142857145,0.06495232298856166,0.35248320192551946
2335,649.4767857142857,0.05799318105323352,0.33808740042433
2339,-305.5866071428568,0.3019678723199653,0.631602655665421
2342,4.851785714285718,0.5945395431094437,0.8265308495994435
2346,-6.222321428571428,0.2625667797931037,0.5988086545919724
2348,398.87053571428567,0.029036754924852037,0.2618480249903159
2350,148.7794642857143,0.27519527728590804,0.6100808308651934
2352,7.391071428571429,0.06251558285915959,0.3476440909219459
2353,358.0160714285714,0.1553718914277699,0.4878260350308891
2354,124.34196428571428,0.2690137902347994,0.6043253735627381
2355,-10.748214285714255,0.7826072091730188,0.9174988343382039
2356,15.299107142857139,0.15912601305539623,0.49201010935948586
2357,212.3428571428571,0.12164635541198482,0.4446552403834149
2358,-13.661607142857147,0.018962843174912883,0.2341143615618767
2359,293.50892857142856,0.08799211073115105,0.3934312608881849
2395,-12.418750000000003,0.10308082561909894,0.41735701485702636
2444,-37.45892857142859,0.09379486297232095,0.4032581688300423
2475,-5.541071428571435,0.6165662292332912,0.8378503559451321
2487,-147.6517857142857,0.03491864880100881,0.28023781794735947
2488,1.3464285714285698,0.6859308925174494,0.8728592735742575
2491,4.758928571428569,0.47588217525220544,0.7559446216309111
2492,-3.5625,0.08270269978723607,0.38394923247576906
2494,-22.790178571428562,0.13147401792646143,0.45841758907427826
2495,2619.877678571429,0.09603631237315632,0.40651270747385687
2509,1025.84375,0.5461354711130276,0.7984799679940311
2512,3103.8982142857144,0.00988218905286809,0.1979263415238281
2515,-8.999999999999998,0.015568813061756939,0.22019860356290608
2516,-4.847321428571426,0.3693025827539869,0.6831545565628915
2517,198.2008928571429,0.2353557921095777,0.5724245871142283
2519,173.60178571428577,0.02060445010095254,0.2382045204675808
2520,-4.026785714285715,0.5672562738578533,0.8108998445259753
2521,251.59464285714284,0.11839634166339164,0.44057169947906744
2523,-9.207142857142852,0.1123880889220985,0.4322993013872769
2524,-7.717857142857149,0.37550440877440283,0.6879801821037851
2525,1.638392857142854,0.7543986975604816,0.9039851788366736
2526,96.17053571428569,0.02751204212799108,0.25715973243274204
2527,-16.54464285714286,0.029218950051674665,0.26232283974964077
2528,-36.33571428571429,0.5991463860145865,0.8290938891788999
2529,-7.253571428571426,0.45319626080120534,0.7413688392140123
2530,50.519642857142856,0.021168109764020164,0.23977010281175182
2531,64.04999999999995,0.42981424024708975,0.7257646888426197
2532,17.643749999999983,0.7695722039002088,0.9110789738268176
2533,337.14553571428576,0.01181957296261703,0.20706627471402037
2534,-133.6589285714286,0.14386961938704132,0.4736725057311345
2535,71.49107142857142,0.007702145103179578,0.18783326503298473
2537,160.2839285714286,0.08109155632966492,0.3817860020945862
2538,-15.973214285714283,0.02814459183086611,0.2590145696604283
2539,20.71607142857143,0.012677335718352088,0.2104514998795099
2542,-18.13839285714287,0.40761445643066374,0.711409340356451
2543,1.7616071428571445,0.7464006029039015,0.9004719841207075
2547,-16.220535714285802,0.8797722135142388,0.9559890645896139
2548,53.03660714285715,0.04388815096197797,0.301818640123965
2549,-97.54553571428568,0.04573933536798142,0.3062451826162606
2550,11.383035714285711,0.46807107731110525,0.7512065621626108
2551,23.967857142857184,0.40709912773398144,0.7111007604239256
2553,49.4392857142857,0.09576942415887602,0.4062757311807137
2554,-2.661607142857143,0.16381437018473194,0.49862911773000573
2555,-16.78928571428571,0.0005189136856370606,0.10469227218526304
2556,2.5339285714285715,0.31867363827982936,0.644984817517651
2557,67.38839285714286,0.4459329119071945,0.7372549464677215
2558,-3.460714285714289,0.6712493342945264,0.8657425304904989
2559,-2.9178571428571427,0.3604707341582424,0.6762537621046373
2560,-48.02857142857141,0.6524193883471934,0.8564540777151622
2561,-14.160714285714278,0.7247842905176245,0.8917097453656867
2562,-10.954464285714286,0.3153087814597152,0.6424022814991031
2563,-1.0803571428571426,0.14237280799145074,0.4719827209975185
2565,-16.191964285714292,0.10886501118508088,0.4276032955321805
2566,-24.740178571428572,0.07615406967509415,0.3728837975218087
2567,-2.9937500000000004,0.025013049917468118,0.2504621285450221
2568,-4.557142857142857,0.20406359409083957,0.5414528296086893
2569,-4.415178571428573,0.24720067265007606,0.5846238471620996
2570,-5.7473214285714285,0.4941021811392545,0.766492743759079
2571,3.099107142857143,0.12767266337889313,0.45350980019346293
2572,-18.593750000000004,0.022464367917030218,0.24278748579577553
2575,4.971428571428571,0.31056423009046724,0.6390645070638475
2580,224.54732142857154,0.006244263055717304,0.1795384221404072
2581,134.01964285714286,0.05292236972146379,0.3238713293558238
2582,18.734821428571426,0.10643469286729909,0.42375041328115065
2583,-28.111607142857146,0.0015925889798835253,0.13006794080487133
2584,1.6285714285714286,0.14861433626509843,0.479565421868002
2585,9.523214285714317,0.7496530631307735,0.9019914688493147
2587,1.4919642857142859,0.4844144708743791,0.7610452911126006
2588,59.90982142857142,0.06185916914964563,0.346177080169588
2589,542.7669642857143,0.04424509303883092,0.30287408662826065
2590,365.2205357142856,0.0518452472055755,0.32149698207608485
2591,14.212500000000006,0.45651629857972365,0.7441197104955575
2592,-17.584821428571427,0.02184164328732656,0.24158128810580906
2593,-110.72678571428571,0.020904416417450087,0.23901065822335496
2595,-22.639285714285712,0.016161524965079634,0.2233648578022571
2596,210.20267857142852,0.06696108476847491,0.35651936018272135
2597,-1120.550892857143,0.17002952811230157,0.5069453838771997
2615,-5.647321428571416,0.8065296710513137,0.927329421092944
2617,550.3071428571429,0.027196085606557813,0.25702448261428906
2618,32.32232142857144,0.07768687226657771,0.3758543262698112
2619,-976.1258928571428,0.2993945234265552,0.6298844959957928
2620,-36.25446428571428,0.004901216170158515,0.16997001039451554
2621,397.44821428571424,0.05252333402175787,0.32304992795134885
2622,-18.020535714285707,0.13304104493748853,0.46006833134462755
2623,-10.23392857142857,0.0912017594568258,0.3987353793861496
2624,-12.940178571428579,0.1087810283545701,0.4275160095806584
2625,8.481250000000003,0.7252950566022545,0.8918516137501458
2626,-15.93660714285714,0.004240554580222048,0.16560880119545748
2627,20.505357142857136,0.43733505189288113,0.7312132609052058
2628,-163.9607142857143,0.0014766295363748988,0.1288292099498438
2630,89.48392857142858,0.0009373579111920843,0.11859210302321158
2631,-1594.1116071428573,0.011585469130018483,0.2066643213509123
2632,-160.59642857142853,0.7736261752930421,0.9126965979230769
2633,604.05,0.07727389169044271,0.3752142978192795
2634,136.6482142857143,0.39898214034095186,0.7052771282958851
2635,78.4178571428572,0.5674444586109256,0.8109051594476797
2636,-8.904464285714287,0.046798610232417465,0.3082045307705884
2637,-2.0160714285714283,0.45704076232199947,0.7442430212042923
2638,1.685714285714286,0.5931896232187143,0.825741340975207
2639,5.711607142857147,0.6144898891867304,0.8367041493991602
2641,0.9392857142857143,0.21294675995021198,0.5514286303058559
2642,-3.258035714285711,0.5813580251549515,0.8178819144816898
2643,353.23928571428576,0.038804669516110016,0.28976308464809003
2644,24.364285714285714,0.14228105025796545,0.4718966589538527
2645,-1.0321428571428575,0.7252668631936685,0.8918516137501458
2646,2.9160714285714278,0.4289631093723048,0.7252432885477447
2647,-23.81785714285718,0.32837976276039244,0.6525918159755513
2648,6.234821428571436,0.6318339484126285,0.845930184523362
2649,-20.59910714285715,0.025847259198799453,0.2531707088309495
2650,27.79642857142857,0.01022250118206672,0.1988875360240836
2651,-16.83392857142858,0.32866148066915396,0.6527446101195911
2658,-30.356249999999992,0.0733803832764912,0.3679450161080481
2660,-52.19285714285715,0.008766829542038944,0.19234606950681352
2661,-9.107142857142861,0.3149772403015001,0.6421393076709694
2662,-38.70357142857142,7.742431698674658e-05,0.0631817094216473
2664,58.49285714285712,0.04094740883472921,0.29606671505937604
2665,701.7901785714284,0.0021775336938782957,0.1441860989157835
2668,-31.338392857142853,0.011061399709555303,0.20376753002693268
2669,430.9008928571428,0.005452900249314772,0.1743859776179868
2670,-5.362499999999999,0.016435770301195148,0.22421678107266657
2671,4.2982142857142875,0.4912312079479877,0.7649755498178018
2672,8.100892857142858,0.2315926725331581,0.569298146333532
2673,151.39107142857137,0.10488424906905361,0.42056335831232855
2674,-84.2285714285714,0.1508345227441346,0.48247104259261453
2675,20.125000000000004,0.2632420538971356,0.5994209220211125
2676,-1.4607142857142819,0.8354268638885216,0.9400155933762707
2677,33.38303571428571,0.44375974318133726,0.7357420007411108
2678,-25.642857142857146,0.05265614281677524,0.3233328346563685
2681,29.501785714285745,0.8192393983901816,0.9325926587998643
2683,137.08392857142857,0.04920247582796269,0.31546130546326645
2686,-11.028571428571425,0.20259581339445465,0.5403996900828535
2687,10.34375,0.08390492983398273,0.3864976403852016
2688,-3.5732142857142852,0.3260214132136187,0.6504583235738709
2689,-3.6848214285714302,0.41658833111275123,0.7180320794562166
2690,-602.0642857142857,0.005152760797960001,0.17182093284629854
2691,-8.254464285714286,0.026256867108016693,0.2545713347457315
2692,-13.455357142857142,0.03125974511530502,0.269113645437303
2693,-6.28125,0.25523104593751994,0.5925393554207224
2694,-2.0749999999999993,0.5746015289974051,0.814648251439105
2695,-5.801785714285714,0.14864223253909783,0.479565421868002
2696,-3.6571428571428584,0.19658945838983832,0.5351317177267181
2697,1881.050892857144,0.045778873643054836,0.30627276641502404
2700,9.217857142857138,0.39816655137012713,0.7045228542447152
2701,-18.022321428571423,0.12745477165362062,0.4532121254007354
2702,-4.0562499999999915,0.6946736064894656,0.8773692756877938
2703,-9.341964285714287,0.07807715749678334,0.37644761254168935
2705,-10.29732142857143,0.17599294148759456,0.5145125695558888
2706,435.4276785714285,0.09345426880920804,0.402680443466266
2707,-9.07857142857143,0.017549260566233578,0.22872605994250797
2709,-0.8732142857142859,0.3969770312181123,0.7036644028536462
2710,-14.817857142857145,0.04525211273035351,0.305145775420415
2712,-3.2080357142857174,0.39335087945032815,0.7012213672626897
2713,8.860714285714288,0.13688167900370574,0.46547232361697505
2717,214.89553571428567,0.005142495141204325,0.17182093284629854
2719,-14.14375,0.05274830714482577,0.32355010479961216
2729,-43.0830357142857,0.18001091140464257,0.5190689819946006
2730,-51.358928571428606,0.11069367208307143,0.43020873764159306
2731,-12.222321428571426,0.025194993294524185,0.25108620088150657
2733,-24.541964285714286,0.04313394617464708,0.30035003911090535
2734,346.8116071428574,0.023978789907863125,0.24758747845446885
2735,-1.0383928571428562,0.8727423959601553,0.9536267877603688
2736,-14.680357142857147,0.23900433366102616,0.5758153611010934
2737,384.2053571428572,0.03440427344411097,0.2788903031321131
2738,-7.895535714285714,0.04499358508020349,0.304419953119964
2739,-289.44017857142853,0.14237605884612844,0.4719827209975185
2740,-9.105357142857141,0.23914111627648227,0.5759168626356282
2741,0.5000000000000009,0.8440397866218841,0.9431522438047302
2742,1.086607142857142,0.7449574399819497,0.8998225037360327
2743,17.268749999999997,0.5472316433902442,0.7991850553544955
2744,140.38571428571436,0.23237323489319275,0.5697823400208679
2745,1195.7499999999998,0.05009870565856663,0.3178440350336011
2746,64.36517857142854,0.2653167013449947,0.6011433693604734
2747,-20.499107142857127,0.12026790492520344,0.44265273385648657
2752,1515.952678571428,0.25413313376809543,0.5912147514582
2760,476.2098214285715,0.00989157968424431,0.1979263415238281
2762,143.47410714285715,0.007642383034095547,0.1878321840087255
2764,370.50089285714307,0.05680478224445327,0.33496420758434536
2765,-8.092857142857142,0.12418801720024425,0.44877593129037374
2766,-210.81517857142853,0.03285721839900777,0.27456341371935655
2767,-78.76339285714289,0.04945287290825498,0.31615488730354835
2768,91.09464285714284,0.036426016223795064,0.283262563296067
2769,87.8580357142857,0.015574361500970363,0.22019860356290608
2770,-32.4580357142857,0.21586644596758858,0.5548894185838226
2771,190.81160714285716,0.0009095921254946634,0.11859210302321158
2773,550.5892857142856,0.01557327409390609,0.22019860356290608
2774,-106.33214285714288,0.026852831166937253,0.25605232269673545
2775,-5.341964285714283,0.8386292451460595,0.941423960134705
2776,138.7357142857143,0.004131684644225986,0.16481026338152016
2778,-952.4446428571428,0.19528559173125576,0.5341789438922651
2779,-1.1249999999999991,0.04661377589563542,0.30787728884922283
2780,-0.5937500000000009,0.8162153521446877,0.9312081323377022
2781,-4.097321428571426,0.7402835654509459,0.8982799345347279
2782,620.4276785714285,0.10060529294637512,0.4138552740341019
2783,99.2428571428571,0.006158646385508938,0.17929924980175785
2784,12.470535714285715,0.01714284460078139,0.2272757101231141
2785,9.05178571428571,0.1694977099092643,0.5061324702126861
2786,-12.741071428571438,0.5612671592787088,0.8076025562809465
2787,267.2223214285714,0.3077190252487655,0.6367865601406553
2788,-19.278571428571425,0.14908293217492186,0.4798722075040535
2790,914.1901785714288,0.026694280266448586,0.2555500385457748
2791,-211.1776785714286,0.006458125625009494,0.18069057216695386
2792,-1.6205357142857135,0.6324541284120094,0.8462283524335622
2793,4.3705357142857135,0.4514553361722867,0.7402332294041384
2794,-33.94553571428568,0.14772919015278776,0.4787276832387192
2796,-15.01785714285715,0.0976922125290124,0.4092966835267244
2797,0.1866071428571452,0.9771974389042422,0.9922997108472627
2798,-6.383035714285713,0.15611206561391955,0.48860225019121417
2799,1348.1973214285713,0.030269744428284687,0.26605919998472566
2800,6.22053571428571,0.37001652401974194,0.6838376639663125
2801,93.18928571428572,0.0320102857227438,0.2716605736092053
2802,140.26696428571427,0.017185412299717744,0.22739893937247524
2803,-416.48125000000005,0.020083057451978224,0.2373444182044846
2804,127.63392857142861,0.03215078783077436,0.2719491206081117
2805,-257.7857142857142,0.029732040352001526,0.2638103385663232
2806,-1055.241964285714,0.03956074721075833,0.2917521111854058
2810,25.098214285714334,0.5021254393163355,0.7721258970249927
2811,-24.86696428571429,0.07213101446045528,0.36538200732016884
2813,-1.9857142857142875,0.6556785699418404,0.8583265470063364
2814,1.6249999999999996,0.3295136309450659,0.6533511431340517
2815,-5.137499999999998,0.08939524748026303,0.3960298364655086
2817,-38.44732142857142,0.07087031003214138,0.36335654548080737
2819,-203.2223214285715,0.010199356905722632,0.1988875360240836
2820,-94.16517857142856,0.09552199176245182,0.40592763093518214
2821,49.33125000000001,0.6314295780300614,0.8457885246861342
2822,-16.34196428571429,0.1015710622167257,0.41518753801756875
2823,-20.349107142857143,0.251868744917556,0.5892312536206142
2824,18.53660714285712,0.6782063799883286,0.8688147582457657
2825,-793.4758928571428,0.005158236115017011,0.17182093284629854
2826,1.3830357142857146,0.8630142961585999,0.9498994774423531
2827,-2.567857142857144,0.508432828088789,0.7761506206499741
2828,-21.910714285714292,0.08222566283444256,0.38305097012584793
2829,3.498214285714287,0.7060518066205596,0.8829155410395896
2830,-8.706249999999997,0.37819109649936555,0.6898104512162616
2831,-5.141964285714286,0.041301469611591604,0.2967316363985899
2832,1.0392857142857155,0.7172378643942228,0.8883288112358229
2833,15.639285714285714,0.031449517243847626,0.2697681762327218
2834,-2.1571428571428566,0.3789823786456179,0.6904461493157088
2835,-7.40982142857143,0.09468513272742908,0.40456617643881343
2837,-16.992857142857147,0.18160243400617612,0.5208305224133277
2838,-1.3375000000000021,0.786744293883098,0.9193059406308559
2840,-7.491964285714286,0.10378729112745771,0.4184786240703356
2841,43.44375000000001,0.11928539541691427,0.4416669830274791
2842,1.1017857142857146,0.8310646644516647,0.9380067738750774
2843,-9.186607142857142,0.4028691854885999,0.707918133266566
2844,-4.904464285714283,0.37981608069797473,0.691178040012041
2845,2.5526785714285714,0.1684593034928485,0.5051111578941024
2846,-14.933035714285708,0.4870881816771058,0.7626139783615777
2847,20.59285714285714,0.23368582304837898,0.5711264265893841
2848,0.6330357142857155,0.848351715007917,0.9447121175136681
2849,-8.492857142857144,0.2060575481066589,0.543551717215785
2850,-32.92142857142858,0.11686175207698052,0.4393717768924604
2852,-5.100892857142867,0.803006765897599,0.9259600321723341
2853,-3.6660714285714278,0.2917416201489737,0.6244178535200671
2854,-7.133928571428571,0.13892734346193947,0.4677334088825866
2857,-62.81785714285718,0.6747900487088213,0.8673990965554852
2859,-8.672321428571426,0.3403283428216802,0.6609402956621093
2861,-3.233928571428571,0.12366155738550141,0.4477228304695977
2862,0.05267857142857224,0.9818328157093782,0.9939768770513128
2863,-14.98303571428572,0.0590711894648529,0.34054063428635184
2864,-6.8071428571428605,0.1089532343870067,0.4276593057995638
2866,-3.5258928571428574,0.08555640363695337,0.3893945200075273
2867,4.491071428571428,0.36668816668956267,0.6806522144771588
2868,-4.091071428571425,0.5374453198357939,0.7932839172296862
2869,-319.0098214285714,0.09264842459631346,0.4012001120547631
2870,41.94732142857143,0.12459265145063818,0.4496140992715757
2872,-1345.9169642857148,0.05173397812457471,0.3211712562690045
2873,-11.216071428571425,0.2454675931368074,0.5829362226797092
2874,0.521428571428558,0.9693201943590285,0.9892076577445124
2875,-28.809821428571425,0.0342682996223009,0.2785222657721572
2876,745.3267857142856,0.034519714339494086,0.2793613649366251
2877,-12.773214285714289,0.08939735238513594,0.3960298364655086
2878,-923.3339285714287,0.06602318375957374,0.35480024656052594
2879,-121.41696428571413,0.23181575019780754,0.5694709120413177
2880,-5.358928571428573,0.14024039098265823,0.46959536702535265
2882,42.35000000000001,0.12778146978437394,0.4536503229737104
2885,343.4169642857143,0.00031396880868416073,0.08987562625553135
2886,-4.575892857142858,0.3766122114401093,0.6889247770245902
2887,-234.0080357142857,0.003891793330282864,0.1620638874116914
2888,-27.386607142857137,0.0014556140157878127,0.12830640097920887
2889,22.533928571428575,0.16602972603629593,0.5013927627912939
2890,-9.96696428571429,0.10334630425327955,0.4177928506480011
2891,-6.455357142857142,0.13689185158096007,0.46547232361697505
2892,-14.204464285714284,0.2197877610719745,0.5585538085780786
2893,-5.038392857142857,0.09470121003488578,0.40456617643881343
2894,-20.933035714285708,0.1380519067788111,0.4667654440987313
2895,-3.8008928571428573,0.2546771014038901,0.591750053939811
2896,637.1589285714285,0.004273593850100989,0.1656601559416456
2897,-6.999107142857145,0.19472664592234892,0.5337957058455661
2898,-12.063392857142855,0.02346941804324087,0.2461590247490737
2899,-24.55714285714285,0.08209006825184013,0.38298356401666067
2900,-6.5285714285714285,0.06534243216114856,0.3533027569630931
2901,-42.59821428571428,0.07219339203392149,0.36541361264312994
2902,-10.303571428571438,0.2350871808236884,0.5721820066018144
2903,-17.636607142857144,0.19661575738263326,0.5351317177267181
2904,-10.505357142857141,0.05597701634262312,0.3325645744833373
2905,-7.9196428571428505,0.4107769202997962,0.7137390954775273
2906,-9.36607142857143,0.10866442361720831,0.42730346384284124
2907,9.605357142857141,0.1523269286021055,0.4839885414528195
2908,-907.0946428571428,0.0009057668771359176,0.11859210302321158
2909,-159.29553571428585,0.18976451917880605,0.5287354169138878
2911,-7.096428571428575,0.21924528379315558,0.5580649856327179
2912,-5.957142857142857,0.20062812736519323,0.5388186849545494
2913,-10.61964285714286,0.22402902493338842,0.5626445678847414
2914,-3.0008928571428584,0.7216784354885959,0.8902122655973961
2915,-9.961607142857146,0.13798461139373863,0.46667751007996167
2916,-10.608035714285716,0.058719745225172475,0.34008863959991975
2918,-9.29732142857143,0.1863384264496753,0.525242531678534
2919,329.18035714285713,0.1993775354758822,0.5375495217783844
2920,110.02767857142857,0.027286837096217778,0.25705071245256855
2921,46.75892857142858,0.04137865386032076,0.2967797357792969
2922,-4.5821428571428555,0.11118162568107087,0.4309299927072942
2923,768.1580357142857,0.012354527653675484,0.20877515845362288
2925,-14.619642857142857,0.007481138240089431,0.18747939041973874
2926,-328.97946428571424,0.0643507293757798,0.3513829241320647
2928,-0.18839285714285658,0.9468963404369672,0.981724859214935
2931,-16.177678571428558,0.14943135979531608,0.48037044770356135
2932,-93.03571428571428,0.07866223227333687,0.3776497675676145
2934,-465.83660714285725,0.05157791739190812,0.3207122294327961
2935,214.92678571428564,0.1686485465645482,0.5051753511734179
2936,88.14464285714283,0.08414119323127482,0.3869785884518357
2937,90.25357142857145,0.01998499136503882,0.23702373164501028
2938,-20.04910714285714,0.12001701290504052,0.44242034214544973
2940,1.0687499999999996,0.7808077946263483,0.9166342003266512
2941,-65.83660714285719,0.37141437603026606,0.6850779640191215
2944,-47.674107142857125,0.048008872554905865,0.3116700435691615
2946,-91.70625000000001,0.023570290995974845,0.24618049758656588
2947,-89.41785714285714,0.2706441315496441,0.6057444947719227
2948,-19.04464285714286,0.014309431751154553,0.21702423110789504
2949,-36.87321428571428,0.16429248304224256,0.4989366675722999
2950,69.34196428571425,0.04685076142875097,0.308288046830781
2952,-62.24017857142856,0.04331648100276962,0.3007135693154348
2953,4.791964285714283,0.5792864370640469,0.8168050500657134
2954,-8.912500000000001,0.41845703245487414,0.7191498175913119
2956,38.95357142857148,0.36055885295151074,0.6763261728119888
2957,165.51607142857154,0.05499698428660124,0.3292772794426109
2958,41.367857142857076,0.3538488412802243,0.670941903225815
2959,47.69553571428577,0.4614723451537362,0.7472492784092541
2960,-2.3812500000000085,0.8486161030477981,0.9447595331827566
2961,78.90982142857143,0.028834879412093402,0.2612977279769292
2962,36.27857142857144,0.006464004128681668,0.18069057216695386
2963,-20.569642857142867,0.05843930426072524,0.3393520560349072
2965,111.20089285714278,0.07117619420227006,0.36396917489797187
2967,-8.439285714285717,0.6354057412443196,0.8478749599435459
2968,4.796428571428571,0.33807379864211745,0.6596076416071717
2969,-5.234821428571429,0.38146520183254157,0.6925744531509087
2971,-264.8116071428567,0.3882026674313246,0.6971464837859465
2972,2.4732142857142883,0.647290192937049,0.8537522326208755
2974,-1.2160714285714285,0.7223219883196078,0.8905239179077874
2975,14.935714285714283,0.04216764213255166,0.29813177660830187
2976,76.02321428571429,0.05770582148726677,0.33725983856935443
2977,-182.48214285714283,0.0022908170979277142,0.1453621672449485
2978,22.528571428571432,0.03628350655257655,0.2831573966260523
2979,-4.404464285714285,0.44529999811129006,0.7367764380915353
2980,-0.42767857142857224,0.9393430347253126,0.9787474573877303
2981,-3.7964285714285726,0.38907344359391033,0.6976449733863651
2982,-175.91339285714287,0.013973629823610875,0.21551775732576597
2983,-28.74821428571431,0.7067029128459686,0.8832376966828442
2984,-3.7285714285714278,0.2987014778544873,0.629182037085525
2986,-3.899107142857143,0.05288555277795193,0.32377246849319813
2987,202.42857142857156,0.02318273490851864,0.2452192656258479
2990,685.6553571428569,0.008349989712384974,0.1902441948888578
2992,-1392.0017857142857,0.03468820676406935,0.27973357413000277
2993,-6.917857142857144,0.08440209949166075,0.38744214806902655
2994,-7.33303571428571,0.16188679698279965,0.49559392753590487
2995,-37.05982142857144,0.04227495550458342,0.29818429748925734
2996,-2.5249999999999995,0.34297130328743886,0.6629591268728506
2997,-238.2633928571429,0.04670400768353976,0.3080420674476154
2998,-10.333928571428576,0.03440312905896912,0.2788903031321131
2999,49.38571428571428,0.06138610695424811,0.3451104906612999
3000,1.2160714285714302,0.7332890190111663,0.8949835282370587
3001,222.8008928571428,0.13128196316069904,0.4582673393226853
3002,51.95803571428571,0.11979035827145103,0.44219688623891534
3003,151.80803571428572,0.13192553020693012,0.4586622123674078
3004,-3.2116071428571455,0.6752005239960893,0.8676413543492334
3005,-52.849999999999966,0.3763017543037441,0.6887255520556089
3006,-55.13571428571427,0.3805901889626356,0.6920075998755283
3007,5.367857142857143,0.24179925864894725,0.5785351833058324
3008,-0.1374999999999975,0.9765410989923157,0.9921096836633506
3009,-1.411607142857144,0.3623131718619305,0.6776278744587934
3010,-7.38125,0.19890672312206018,0.53715425697415
3012,-4.286607142857143,0.30588561269196346,0.6351802458766844
3014,41.33660714285715,0.06196663326936252,0.34656563768436943
3015,685.9589285714285,0.004820153230039131,0.16997001039451554
3017,4.6080357142857125,0.7725294008080241,0.9120914938603452
3018,-11.620535714285714,0.025743163044994993,0.253012302621805
3020,-14.985714285714295,0.67376613367532,0.8669231016566993
3024,1.838392857142857,0.493480390969462,0.7663085995036643
3026,-4.064285714285713,0.4082040726411786,0.7117113961432584
3028,86.01696428571432,0.4688054824084575,0.7516392706084302
3029,-38.383928571428584,0.1646293730830913,0.4993681538595294
3030,-343.82678571428573,0.1444256579153636,0.47431879787791675
3031,-3.653571428571418,0.6786022062681836,0.8689738301921198
3032,-1470.9705357142861,0.024657104087615477,0.24905360539264293
3033,-1131.742857142857,0.006841491468001127,0.1821044248782734
3034,12.291964285714284,0.36659311900046815,0.6805472898733735
3036,352.2928571428571,0.2851287788329664,0.618235088146115
3037,-184.26160714285717,0.06781258679426529,0.3579161292573081
3038,-6.084821428571425,0.11430614296500334,0.4352150673127826
3040,1324.1714285714286,0.27784666601478397,0.6124121992274583
3042,59.492857142857154,0.5505701471254139,0.8012978608962438
3043,2723.4125000000004,0.29836790373640826,0.6290392902424466
3044,-1.15625,0.8423109774658921,0.9423452086707383
3045,130.06339285714284,0.21772923296771898,0.5567659571012772
3046,-7.398214285714285,0.2114877112995501,0.5494775674163599
3048,264.1955357142857,0.2977728518288237,0.6286724591165361
3049,3.849107142857142,0.557033685407132,0.8052396971778489
3050,-2.950892857142855,0.5475233386108113,0.7994188730351192
3052,-69.65535714285716,0.2778916181123999,0.6124526048168116
3053,-4.097321428571426,0.38797452929343734,0.6971047951805834
3054,38.20982142857143,0.15489182008742572,0.48730170846331666
3055,155.84553571428572,0.00819558536206937,0.18975775366308964
3059,356.8767857142857,0.002500253252817894,0.14794037881322922
3060,-10.656250000000005,0.010389336662619047,0.19919918727710903
3061,0.6955357142857144,0.5704346294125335,0.812340772402482
3062,0.10000000000000142,0.9857777015592355,0.995177989237264
3064,27.238392857142856,0.3235958458864547,0.6488412378554316
3065,126.71428571428572,0.03401054515999757,0.277458453688879
3066,-7.782142857142851,0.4278588163845721,0.7247135425027936
3067,2.9937500000000057,0.8278915987106582,0.9366006571521289
3068,108.16964285714283,0.1267008316110228,0.45214855220499134
3069,672.7392857142858,0.04616102673662159,0.306951738867754
3070,40.38928571428571,0.002574801301329333,0.14867468905820463
3071,239.97857142857146,0.012905180386195153,0.21132150216095216
3073,108.86339285714294,0.03356136714233374,0.27630895174026454
3074,859.5312499999998,0.03643047904599044,0.283262563296067
3075,-920.2482142857143,0.11415988912312362,0.43488470321247247
3077,25.644642857142827,0.36727910129136326,0.6811500581087917
3078,-1882.7044642857136,0.07534788221855668,0.37180915706674966
3080,-33.462500000000006,0.21352083418720838,0.5523036817193321
3081,-7.791964285714286,0.2917604554892941,0.6244178535200671
3082,26.616071428571416,0.6068169632941425,0.8325023829600592
3083,0.6187500000000008,0.8013000670065514,0.9254397096696607
3084,-12.266071428571427,0.25194647292547384,0.5893358630632781
3087,29.724999999999994,0.47372274681917903,0.7547335576905426
3090,-2.6241071428571416,0.6669718704503688,0.863464281885585
3091,1743.7910714285717,0.018733994621176156,0.2334177894685613
3092,13.024999999999977,0.5985303977350243,0.8288200648665733
3093,246.97767857142867,0.008028145980620282,0.188147970800493
3094,-359.37410714285716,0.3562766233308358,0.6728250301397063
3096,41.879464285714306,0.38397876217684335,0.6941554960328961
3097,-62.501785714285745,0.3479538892268811,0.6667500400756922
3098,146.54107142857134,0.027232607732685446,0.25702448261428906
3099,48.7607142857143,0.38810705056898814,0.6971464837859465
3101,82.16071428571428,0.009311906948886088,0.195072159723324
3104,10.348214285714285,0.1467442537786472,0.4770008749639775
3105,3294.05,0.0015517754123127432,0.12969581044195497
3106,2730.836607142857,0.0025047600989135167,0.14794037881322922
3107,3591.146428571429,0.0026293566310766634,0.14883781238726526
3108,747.3892857142857,0.009560758612883498,0.19669047889675625
3109,592.9491071428572,0.11427804811242083,0.43513839964806805
3110,-3.577678571428571,0.3266322828672037,0.6511029984776995
3111,208.53928571428577,0.03095189681131238,0.2684949144248885
3112,67.81071428571428,0.2390622572255481,0.5758537718656641
3113,4530.301785714286,0.05084640720278062,0.3193608650483494
3115,1820.440178571429,0.007887180056137507,0.18798333344091506
3116,18.010714285714286,0.23569555240526438,0.5726657418786142
3117,257.94732142857146,0.41259407826127004,0.7152582902243521
3119,1409.5767857142855,0.12217546535108538,0.44552788106942165
3120,40.06874999999999,0.14544480615413438,0.4759439098150232
3122,1465.6482142857144,0.0308928673520869,0.268375847970355
3123,3619.900892857143,0.0051563197435759,0.17182093284629854
3126,1166.1250000000002,0.030766055764602097,0.2678131028386594
3128,361.55178571428576,0.03609689289736681,0.2827908896924388
3131,-78.45892857142857,0.1118940114790005,0.4317739485930095
3133,1461.2598214285717,0.008947502822667593,0.19343800586372112
3134,735.4276785714286,0.005057082465906904,0.17125077921971654
3135,477.9678571428571,0.015915380527804907,0.22215060018080007
3137,139.79821428571432,0.004629918042751143,0.16877366352077938
3140,188.75089285714282,0.007879577405605508,0.18798333344091506
3141,-3.0116071428571587,0.7815272946177512,0.9170262092365523
3142,27.049107142857146,0.06802978270666624,0.35825408781249346
3145,-3.3517857142857252,0.8679592064026631,0.9518356421378263
3146,130.27232142857156,0.9222411435519104,0.9726011597041259
3148,511.8517857142858,0.023070325641288397,0.2448670156367019
3149,21.080357142857125,0.573683272041853,0.8142132293015052
3150,294.6660714285713,0.27963078592789015,0.6139457923635246
3151,388.4991071428567,0.15563561675417142,0.48814693357241407
3155,35.6883928571429,0.43411417601915625,0.7290901317890823
3156,58.5830357142857,0.01746377686597777,0.2284287081692188
3157,-21.95089285714286,0.34226270441032225,0.6622974115602325
3158,-13.28303571428571,0.10066421809783342,0.41388297803789925
3159,35.16607142857143,0.09876863631998384,0.4106597103266248
3161,110.20267857142856,0.01317158903160973,0.21143764835680035
3162,150.08928571428567,0.4581052231637921,0.7448591282709729
3163,15.263392857142861,0.3436157965312026,0.6633017723680145
3164,-11.02589285714286,0.09121869456537648,0.3987353793861496
3166,-3.7750000000000004,0.08159258338921296,0.3826065321313655
3167,-5.212499999999999,0.3807307695141596,0.6921744637622755
3169,-7.5580357142857135,0.018856844319029786,0.23369626977202151
3170,-5.837499999999999,0.43828216586743807,0.7317417069378948
3171,-4.985714285714286,0.1890953201377572,0.528085398811192
3172,-13.12857142857143,0.03711119626603713,0.284939566893074
3174,-4.491071428571429,0.3412683851528686,0.66168477457474
3175,2.4133928571428562,0.6288328090405254,0.844401035065879
3176,259.2035714285714,0.10666614931784507,0.4240607547607667
3177,-12.446428571428573,0.0495528021990107,0.31637631419599566
3178,50.366071428571445,0.7709138017012169,0.9116407939442854
3181,78.54910714285688,0.7373495014675131,0.8969426748156019
3182,137.74642857142862,0.3085319830589304,0.63731479697039
3183,284.60803571428573,0.28452205212239934,0.617832356585543
3184,225.73749999999995,0.14457898794916765,0.4746388802275599
3185,8.821428571428584,0.6299020617187054,0.8449641851976304
3187,805.694642857143,0.06108417625551603,0.34491142587734575
3189,-486.24642857142885,0.010894310038308489,0.20239076824216223
3190,475.4455357142858,0.004569056594867246,0.16818693840239604
3191,23.38392857142857,0.09314892218172792,0.402206053047282
3192,-58.22946428571427,0.005991827066953084,0.17810639510881063
3195,0.23303571428571423,0.9539173086320133,0.9841896852896896
3196,-4.882142857142858,0.40594987333032717,0.7102044452942415
3198,14.926785714285714,0.01939160733210852,0.23544647113689113
3199,-8.471428571428572,0.29721795457786565,0.6282056254991053
3200,-59.9169642857143,0.1503711072236068,0.48170462240109085
3201,-19.587500000000002,0.007070896849128707,0.18392068754810276
3202,-9.339285714285694,0.5982707192584017,0.8287051996041935
3203,-10.580357142857139,0.23902888656086504,0.5758241263973959
3204,-32.44107142857143,0.006222341573044064,0.17952850950194416
3206,-179.28571428571416,0.008447386858893312,0.190663035587055
3207,5.6446428571428555,0.4525304775593045,0.7410751747268506
3208,1.0999999999999943,0.8516019837163402,0.9458671294981719
3209,26.838392857142864,0.28393817173831537,0.6174457269776327
3211,-7.9116071428571395,0.253845598140122,0.5909681114454501
3212,67.02678571428571,0.18222843055559634,0.5213405599197964
3213,-47.15803571428572,0.09213512679480267,0.4001499767658937
3214,0.07767857142857792,0.9964908539977407,0.9988946638357044
3215,-12.90267857142858,0.24746882731727965,0.5849195112213499
3216,-17.794642857142858,0.02429568936006494,0.2478513825108395
3217,9.577678571428578,0.7814569764333367,0.9170262092365523
3218,0.8955357142857148,0.7454945913548026,0.9000953268775689
3219,-7.702678571428574,0.17361805731557686,0.5114805368677819
3221,-60.8535714285714,0.024085523028739536,0.2477526110470337
3222,-8.802678571428572,0.10651604436302559,0.4238547835188081
3223,-96.6330357142856,0.7228015104147986,0.8907535631323336
3224,-25.640178571428567,0.0003971924498421402,0.09656838991718651
3225,-67.4732142857143,0.009588285950685272,0.19669047889675625
3226,-41.85892857142855,0.03698954703772866,0.28450984664324874
3227,6.7017857142857125,0.39519494529330407,0.7023057383035045
3228,1.2562499999999996,0.762373937127845,0.9076207635796444
3229,-0.5624999999999991,0.6585681641829496,0.8595248347346216
3231,-5.234821428571415,0.6036637310036064,0.8312217919638727
3233,1.279464285714286,0.5202139713188697,0.783113955998326
3234,-111.08928571428572,0.3131924812546895,0.6408330868131157
3235,-12.999999999999996,0.05899049863118306,0.3403485781140572
3236,106.88392857142858,0.282789376096547,0.6162418947022202
3237,10.49107142857143,0.3737493107396063,0.6866051866369188
3238,0.5866071428571431,0.33075242351829387,0.6541941452035855
3239,-7.127678571428568,0.48490734567879695,0.7612813661102326
3240,14.690178571428568,0.6213992598050851,0.8407365452436967
3241,50.5107142857143,0.1135249649232748,0.43396648427305334
3242,-1.2919642857142861,0.0760058510859093,0.372638639592663
3248,-34.437500000000014,0.2117660875964382,0.5497487997247541
3249,-14.256249999999998,0.08409570631242025,0.3869336651208935
3250,-10.176785714285714,0.4021632824496246,0.7073824947861674
3251,216.74196428571423,0.021009010594578516,0.23937255788545253
3257,33.519642857142856,0.025338623752614375,0.25170589637975854
3263,-4.3464285714285715,0.6391829508825576,0.8496873270445774
3265,-14.806250000000013,0.23433377522744778,0.5716414206291307
3267,100.53035714285716,0.04453811028397992,0.30347970834703414
3268,-8.926785714285714,0.07667383013165652,0.37412790036263255
3269,-31.202678571428578,0.6963228238663816,0.8778291536752227
3270,-245.72678571428574,0.018806444007635023,0.2334177894685613
3272,-5.558035714285712,0.2556731153395912,0.592880124743072
3273,-6.953571428571431,0.0036242889096874246,0.15872872242298958
3274,-5.410714285714288,0.4046126352954044,0.7092664347849073
3275,53.69285714285712,0.15548845105145792,0.487856053297922
3276,-54.01339285714286,0.07196527823609566,0.36528020098371045
3280,-44.66339285714284,0.5350805780372186,0.7918671160964929
3281,-181.84642857142853,0.1879326336678938,0.5269442951480544
3283,-3.9017857142857135,0.2015084142360007,0.5394242645877962
3284,-10.995535714285715,0.04270469592930338,0.29892193700354147
3290,57.826785714285705,0.15229462820144904,0.4839757436792981
3291,1.3562499999999993,0.785621660181371,0.9187898654723528
3292,-4.678571428571434,0.5696676805947247,0.8119726953937102
3293,-5.631250000000001,0.3949487230725106,0.7022609331682174
3294,0.06785714285714284,0.856788242834501,0.947738150523939
3295,94.89999999999998,0.6028851155862974,0.8307516345999164
3297,-13.799107142857142,0.225784839478275,0.5642556951492222
3298,-86.24017857142857,0.007177274377262782,0.18463030824512597
3299,0.7741071428571438,0.922275009618845,0.9726101532224944
3300,16.072321428571414,0.22034879723000114,0.5590177911486577
3301,215.3598214285713,0.02636476017569052,0.2546848805012123
3304,602.7410714285711,0.21773698572911768,0.5567659571012772
3305,124.83749999999998,0.40111859650792225,0.7065592499604799
3306,-365.14374999999995,0.06350234494454281,0.34992851338871983
3308,23.741071428571445,0.6045388706790509,0.8313919737846752
3309,669.3080357142858,0.0959789085579475,0.40638479248863774
3310,113.67589285714286,0.21654166256176388,0.5555250874318739
3313,-330.332142857143,0.04590086764020565,0.3063887117846715
3315,-284.58928571428567,0.1660304704222474,0.5013927627912939
3316,-77.38392857142856,0.02819848831157026,0.25916630777344796
3320,-413.5250000000001,0.24128192873276236,0.5779920019919288
3321,-14.588392857142864,0.08310513915141529,0.38470692431662273
3326,-352.8339285714285,0.0014878885708973575,0.1290963936360878
3329,62.14107142857165,0.8660315410672734,0.9510187894485364
3336,21.116071428571388,0.688657683081365,0.8742334120242781
3337,19.004464285714292,0.05709733346183958,0.3359205061216627
3338,15.223214285714292,0.4697246672576525,0.7522170986559706
3339,45.02767857142854,0.2876143650821657,0.6210536012345176
3340,-24.00892857142857,0.05757109455491615,0.3369045911152778
3344,33.07767857142858,0.773659110273991,0.9127157590728333
3346,-2.8151785714285733,0.3941227165471677,0.7015762497179542
3347,-2.840178571428572,0.49421282887173196,0.7665228071138513
3350,-10.13928571428571,0.018761036388246263,0.2334177894685613
3351,-1.3401785714285737,0.6517325237991696,0.8559977836725184
3352,-4.490178571428572,0.17666503669620875,0.5149629941549936
3354,-19.926785714285725,0.07410051197419368,0.3693424234755386
3355,-7.310714285714285,0.17763619700165809,0.5162452543559453
3356,60.44910714285713,0.06413301228326294,0.35102406523191204
3357,-18.99464285714285,0.5677792453616906,0.8109363994938126
3358,-3.8857142857142852,0.25227809485778985,0.5897094842389765
3359,-3.106250000000003,0.6339301360941729,0.8473530752725628
3360,-14.077678571428578,0.24882056093842972,0.5864665331425893
3361,0.7705357142857139,0.6890621769353614,0.8743925084264311
3362,-10.466964285714283,0.08942006535393487,0.39606426425463626
3363,-14.416071428571428,0.03342063624890999,0.2756963466564253
3364,4.2883928571428385,0.7375007010319585,0.8969461951936955
3371,2295.9633928571425,0.007482030725118791,0.18747939041973874
3373,-5.666964285714286,0.6349661042360613,0.8477853924013787
3375,-1.8812500000000014,0.7112913144899808,0.8852982254485615
3376,115.28392857142853,0.5764979916938602,0.8155062112778632
3381,189.91607142857143,0.15275460996936638,0.48454504752411653
3382,-19.87678571428571,0.04064147631808159,0.2953183248427034
3383,26.9375,0.13231935690668975,0.45913313694696084
3384,98.32857142857141,0.1928262176323077,0.5317382079510982
3385,215.12232142857144,0.08144868665672196,0.38244457408058696
3386,-7.5026785714285715,0.19365120585393902,0.5325326484811888
3394,278.16339285714287,0.044510614291804175,0.30336796763954044
3396,-25.7919642857143,0.49372288215849075,0.7663985982116442
3397,22.200892857142854,0.5222741539777909,0.7844873452949372
3398,410.71250000000003,0.009656513546882808,0.1972122668008337
3399,105.43482142857141,0.19549440284255135,0.5341789438922651
3400,-276.59821428571433,0.41977924455985993,0.7194805704172521
3416,-181.88392857142844,0.14921167692074727,0.4800605175733704
3417,194.11428571428587,0.32217333067349035,0.6475087066083328
3418,-642.6258928571427,0.036825756511363404,0.2841337358476055
3419,-70.4473214285714,0.3340217744321316,0.6566460706557168
3420,-265.9464285714285,0.062128823465057124,0.34684664563315715
3421,20.403571428571425,0.3174126651272479,0.6440965508399747
3422,-327.2660714285714,0.013106713031945822,0.21137711545547824
3423,430.08839285714294,0.15967355985750614,0.4927823105274003
3425,25.701785714285716,0.014126903226840976,0.2155857616657225
3426,291.7964285714286,0.6348788032520385,0.8477524927497258
3428,332.28214285714307,0.07573930842945427,0.3724243073423383
3429,286.03214285714284,0.11238706044311741,0.4322993013872769
3430,116.83035714285712,0.24199051135003408,0.5788271593342861
3431,94.3223214285714,0.07362586864086738,0.3684009780388464
3433,217.3571428571429,0.11314208740412952,0.4334391556068373
3434,-40.14999999999992,0.7338698539939225,0.8952828029516918
3437,194.20892857142854,0.17484872199456963,0.513135222503956
3439,1.10982142857143,0.7340671077149382,0.8953136235012548
3440,-1.9214285714285708,0.48308602868647316,0.7601660225186473
3441,-8.66339285714286,0.150388783714271,0.48170491554079503
3442,-4.191964285714283,0.5022895804259585,0.7723565770393813
3443,-18.18303571428571,0.0015408923541548906,0.1294136550897368
3444,-10.216071428571425,0.07077101822096932,0.363147859047151
3445,-6.208035714285715,0.01586285838815909,0.22201662919879842
3446,-20.31875,0.025900431920052636,0.25337379052225406
3447,-8.375,0.46552731095889643,0.7496673458611469
3448,-2.7812500000000036,0.4270502966018477,0.7242237892898891
3449,-3.422321428571429,0.47891975015666666,0.7580608343412584
3451,-5.6991071428571445,0.40374130937313396,0.7086989883772987
3452,-0.06607142857142989,0.986781614108888,0.9954413436249355
3454,72.06160714285721,0.22309569416966868,0.5615802244956469
3455,178.17857142857144,0.2292950855655617,0.5673112807161389
3456,-1.7580357142857146,0.5753617078407899,0.8149715382433986
3458,7.43125,0.19205576648689204,0.5307175302447049
3459,610.8651785714286,0.009231228641958878,0.19492717908956222
3460,81.3044642857144,0.3515022365931509,0.6695650791043106
3467,-0.4642857142857144,0.8162163664295461,0.9312081323377022
3475,-307.25089285714284,0.0061390856338134955,0.17892031291511348
3476,-41.27499999999998,0.4636189406478095,0.7484458952379528
3479,136.3026785714286,0.5651904344108011,0.8099438314525869
3480,-54.50357142857143,0.4186702821177236,0.7191506764838027
3482,-86.98124999999993,0.3954547549984226,0.7024525253261453
3483,-7.308928571428574,0.4593757994036153,0.7456690862569446
3484,98.7125,0.23103535116367216,0.5689957706846819
3485,5.009821428571429,0.3251344823583047,0.649898478767362
3486,508.54196428571436,0.2676556413956042,0.6032927482089566
3487,35.592857142857156,0.40317160512990013,0.7081222415519648
3488,-190.10178571428582,0.1900599081412481,0.5289115629675136
3489,-111.19017857142859,0.3534022080667463,0.6706558511002518
3490,-1569.0446428571431,0.21808830962694073,0.5571634415778626
3491,1161.300892857143,0.062137439854695,0.34684664563315715
3492,38.6125,0.2701762256642681,0.6052598331986985
3494,2712.9464285714284,0.029774838586681285,0.26410436400499665
3495,203.43035714285713,0.32707674778638457,0.651377620209098
3500,25.740178571428572,0.3402690453275105,0.6609354155097095
3507,2122.5482142857145,0.14087297828364997,0.470042127183514
3508,9.097321428571433,0.1466571572640667,0.47682270534727506
3512,1559.5205357142856,0.030193887140800575,0.2659605316088933
3514,1988.1946428571428,0.04758906754297782,0.31034497470328154
3516,618.7580357142856,0.182017781053974,0.5211469511482001
3537,6165.917857142857,0.04418187270726825,0.30271340020851467
3543,-7.502678571428568,0.14816451410953702,0.47918463188851823
3547,-20.44821428571428,0.209107628020991,0.547162458102306
3549,-26.256249999999994,0.10638156256732391,0.4237205458853671
3550,-144.9625000000001,0.231587378122076,0.569298146333532
3551,36.45624999999998,0.5945996701653581,0.8265467549651926
3552,-8.063392857142858,0.35677383820381614,0.6730039055933963
3553,82.82142857142857,0.09487122455312665,0.40473503452264353
3554,782.5669642857144,0.10771702079238867,0.42560100926650973
3556,15.558035714285715,0.37106785875773024,0.6847853369419415
3557,124.63839285714289,0.038504740270442456,0.2890847070195864
3558,-0.9910714285714288,0.5731463776020744,0.8138788716565831
3559,6.81607142857143,0.40740981337219495,0.7112565152987023
3560,29.418750000000003,0.1552591277072364,0.48770891855894244
3561,24.746428571428577,0.031204253819281727,0.26886198072317047
3562,0.5589285714285714,0.41783778696188667,0.718863498095309
3563,14.966071428571425,0.34325721574952883,0.6631194807838569
3565,-5.240178571428572,0.29568058972948,0.6270710179053622
3566,74.00625,0.008863060045864844,0.1926440571942247
3567,-5.142857142857144,0.2368022781162569,0.5736448629156555
3568,11.950000000000001,0.12273830062820236,0.44628437774519186
3569,7.989285714285714,0.6755616540004911,0.8677630314219864
3570,17.324107142857116,0.5506380429956105,0.8013112344270675
3572,-116.59374999999955,0.7372710723350825,0.8969426748156019
3574,10.697321428571435,0.5608039400220919,0.8074247642056056
3575,485.33839285714294,0.026809432677050275,0.2558125186069326
3576,387.1196428571429,0.034958011128732994,0.2803878071639099
3577,10.14196428571428,0.5457843047626004,0.7983092950499958
3578,0.8473214285714272,0.8187519316197172,0.932415368908728
3579,25.59732142857143,0.5625384347496125,0.8081769167284616
3581,-12.272321428571423,0.211010968712709,0.5491467806353165
3586,-1.80892857142857,0.7392816187057284,0.8978744041375104
3587,266.1410714285715,0.003312223211044716,0.15408650980512376
3588,29.50535714285715,0.1423434584532234,0.4719604967210424
3589,13.692857142857143,0.3249042796985971,0.6498204445447853
3590,-12.621428571428567,0.384170536429417,0.694278727582613
3592,-3.0803571428571423,0.4769010253395309,0.7567852598676004
3593,-4.270535714285713,0.15059221509535012,0.4821755305890295
3594,68.12321428571428,0.028917296838074744,0.26156800825088167
3595,-6.6678571428571445,0.20196243952878723,0.5398697390758939
3596,-8.469642857142855,0.24214465907526259,0.5790061682087125
3597,327.9455357142858,0.041925175977891235,0.2975529404363619
3598,-42.881249999999994,0.4002708443824381,0.7060982259988967
3600,44.70089285714286,0.17512047526093732,0.5134147961778268
3601,35.512499999999996,0.06369144709579154,0.35018070559545844
3603,45.91339285714285,0.06795027703082318,0.3581370321568951
3604,-5.0741071428571445,0.4199067745461853,0.719586362586199
3605,-8.665178571428571,0.13812904412794585,0.46693492566436495
3606,26.54910714285714,0.031033775823471,0.2687269311065402
3607,-21.483928571428578,0.14952927886042133,0.4804505200826145
3608,17.628571428571433,0.6657076406553749,0.8627877791881815
3609,100.68839285714284,0.10070359749917004,0.41388297803789925
3611,45.07678571428565,0.23599256843868244,0.5730035384752181
3612,137.6428571428571,0.22512014660600435,0.5637791094245223
3613,-188.65982142857143,0.02947607635298437,0.26323047815458245
3614,26.46785714285714,0.126523766585383,0.45195916229294497
3615,70.09196428571431,0.480639177330957,0.758871091298336
3617,-2.6776785714285722,0.10726617787470427,0.42495001550615674
3619,-16.273214285714282,0.014774449635382674,0.21755971992092024
3620,-1.934821428571432,0.8997291404384256,0.9634420705910096
3621,146.0160714285714,0.0029628869333162638,0.1515798484623921
3622,-1.6428571428571388,0.9338193252838988,0.9766866919499869
3623,3.5116071428571436,0.425654862810752,0.7233242350899486
3624,888.8919642857143,0.18517647945843946,0.5242358308535995
3625,-3.9285714285714306,0.7845891283118739,0.9184167720829773
3626,-9.29196428571429,0.08242154141182972,0.38338330211646515
3627,206.7035714285714,0.03370719148667087,0.2765932304568107
3628,45.025000000000006,0.5746222073341694,0.814648251439105
3630,0.45714285714285685,0.7798929819318582,0.916040467063578
3631,108.60803571428568,0.14672589336941116,0.4770008749639775
3632,-418.8616071428572,0.0024981241920162952,0.14794037881322922
3633,-7.972321428571419,0.6256704139439159,0.8430728350167831
3635,18.04732142857143,0.16081999345281514,0.49427605810120506
3636,3.372321428571432,0.7247746627897367,0.8917097453656867
3638,63.04821428571432,0.4107405166395189,0.7137253052487387
3640,-6.0741071428571445,0.5833819609260762,0.8192430449898088
3641,-1.6196428571428587,0.7197697450886816,0.889297338568355
3642,-8.042857142857144,0.11732452007895089,0.43958688426650117
3643,-98.59732142857138,0.5057198407100625,0.7745597033677704
3645,-3.233035714285716,0.468482320598053,0.7514326453097662
3646,-663.3785714285714,0.12776578557806964,0.4536503229737104
3651,-5.8705357142857135,0.008213682318631543,0.1897704920352109
3652,-14.017857142857139,0.1370066255276567,0.4654904483641614
3654,449.81160714285716,0.027574403664562944,0.25715973243274204
3655,-208.3750000000001,0.2420726867989147,0.578897089215355
3656,-31.23750000000001,0.09568661372473425,0.4062167563785888
3658,-12.080357142857142,0.031648931226194534,0.2703390202577985
3659,125.0544642857143,0.020852111170148593,0.23894376891608635
3660,49.62232142857145,0.4193993250832335,0.7192369897264435
3661,26.422321428571436,0.2813832755640424,0.6153768827876376
3662,92.19732142857143,0.17071027104890169,0.5074407671985425
3663,33.26071428571429,0.20177241521643796,0.5396950639381021
3664,-24.027678571428574,0.07642490617467126,0.373623268460321
3665,21.927678571428586,0.15192844406471334,0.48342476163872444
3667,-458.7598214285715,0.04610340525013505,0.306951738867754
3669,128.6080357142857,0.054264847150885615,0.32728685922322504
3670,-6.616071428571427,0.47847957727444645,0.7578076136596168
3671,281.99285714285713,0.05403313716278918,0.3265915728170848
3672,-113.0428571428572,0.02329314700106276,0.24544870254481355
3673,6.20000000000001,0.6996530523630532,0.8794723799418321
3674,-5.458928571428571,0.36468923179243545,0.679382746099054
3675,-9.874107142857142,0.18731970955956742,0.5263074569811426
3676,118.26607142857145,0.048847031567522604,0.31449734467196166
3678,48.28571428571429,0.15491023916671084,0.48732550785039797
3679,-131.59732142857138,0.029488867595235932,0.2632332793093101
3680,-93.92589285714283,0.03208251786892868,0.2717103135839495
3681,4.891964285714287,0.32566646455847387,0.6502138203773247
3682,-25.84553571428569,0.7652601981722453,0.908965726033923
3683,28.38392857142858,0.06646060469149397,0.35548034012547214
3684,393.24107142857144,0.04164983599808043,0.29732403488641435
3685,804.6678571428574,0.24120377571656168,0.5778790114328589
3687,50.69553571428571,0.009184797895053092,0.19492717908956222
3688,106.49553571428572,0.2876978802715956,0.6210961700959287
3689,400.33214285714286,0.016364796824737494,0.2241849746414504
3690,-5.859821428571429,0.39962040872518095,0.7056162027783225
3691,-14.441964285714285,0.038380781633089646,0.2887786144025944
3692,71.37142857142855,0.026684256265453035,0.2555500385457748
3693,1123.6196428571425,0.04941245629561842,0.3160136404476522
3695,40.25714285714285,0.03147232001187021,0.2698197529912913
3696,1065.7928571428567,0.30886320223207075,0.6376579534810433
3697,-4.0098214285714295,0.2075160270232471,0.5453062331917973
3698,-5.630357142857143,0.29139986467426376,0.6241511249842042
3699,-0.02767857142857366,0.9947661785469513,0.9983633909478057
3700,71.50892857142856,0.097834775926616,0.4096665466666497
3702,31.546428571428564,0.18618087130854746,0.5250381235194365
3703,77.58125000000003,0.020272466880299024,0.238009362137482
3704,56.633928571428555,0.08212873602187447,0.3830082430907529
3705,63.15446428571431,0.15904713074157684,0.4919969925974264
3706,-1.418750000000001,0.5053000079067091,0.7743841134237086
3707,27.874107142857127,0.29178131927246886,0.6244380629099043
3708,74.31071428571425,0.20080609441800115,0.5388186849545494
3709,39.76517857142858,0.6109435748356612,0.8347154913670217
3710,206.54642857142858,0.07473041354997298,0.37069371128064343
3712,-38.30803571428573,0.016148969804238324,0.22336071946540104
3713,-3.411607142857145,0.4343803810805007,0.7291198911799973
3714,-37.39553571428573,0.04269644018235702,0.2989024157452459
3716,-159.2946428571429,0.5287712127883253,0.7883750719603494
3717,21.96875,0.3269526215676371,0.6512253036142279
3718,88.06607142857143,0.0008029915075332995,0.11789051123565568
3720,-27.552678571428572,0.3758267050188964,0.6882938667149515
3725,73.35892857142856,0.014032134358165084,0.21551775732576597
3726,65.41785714285716,0.19981925135388215,0.5379446337965191
3727,-134.05714285714294,0.81379942792109,0.9303408966166017
3728,-6.239285714285707,0.6031794165301297,0.8309732304982701
3730,-179.98571428571427,0.3689414156779424,0.6828894648495718
3732,44.286607142857136,0.11403614003011754,0.43488470321247247
3735,-444.08035714285734,0.3781079929956981,0.6897770353479877
3736,-19.24017857142858,0.4882566845544223,0.7632937104138229
3737,-6.343750000000002,0.13477699719656774,0.4624079017145044
3738,26.82142857142857,0.36886488020309016,0.682817149414408
3739,-8.852678571428573,0.1025895391976458,0.4165985632524721
3741,-13.874107142857142,0.2040884461439438,0.5414924924986717
3742,1.6508928571428552,0.6521642729915084,0.8563354562380536
3743,-56.76428571428571,0.02303494034593363,0.2447895981990307
3744,-1.4419642857142847,0.41586073750440317,0.7176915445551986
3745,-47.900000000000006,0.004871913229382409,0.16997001039451554
3746,-7.46607142857143,0.07558355247552206,0.37223299690138434
3747,-11.804464285714282,0.11081877587230132,0.4302667640120775
3748,-9.07589285714286,0.06583375315113142,0.3544811272483247
3749,-9.096428571428575,0.22956770422273956,0.5675899043144155
3750,9.885714285714286,0.033064855165011134,0.2750996286274776
3751,-23.533928571428568,0.0019779702634634146,0.13973184654505375
3752,81.78482142857142,0.13931188158918215,0.46809716850347427
3753,7.956250000000001,0.06190778596296159,0.34632679048835363
3754,-13.582142857142852,0.11258392087586679,0.43245228845637324
3755,6.108035714285716,0.1962604071804347,0.5349221217642207
3756,-1.9241071428571423,0.5927114357993248,0.8254276994099552
3757,-21.083928571428586,0.5402617855637946,0.7948019137817965
3758,-1.8910714285714274,0.5652925468710535,0.8100264702844859
3759,-37.55535714285716,0.6260496860024103,0.8431868751453973
3760,-5.135714285714283,0.5229168654118885,0.7848604587995206
3761,-0.9401785714285715,0.651696151652965,0.8559977836725184
3762,85.95625000000003,0.20991206368361584,0.5482441044187301
3763,21.833035714285717,0.2039693879356705,0.5413724290618728
3764,-41.05178571428567,0.5396619490545022,0.7943041716573318
3765,-0.21607142857142847,0.9519823409315818,0.9835797889432274
3766,-5.620535714285715,0.2719064465691165,0.6070378743209132
3767,-24.241964285714285,2.9648656420123635e-07,0.011406746147836827
3769,-2.709821428571429,0.3282484973164743,0.6525571282026102
3770,-9.27142857142858,0.180860655982649,0.5202312902910003
3772,220.44196428571428,0.016022051856488986,0.22275068684915222
3773,-5.752678571428575,0.10461525250854048,0.4199588054995926
3775,138.2232142857143,0.11045426243947311,0.4298357137519991
3776,6.912500000000001,0.13517918383093924,0.46280036793716983
3777,-14.173214285714288,0.18166250892639738,0.5208621526909056
3778,483.5044642857142,0.2205669684759285,0.5591876135355341
3779,4.3776785714285715,0.5257500723955264,0.7866052424299
3780,-10.412499999999998,0.2781797035779644,0.6125936560788305
3781,-65.02410714285715,0.00110664469257613,0.1240993704425147
3782,42.46875000000001,0.2529114635462909,0.5903823016562828
3783,49.184821428571425,0.08610999904571064,0.39044942875463057
3784,8.908928571428575,0.45060914682847136,0.739762644212307
3785,-4.976785714285715,0.30072766706430143,0.6307217460102298
3786,-15.259821428571428,0.5118689922203237,0.7785039124772928
3787,-46.97946428571429,0.008601587301453219,0.1913559683331619
3788,-24.474107142857143,0.2400874648114786,0.5768999797208224
3790,-373.55535714285713,0.016065566562745017,0.2231631889778629
3791,-43.741071428571445,0.21089942151968077,0.54901327770264
3792,-9.97767857142857,0.10150633777790082,0.41518753801756875
3795,-8.25357142857142,0.46578929035801653,0.7499058589957994
3796,70.28035714285714,0.004771919252546864,0.16997001039451554
3797,-4.991964285714289,0.8318592961123351,0.9382952496023179
3798,9.62946428571427,0.5896447861208094,0.8235956642436965
3799,-491.43214285714294,0.03215142415383327,0.2719491206081117
3800,36.4357142857143,0.16318888824249464,0.49790063194011897
3801,17.745535714285715,0.1267266317250471,0.4521527497380486
3802,-2.1750000000000003,0.020093011583978162,0.2373444182044846
3803,-13.098214285714285,0.03181524245866604,0.27078119262571076
3804,-15.016964285714288,0.046151466983862556,0.306951738867754
3805,-4.959821428571427,0.36507531097832485,0.6796551214630094
3806,-22.482142857142854,0.01737074013440543,0.2283369916124698
3808,-14.2625,0.019733641816042292,0.23641453220133712
3809,-0.6232142857142864,0.615535893113109,0.8372164027055882
3810,-1.382142857142859,0.3912301353449187,0.6993104370989743
3811,-11.720535714285717,0.04207097578220383,0.29806098084741345
3812,-12.20803571428571,0.017895565285836832,0.23022381619545812
3813,-1.0258928571428574,0.5141762258329184,0.7798605869111063
3814,-4.967857142857142,0.22070606188961903,0.5593544573785341
3815,-37.16428571428574,0.4179908083376098,0.718984692816297
3816,-6.61785714285714,0.4573349589942219,0.7444343815889014
3817,-11.733928571428574,0.018082067988426112,0.23066212282600992
3818,-21.090178571428567,0.035165520480208365,0.2809761036525004
3820,30.560714285714287,0.1564707559056932,0.48880718076999824
3822,7.875892857142858,0.4574745471760975,0.7444916186123083
3823,-2.0241071428571438,0.5531954113989794,0.8027272251980998
3824,23.983928571428578,0.014462445151802776,0.21716162281049847
3827,4.690178571428573,0.2305936242949816,0.5686831938803842
3831,-259.4874999999997,0.05879728066365206,0.34018212180997065
3832,40.950892857142854,0.012420933799625448,0.20915138758685597
3833,5.25,0.4535710249811889,0.741596764080338
3834,-17.98214285714287,0.08753540721591058,0.39240892223020574
3835,-4.197321428571424,0.49506498597197424,0.7672026900603071
3836,-475.536607142857,0.007253759280724493,0.18483425784893762
3837,-359.32678571428596,0.05292712076441309,0.3238713293558238
3838,239.72053571428592,0.2542593841107625,0.591332333415115
3839,-726.8526785714283,0.026872814730961758,0.25605980226827013
3840,-612.9910714285713,0.009615740315467781,0.19698036783372083
3841,-122.25803571428571,0.0021093094060055904,0.14344091016586524
3842,957.6687500000003,0.30734205324549435,0.6363436498351726
3843,-285.5982142857142,0.012127126202800978,0.2084409384275836
3845,262.68839285714307,0.1656525822309883,0.5007494296168123
3846,-2.097321428571429,0.4514914994818328,0.7402332294041384
3848,-4.112499999999997,0.644292823882444,0.8522042100546529
3849,-6.929464285714289,0.2480211339922271,0.5855148997559709
3850,2.650892857142857,0.5290667156661736,0.7884049639295757
3851,-1.2116071428571429,0.29127340018700115,0.6241083652162984
3852,-3.8053571428571438,0.44989329491626234,0.7392533479457427
3853,0.6410714285714283,0.7284481400759061,0.8931254745020789
3854,-11.134821428571428,0.08888284004399788,0.39528788672568604
3855,-30.058928571428567,0.06459288389064685,0.3517195425476662
3856,-16.263392857142854,0.21574962967802516,0.554745626535272
3857,-1.8732142857142833,0.6945953738540701,0.8773637970594244
3858,226.9357142857143,0.1911941137036663,0.529829608046019
3859,2.2901785714285716,0.375929931211731,0.6883906821957732
3860,-7.087499999999999,0.010551940420222231,0.200354403798481
3861,2.23392857142857,0.6855852668600335,0.8726644389606051
3866,-0.3169642857142838,0.9083423568212443,0.9668557936045543
3868,-1.5794642857142858,0.6447035225473526,0.8524586480115237
3872,-9.419642857142861,0.3313781893817506,0.6546502169934891
3875,-6.602678571428569,0.6638165481451638,0.8618174524671403
3880,-5.640178571428571,0.05074772823554439,0.3192068745447988
3881,-24.699107142857144,0.01510448256727407,0.21879289582888783
3882,-2.9160714285714295,0.5571506076982641,0.8052996730281861
3883,-6.764285714285713,0.0734893951327709,0.3681911887080741
3884,3.4178571428571427,0.06122964807546229,0.345091621571022
3886,0.2732142857142854,0.8894327341048465,0.9595755656629589
3887,0.2821428571428566,0.9173725744339246,0.9707434923682446
3888,3.9223214285714327,0.695519821037328,0.8777320806376305
3889,1.2116071428571438,0.5164447422148709,0.7811607126621315
3890,0.8669642857142854,0.729333947164172,0.8934995304982455
3891,5.576785714285711,0.4626683578809768,0.7481041127090083
3895,-1620.1348214285715,0.002415608431710587,0.1473649815939666
3897,-7.908928571428568,0.37942533136357653,0.6907872480874709
3898,-1.6151785714285722,0.7551272521992008,0.9042835445416917
3899,-50.16964285714286,0.3964331768529456,0.7033772879293597
3902,6.314285714285713,0.17368869817796115,0.5115294880845058
3903,137.71964285714284,0.027472656681482382,0.25715973243274204
3904,68.31071428571428,0.10591435759688288,0.42269105851164757
3906,0.3044642857142854,0.9330156329802247,0.9763182724056226
3908,-128.92678571428573,0.024355936165704306,0.2478513825108395
3909,-16.26696428571429,0.03899900022047683,0.2904519102625357
3910,-92.54464285714266,0.6959808578951745,0.8778043519719001
3911,-54.92767857142859,0.04113333225514995,0.29626728244636064
3912,207.12142857142857,0.15423382063033436,0.4864857754205777
3913,90.45982142857147,0.06992189317888767,0.3618532427407178
3914,-2.726785714285711,0.8458427400657701,0.9437858781064873
3915,42.866071428571416,0.2760942672521336,0.6106330315735713
3916,538.9553571428569,0.8283216345383863,0.9367964042773926
3918,14.988392857142854,0.34630171266079923,0.6653329868483097
3920,630.6249999999999,0.008165852443079984,0.18959771020517288
3925,45.77678571428572,0.009284355922597189,0.195072159723324
3927,351.1053571428572,0.007771882482654851,0.18798333344091506
3929,157.93124999999998,0.08614418117468478,0.39044942875463057
3930,117.75446428571422,0.45778207682836797,0.7446074567320468
3931,9.461607142857142,0.2488136636470052,0.5864665331425893
3932,44.55089285714285,0.353398188748467,0.6706558511002518
3933,0.9803571428571427,0.816303372965938,0.9312173868492877
3934,-1.0848214285714288,0.8264564260549115,0.9357127641703896
3936,130.4303571428571,0.010444918712570648,0.19919918727710903
3937,132.20357142857142,0.04063347389754043,0.2953183248427034
3938,-16.158928571428568,0.00767068543990989,0.1878321840087255
3939,124.56428571428478,0.8909351044155925,0.9600709556447323
3945,-1209.2705357142859,0.10742959116544973,0.4252173928994612
3948,-13.691964285714286,0.06296687085435887,0.3484527999961611
3949,-8.779464285714287,0.23161529954955926,0.5693281707895587
3950,-4.393749999999999,0.197188219150382,0.5354490132628327
3952,-211.94107142857146,0.10782459187733286,0.4258300691455801
3953,-16.158035714285717,0.05433100825466022,0.32736917305747715
3954,15.49642857142858,0.3049223191355404,0.6342075219472706
3955,13.583035714285714,0.34939521022367287,0.6678267127767633
3956,418.64464285714257,0.4813403897386403,0.7592752115952306
3957,23.79285714285714,0.27972032395218877,0.6139457923635246
3958,1049.7875000000004,0.03460322828854699,0.27968395234727883
3959,175.70357142857148,0.2846730978589827,0.6178841455117062
3960,4.880357142857143,0.1867062714748692,0.5256827515556448
3964,67.80892857142858,0.0009153729110038264,0.11859210302321158
3965,4.202678571428578,0.7514627363442714,0.9025179050527863
3973,-12.795535714285709,0.032343635464623585,0.27277314037147843
3975,-5.563392857142855,0.24385033111162102,0.5811144692297111
3976,1.744642857142857,0.8045300222637077,0.9266899852306832
3977,-587.8999999999999,0.03474469941613776,0.27973357413000277
3978,9.146428571428569,0.10665288279536077,0.4240607547607667
3980,46.56160714285714,0.10450347533771362,0.4198401628600448
3981,-18.20535714285714,0.37125089846820736,0.6849332442146581
3982,-2.6678571428571427,0.5069189191018484,0.7751697628996019
3983,-586.9625000000002,0.006638848969952118,0.18122967135939963
3984,10.945535714285715,0.11248969641916151,0.43235726822300846
3985,62.8026785714286,0.0552562582773646,0.33010663475905916
3987,-7.603571428571428,0.36286252349522957,0.6779300457209696
3988,567.8803571428573,0.2345182414000087,0.5718872864076302
3990,1.6589285714285715,0.8043235115290442,0.9265303555395041
3991,-29.201785714285705,0.18439394826473937,0.5233460922640482
3993,-5.320535714285718,0.6830356436577489,0.8713954678707942
3995,12.387500000000001,0.03848297755750006,0.2890847070195864
3996,63.35982142857145,0.12203757385069065,0.44534588113125334
3998,518.9258928571426,0.17843730100354255,0.5173850152457177
4000,158.32053571428568,0.06029024238755704,0.34332564515788816
4001,32.028571428571425,0.0497305680503284,0.3169758461356616
4004,-25.75357142857144,0.06644312521268586,0.35548034012547214
4005,-46.01964285714291,0.2615748367790097,0.5980181560063708
4007,-3.602678571428573,0.16266181344688813,0.4969565629307448
4008,-86.18839285714284,0.012512645806350552,0.20972682693507555
4009,1.535714285714286,0.4606941058571831,0.7465680801685493
4010,-2.912499999999999,0.04496683967119718,0.304419953119964
4012,-353.6116071428571,0.02309794745738814,0.2448670156367019
4013,147.91875000000005,0.12730756278142372,0.45298327444190695
4014,-0.6616071428571431,0.8466844005437815,0.9441447140141489
4015,747.7053571428572,0.18523547651443478,0.5242684808060656
4016,84.19821428571429,0.08435080553655519,0.38744214806902655
4017,374.40625,0.2388998302606915,0.5756907849399845
4018,3.251785714285715,0.3770608517898965,0.6890131824403235
4023,-1799.8392857142858,0.012714955781637309,0.2104514998795099
4025,1.928571428571427,0.7113457996636199,0.8852982254485615
4026,-481.9696428571426,0.051093705902990415,0.3198970855656597
4033,68.7017857142857,0.10165911738030618,0.4153173244692755
4034,131.67232142857142,0.017992462474278086,0.23028412759518527
4035,120.86785714285713,0.028646765705862016,0.26078286962504255
4036,0.9508928571428559,0.7831665393652256,0.9177991277367871
4037,-37.78928571428571,0.0024004433295738356,0.1473649815939666
4038,-5.32946428571428,0.7418106991051072,0.8986817553581099
4040,-165.7276785714286,0.06339894098556288,0.3496057495210218
4041,-1.7937499999999993,0.6790417312893271,0.8692516367737575
4043,323.9785714285714,0.002090775102581092,0.14305164619125957
4045,-13.541964285714286,0.158762401133178,0.49158082919676677
4046,20.42410714285714,0.15079263722030756,0.4824556453951163
4047,11.065178571428532,0.44090527758845804,0.7336568279307609
4049,-0.9499999999999993,0.6895837226960004,0.8744763645903392
4050,82.72500000000001,0.07835256805927449,0.37698756963843677
4051,6.6848214285714285,0.7597323086192177,0.9064933718014172
4052,1416.5866071428575,0.05912535880190097,0.340560684565906
4053,790.4499999999999,0.05143804202903728,0.32043494193397615
4054,322.87767857142853,0.04986627761497326,0.3173298231332486
4055,15.33392857142858,0.11796073592846779,0.4402391287978823
4056,-1.887500000000001,0.6868058378980053,0.8731597727543469
4057,21.28928571428571,0.10286733802087003,0.4169380227788771
4058,-6.729464285714286,0.051718561356120143,0.32114847724541384
4059,-17.70089285714286,0.22859124402720585,0.5669415408114076
4060,1032.077678571427,0.5436013176494364,0.7970768623279054
4061,61.66874999999999,0.010349564070537576,0.19919918727710903
4062,-4.277678571428572,0.3011084847925196,0.630818698981953
4063,47.393750000000004,0.2198783906750059,0.5586881220446114
4064,91.88035714285712,0.04523096827665939,0.3051288957503173
4065,225.32767857142852,0.041014392843973395,0.29614986776722746
4066,65.15803571428572,0.00274194366857507,0.15053197737333318
4067,332.63125,0.0019909864659125175,0.13973184654505375
4068,-10.409821428571426,0.5059165741709084,0.7746240425105928
4069,2809.335714285714,0.13646229315969977,0.46462433846024365
4070,18.886607142857144,0.3104493524403334,0.6389782542040064
4071,-524.5892857142856,0.06881632950243072,0.3601199096042687
4072,44.17410714285713,0.29141520866660975,0.6241511249842042
4074,194.14285714285717,0.0011408961512142971,0.1240993704425147
4076,251.95625000000007,0.04215812114464525,0.29813177660830187
4077,92.31964285714298,0.558346394476615,0.805902563833393
4082,930.3580357142857,0.005625242294149308,0.1756482709495222
4084,102.65089285714288,0.14874490206603608,0.4796694886966273
4085,85.73035714285712,0.007467745751831005,0.1874651051337742
4086,-83.32678571428573,0.00039031243977620094,0.09656838991718651
4087,69.59821428571445,0.7572202158673885,0.905447484406645
4088,-211.96339285714288,0.011385202243487807,0.20593914413007358
4089,-67.13124999999997,0.2249277225527283,0.5636424440906892
4090,119.90089285714285,0.04468970154405278,0.3038688511281042
4091,76.24642857142857,0.14415890415770785,0.47398449003684384
4092,131.2267857142857,0.05310211534772016,0.324229163885683
4093,-161.70714285714294,0.03553745297164348,0.2815881789411105
4094,97.25982142857151,0.815698821748058,0.9310925624501423
4097,-33.58660714285713,0.09064755516595968,0.39781355896289283
4099,-5.476785714285715,0.06526775360933916,0.3531531264982247
4100,-4.091964285714285,0.3781217374880953,0.6897770353479877
4103,-5.0482142857142875,0.13780626705081933,0.4664157400232248
4105,-8.163392857142856,0.10895039112607856,0.4276593057995638
4107,-3.8410714285714267,0.29558684881220293,0.6270525319912047
4109,-2.1866071428571416,0.47527903493421786,0.7555611705405347
4110,-0.5241071428571429,0.8195487930808771,0.9327486259245713
4111,-11.117857142857146,0.042250531740970876,0.29818429748925734
4112,3.0910714285714285,0.44473591138897517,0.7364225432385056
4113,-5.03125,0.4603848357273705,0.7463984371187873
4114,-4.59017857142857,0.2303251437667624,0.5683342689974322
4115,-3.408035714285714,0.3905125096797608,0.6988959563581317
4117,-9.22767857142857,0.2543268426876858,0.5914389062119527
4118,-181.1526785714285,0.0030778992968123215,0.15203924887737885
4121,-325.89107142857165,0.2702218229829097,0.6052598331986985
4122,-59.224999999999994,0.08886166466981875,0.39522586153276984
4123,11.192857142857143,0.4048093641480952,0.7093667505784144
4124,1004.3267857142856,0.0014619682910396166,0.12830640097920887
4125,382.9669642857142,0.0012341776679721187,0.12532423491627354
4126,72.34375000000003,0.003657325084595273,0.1593340629484036
4128,-340.2107142857143,0.07901593184105457,0.3782566691138076
4129,-145.6598214285715,0.0899406003291892,0.39702101751965274
4130,-9.539285714285715,0.07579229468449619,0.3724243073423383
4131,-134.6580357142857,0.20493453591451896,0.5421587918481794
4133,-61.09910714285715,0.0006864418689975834,0.11428329961427276
4134,-893.0741071428574,0.0318095426237564,0.27077483153571247
4135,-22.243750000000002,0.005920361601703739,0.17799075792294128
4137,-121.72142857142856,0.001985546292603557,0.13973184654505375
4139,-38.48839285714287,0.011874660925956518,0.2072329406830945
4140,-41.708928571428544,0.029407470409830286,0.26302199323694925
4142,-5.654464285714287,0.3267583497969042,0.6511291418725216
4143,-0.19642857142857295,0.9554238214028016,0.9844822782526135
4144,-18.327678571428578,0.8485990350305084,0.9447595331827566
4145,11.45,0.11295747344794652,0.4331568144737323
4146,-8.626785714285717,0.47512147561976,0.7554605560260098
4148,4.5982142857142865,0.39307374321396465,0.7010930681223826
4149,707.0357142857142,0.024152197839610236,0.2477526110470337
4150,14.149107142857133,0.5136660297339878,0.779567261858263
4151,-5054.470535714287,0.0044479351141705455,0.16663458502182243
4152,84.62053571428567,0.07938388960700385,0.3789979643893744
4153,-15.940178571428572,0.0042889739832998345,0.1656601559416456
4154,-688.0625000000002,0.036448354890948914,0.28332684871761715
4155,100.65803571428575,0.13528688683275594,0.46289760647686073
4157,2.9276785714285722,0.57422496016586,0.8144674674304611
4158,-6.545535714285714,0.14375361133992406,0.4736170633059072
4159,-3.7491071428571416,0.3919026839394702,0.6998235750978248
4160,-10.664285714285715,0.016695022582271263,0.22493848193338623
4161,-2.125892857142855,0.6277124953447054,0.8438065538981405
4162,-193.62499999999994,0.010386608321590007,0.19919918727710903
4163,-50.696428571428555,0.41290194909375416,0.7155667078734986
4166,12.966071428571428,0.16371104897625677,0.49862911773000573
4168,-10.029464285714287,0.012740938560880401,0.21058368071829986
4170,1095.6142857142854,0.023984593692165473,0.24758747845446885
4171,37.47321428571427,0.0045994133271615775,0.16848770209469197
4172,11.605357142857144,0.30203088049161014,0.631686113949919
4173,19.786607142857136,0.0796276289525513,0.37914618418506313
4174,81.39732142857142,0.017627995571982913,0.22931493169121242
4175,86.16517857142856,0.10902430139638634,0.4276593057995638
4176,7.951785714285716,0.42053678032692715,0.7201694009576454
4179,-28.925000000000182,0.8886399230763958,0.9593935612643352
4184,-0.22410714285714306,0.8099386066464339,0.9289377885589514
4185,-4.361607142857139,0.3097247422570825,0.6381594921203643
4188,-1.2232142857142847,0.8338252371735259,0.9393237225044342
4189,834.8794642857142,0.11980831464143098,0.44219688623891534
4190,-1456.0937500000005,0.03727696232208731,0.2858035793469349
4191,-1011.2035714285714,0.04407675948652951,0.30256711713884005
4192,7.452678571428574,0.3168184545389049,0.6437120733005972
4193,43.55535714285713,0.100074220159839,0.41307247374597594
4194,33.64107142857142,0.6233134289003679,0.8419896203663861
4199,-141.05714285714288,0.08865146984769258,0.3950209062560166
4200,155.86964285714282,0.46870520338237803,0.7515530821435721
4201,102.55178571428573,0.036747470219739654,0.2840214778434076
4204,-7.32500000000001,0.419466115983669,0.7192369897264435
4205,-336.3437500000001,0.0015896903894031128,0.13006794080487133
4208,-1758.799107142857,0.014514583712575475,0.21716162281049847
4209,-47.726785714285654,0.2795750780193773,0.6139457923635246
4210,-10.803571428571427,0.27841195516038403,0.6127398428099485
4211,2.429464285714303,0.86642646048245,0.9510688525937495
4212,-6.6875,0.8789974996199822,0.9556516467213175
4213,-34.1571428571429,0.5212270280177272,0.7837326812845617
4214,7.626785714285713,0.07400687229188031,0.3691189548260792
4215,53.31607142857143,0.003961046537361868,0.16279308422237193
4216,-128.50535714285724,0.013032284678843856,0.21137711545547824
4217,305.7142857142857,0.12807970029840027,0.45397577531911626
4218,121.6214285714286,0.11078001219087662,0.4302667640120775
4221,29.74464285714285,0.002203644031039847,0.14441564549074604
4222,-4.583035714285728,0.8891373671543853,0.9595755656629589
4223,-185.88392857142856,0.039485340805915245,0.29158036312309776
4224,-1.2321428571428568,0.6395345455019517,0.8497958848839334
4225,-0.6133928571428555,0.890127655088302,0.9597624534619957
4232,-517.0642857142856,0.0010670738672626365,0.1240993704425147
4233,-508.3964285714286,0.003420705861549511,0.15613162252787965
4234,3.9696428571428584,0.7397808019586223,0.8980431143410436
4236,2.5651785714285893,0.9248251569160952,0.973498925197922
4237,75.43392857142858,0.03562154896239975,0.2816791796139932
4238,30.875,0.358603059353804,0.6744160109441811
4239,16.711607142857133,0.6725095952816871,0.8663592037046253
4240,22.723214285714285,0.0665956977701145,0.3557865717784845
4241,216.3205357142857,0.42304718001533614,0.7215530498920173
4242,23.921428571428578,0.09186805171992417,0.399742599611921
4245,186.42946428571432,0.0002507218150493401,0.08348620717944168
4246,-0.8723214285714285,0.6626143375638802,0.8613462324180515
4247,241.10446428571436,0.1176044377994221,0.4399002966876516
4248,-20.200892857142858,0.008234791758640355,0.1897704920352109
4249,70.6133928571428,0.5754569680710653,0.8150008996058928
4250,1.3598214285714283,0.6740960153070737,0.8671077063594405
4253,-44.794642857142875,0.020616514941685777,0.23822402347860241
4254,78.07767857142858,0.804774272537319,0.9267863039151151
4255,14.06607142857142,0.1409950586410956,0.4701255923940546
4256,132.45535714285688,0.8502835132897807,0.9453261842514693
4257,-679.14375,0.001658419445419061,0.1316024429292992
4258,-54.44821428571419,0.5059100005266544,0.7746240425105928
4259,-668.9776785714284,0.021302747622195254,0.24020584864565522
4261,95.7285714285714,0.023464385201544233,0.2461590247490737
4267,1414.2741071428577,0.002970159564982863,0.1515798484623921
4277,110.89107142857142,0.04517082890351593,0.30497839840698115
4281,30.3651785714286,0.6640789003519592,0.8619007163885327
4282,323.85624999999993,0.042662596873487654,0.2988951158454558
4283,810.7696428571429,0.05276871761231595,0.32355010479961216
4284,-5.726785714285713,0.03442102398847475,0.2789020611368858
4285,-11.071428571428584,0.10596481551482652,0.4227794903912075
4286,-296.9187500000003,0.10793578210902428,0.4260092331103833
4287,-33.636607142857116,0.43871428125102213,0.7317927673256341
4288,32.69553571428571,0.007106890665308085,0.18444355991025504
4289,12.141964285714295,0.2482109182044727,0.5855844769526218
4291,-254.0767857142857,0.03423858783202187,0.2783661313870226
4292,-89.62053571428567,0.09958821030410259,0.4121188210778185
4293,-2.8464285714285715,0.6364073411298334,0.8484104676274796
4294,0.5669642857142865,0.7988225989355858,0.9245337168232041
4295,-5.18392857142857,0.2422583279534082,0.5791890367245002
4296,6.446428571428584,0.645568924036029,0.8529016267559898
4297,41.34553571428569,0.1291981443970477,0.4556478452498602
4298,7.964285714285722,0.8154191709771976,0.9310925624501423
4299,-552.1374999999998,0.08729303185230254,0.3920764410190291
4300,-15.945535714285711,0.1589666840905089,0.4919057018805564
4301,-65.60446428571424,0.030356373048774105,0.26636906811580535
4302,-8.602678571428555,0.6272478818385022,0.8436016664579649
4303,-8.176785714285707,0.4048636520272549,0.709420830415319
4306,-211.11339285714288,1.3043703211823962e-05,0.030444753842458958
4308,-6.209821428571432,0.14484701375957124,0.475066824648988
4311,-65.56875000000002,0.3396022597791665,0.6606376763562092
4312,3593.172321428572,0.03908222370013993,0.2906448015240956
4313,696.0580357142858,0.0105532483018966,0.200354403798481
4314,6498.09375,0.038329690657364024,0.2886703988968091
4316,3.0946428571428584,0.8398053771147735,0.9419319956869191
4317,4.251785714285713,0.3744936273936837,0.6871777994685827
4318,843.9151785714286,0.12647280848770032,0.45195916229294497
4319,-1.4366071428571416,0.7520578284189136,0.9027662716833804
4320,6.114285714285716,0.326338805073882,0.6507613307832263
4321,152.91607142857143,0.4380364905895763,0.7315385506061162
4322,460.54374999999993,0.2257209345620154,0.5642556951492222
4323,20.420535714285712,0.13464820351285067,0.4621464396334867
4324,-0.29553571428571335,0.9470214579629105,0.981724859214935
4325,-27.85,0.01150568323611847,0.2066643213509123
4326,3.4446428571428562,0.3189326033324146,0.6450501271482916
4327,81.97232142857142,0.02421570764300441,0.2478513825108395
4329,-107.68660714285721,0.1307993953962938,0.45779496712501355
4330,-143.32142857142856,0.027471470296691683,0.25715973243274204
4331,-34.43482142857141,0.05874099825640262,0.34008863959991975
4332,311.86250000000007,0.21714236175311433,0.5561491762101315
4335,61.60178571428571,0.14083641791802531,0.470042127183514
4336,-15.15625,0.02852810861241938,0.2604398628124945
4337,-6.050892857142859,0.11168776329049743,0.4315718655183042
4338,-55.90446428571428,0.015264028925385201,0.21956347842552904
4340,-2.9330357142857135,0.46388550460889216,0.7486330754889808
4342,-6.805357142857144,0.03679394152610722,0.2841337358476055
4343,-6.120535714285712,0.4197652671330193,0.7194805704172521
4345,28.375892857142865,0.17556961164229778,0.5140350833448923
4350,5.648214285714268,0.6686140250360941,0.8643094931672506
4351,-1.7017857142857196,0.8926409942719131,0.9608257970630348
4352,-5.222321428571426,0.2640692471720195,0.6002322311935714
4353,5.958928571428572,0.09845420137356317,0.4103769189411107
4354,121.64196428571432,0.045779278118941155,0.30627276641502404
4355,-12.371428571428574,0.1267867111273464,0.4522483971090595
4356,1.6589285714285609,0.7927135707124788,0.9219266246640172
4357,-16.981250000000017,0.19133696418406804,0.530049055261232
4358,81.09464285714286,0.005207405683590427,0.17192929091202092
4359,-7.507142857142856,0.2023473857488051,0.5400968226818941
4360,-170.54821428571427,0.5394357393494215,0.7941689013173102
4361,-7.061607142857142,0.6158441570291154,0.8374051465232777
4363,101.60624999999993,0.06804743502916041,0.35825408781249346
4430,-23.672321428571422,0.8155765633357249,0.9310925624501423
4435,-0.9946428571428587,0.8148947965022393,0.9309118697636892
4436,-11.997321428571425,0.20731379253776228,0.545175765313973
4437,24.166071428571435,0.14551685923187638,0.47598769240220407
4438,-0.9696428571428557,0.7791159720538742,0.9157268648076891
4440,1.5419642857142861,0.6852993515285444,0.8725836526507491
4477,-2.8500000000000005,0.2996816733907548,0.6299779112091783
4478,399.513392857143,0.03646810430964671,0.2834248192082351
4481,431.2535714285714,0.14208087410728695,0.4716848125494073
4482,24.558035714285694,0.301293131054308,0.6310143161996746
4485,28.263392857142854,0.013624069950185233,0.21361457352179491
4486,6.433928571428574,0.4786358285043371,0.7578455158177733
4487,8.05714285714285,0.7911825201704181,0.9211543755366131
4488,36.62946428571429,0.007161221034638936,0.18463030824512597
4493,855.2642857142858,0.07020380386728027,0.3621863527211863
4494,556.6553571428572,0.01836002512079911,0.2315677438308333
4495,556.5723214285714,0.020310727052801025,0.238009362137482
4496,753.01875,0.009573647613390765,0.19669047889675625
4499,71.26964285714286,0.26913057836636267,0.604412387244982
4501,1244.2160714285712,0.022823366290689425,0.24448806006671736
4502,1540.2508928571428,0.040897611534843094,0.29606671505937604
4504,-11.407142857142858,0.16627372486203754,0.5018501742661828
4507,18.159821428571433,0.08457207109386114,0.38759969399170396
4508,-3411.268750000001,0.010503170358875009,0.19981955773025176
4512,-2446.435714285715,0.4110643928977753,0.7140343652842123
4513,-4102.857142857141,0.0033037258768913408,0.15408650980512376
4515,1.0464285714285708,0.8743241207326483,0.9542984309396033
4520,-17.795535714285734,0.1776222339961488,0.5162452543559453
4521,39.144642857142856,0.022213319349317823,0.2425146236868914
4522,-94.56785714285712,0.04047718465127857,0.2950393375294835
4524,39.15714285714287,0.4696783422998658,0.7522090092048731
4528,-145.08214285714268,0.0748099572065957,0.37069371128064343
4534,40.24642857142855,0.049799044479600436,0.3171093498213311
4536,-3489.21875,0.02191386150074839,0.24158128810580906
4538,-4008.4642857142862,0.015395133077660009,0.21981380814831367
4541,-94.24017857142871,0.8088590230519584,0.92836171642559
4542,82.24017857142856,0.0347961132910018,0.27973357413000277
4543,-1.4250000000000007,0.5847488585551652,0.8200926481935622
4544,-10.796428571428573,0.017785959310862187,0.22973005559210727
4547,0.01964285714285552,0.9967766307247253,0.9989248967694219
4548,-89.53571428571433,0.10141086669276529,0.4151732786542076
4552,-46.436607142857156,0.6267289690304395,0.8434935909996849
4580,127.18482142857138,0.005551038468776999,0.17494004893057594
4582,38.25535714285714,0.006015246168389576,0.17822368508738473
4583,-8.45982142857143,0.28366808464734256,0.6173131867392316
4584,-24.15714285714285,0.07853065845066987,0.3775313242583641
4585,-14.457142857142856,0.14889908291657067,0.479829308528755
4586,-23.0625,0.06393464476258638,0.35070697536912715
4588,-4.216964285714283,0.4174532591991975,0.718558981927664
4589,-8.038392857142854,0.18752601080641004,0.5264876759342999
4591,-11.60089285714281,0.8729523993660321,0.9536769923339621
4593,-0.7580357142857128,0.8431794348362885,0.9426802633664747
4594,-18.01875000000001,0.4856804104418231,0.7617688055324899
4595,3.505357142857136,0.7868259283257654,0.9193816812961878
4597,1.1223214285714294,0.627848376037655,0.843886374941216
4598,-63.44464285714287,0.20262229239150237,0.5404084798295313
4599,68.28660714285715,0.4601527132533286,0.7462433884180383
4600,75.3785714285714,0.2781564565252258,0.6125936560788305
4601,-13.836607142857133,0.9369112200105949,0.9778587188505162
4602,4.379464285714288,0.5264877576254013,0.7870434850412854
4603,106.46339285714285,0.3077685026402159,0.6368151383026852
4604,-4362.3125,0.004570300588344036,0.16818693840239604
4605,2.698214285714286,0.5246562925534448,0.7858612807462478
4606,-2152.3812500000004,0.01501587256068167,0.21857614232472455
4607,-12.444642857142853,0.2297778872683309,0.5676957065700855
4608,-4.635714285714284,0.1856712313180037,0.5245002606714401
4609,5.014285714285734,0.9253067938561577,0.9735591350879614
4610,-13.325000000000003,0.05345132669746271,0.3250057036458823
4613,-10.729464285714288,0.09970427864067442,0.41226132002411514
4615,299.0696428571428,0.0029557694158393916,0.1515798484623921
4616,269.3205357142857,0.057861521874648304,0.337852851108743
4617,-28.357142857142858,0.0020953659478520994,0.14305164619125957
4618,-506.05178571428564,0.005741165138130588,0.17714345594090852
4619,-4262.761607142857,0.00829011142997774,0.1900468941023199
4620,-5037.2535714285705,0.006963599407136493,0.18274528938036788
4621,-14.069642857142854,0.279707971064409,0.6139457923635246
4622,-100.00982142857143,0.02072367187238678,0.238389808462602
4624,-265.3285714285714,0.023593168146922586,0.24618049758656588
4625,-4484.755357142857,0.016741198575614066,0.2251722096240342
4626,-219.5875,0.038038530834009855,0.2878870261757969
4627,29.62232142857141,0.5041904570125239,0.773530715921368
4628,-223.2464285714284,0.10109293436045591,0.4144302456442923
4629,-346.9553571428571,0.059498544676919424,0.34178219481094446
4632,-4811.15625,0.00950640191691758,0.1962861080683594
4633,-4467.621428571428,0.010404284611455508,0.19919918727710903
4634,-1597.5785714285712,0.024367117827316185,0.2478513825108395
4635,-53.34910714285716,0.024259678648271624,0.2478513825108395
4636,-4.337499999999999,0.6108312519994341,0.8347154913670217
4637,612.3883928571422,0.3705191893424811,0.684280921374773
4638,-265.6187500000001,0.179618546488639,0.5185997958491992
4640,-11.099107142857143,0.13397131644046206,0.4611896835886546
4641,124.75446428571433,0.07324836943548078,0.36785658114126135
4642,42.48571428571429,0.014519025507494345,0.21716162281049847
4643,6.529464285714283,0.22717403801011696,0.5656150381672147
4644,316.02321428571423,0.005392472414093555,0.17363570626652836
4645,16.79285714285715,0.2768080819321468,0.611499261620623
4646,100.48124999999999,0.09338935183485218,0.4025656500847119
4647,15.539285714285713,0.16233884181726194,0.4963581353516831
4648,-6.43035714285714,0.3204597883669716,0.6462026602111149
4649,-97.27232142857144,0.01476873338466188,0.21755971992092024
4650,30.04017857142857,0.10149090681817535,0.41518753801756875
4651,54.13035714285715,0.4007365159813938,0.7064143030662935
4653,-238.4276785714286,0.0007343596738931126,0.11740092155001734
4654,-50.29821428571428,0.007921799036278748,0.18798333344091506
4656,-6.098214285714285,0.07169573905018686,0.36481754607435707
4659,-76.23749999999995,0.4489110383966996,0.7388383812263561
4660,-260.4848214285714,0.00047779077973802194,0.10279875875084937
4661,-9.130357142857143,0.17425211541443908,0.5123769258630895
4664,89.53928571428571,0.2611785045524048,0.5976618564601655
4665,21.593750000000007,0.11002396599368709,0.42916596874296553
4666,-74.54375000000027,0.8910540883003998,0.9601194725833502
4668,100.09375000000004,0.036112792795661076,0.2828749206450959
4669,33.26696428571428,0.0387303175371542,0.28976308464809003
4670,348.216071428571,0.40273708305236816,0.707865196362199
4671,35.48392857142859,0.06583152784935899,0.3544811272483247
4673,193.48392857142858,0.2938484197593017,0.625880327174741
4674,-27.65535714285714,0.045781213779797054,0.30627276641502404
4675,24.12232142857141,0.6459186246015292,0.8530112218665247
4676,25.182142857142857,0.11088104643738002,0.4303461686365564
4677,41.03928571428605,0.8909568374350537,0.9600709556447323
4678,18.89910714285712,0.4915986383014811,0.7652143928578926
4680,-14.779464285714287,0.19705496745096324,0.5352882561634207
4681,188.11875,0.11789069743212753,0.4402000060916099
4682,39.7839285714286,0.09021475834819216,0.3972957132385543
4683,166.70089285714295,0.025485427175539175,0.2522725670972124
4684,-40.74464285714285,0.004302448736979424,0.1656601559416456
4685,1.9330357142857117,0.6964763169785324,0.8778809652765581
4686,8.377678571428575,0.356673945113317,0.6729968226895935
4688,227.65446428571425,0.020469140191005594,0.238009362137482
4689,44.27946428571429,0.18651343531378656,0.5255151804061469
4690,223.7928571428571,0.09906025469102663,0.41121550567397164
4691,189.64196428571427,0.45263413133630476,0.7411287473290747
4692,131.45089285714283,0.19700864467919713,0.5352882561634207
4693,161.9544642857143,0.07083310460851304,0.3632679855989542
4694,-382.08303571428564,0.399435199402584,0.7055118568029811
4695,-198.517857142857,0.12965443016161546,0.45608029139074346
4696,-148.2803571428572,0.07511912413934105,0.3713900913241774
4697,-1277.2098214285716,0.03315857858438505,0.2752092575057233
4698,-1103.13125,0.008448568929129341,0.190663035587055
4700,-526.2383928571428,0.1188042121692784,0.44094903946475433
4701,-98.36517857142856,0.05978246653785409,0.3420833446318338
4702,-244.1330357142856,0.09935734704596602,0.41179221874910493
4703,-4360.407142857142,0.0047527381328230965,0.16997001039451554
4704,-218.6741071428571,0.07158125902728309,0.36471021687789607
4705,-190.09732142857143,0.0022311598388788166,0.14441564549074604
4706,-693.7053571428576,0.058254281074687726,0.3387993636590311
4707,-289.8419642857143,0.37861019551180713,0.6901810759614524
4708,-225.57410714285697,0.6101368522898789,0.8344345319505357
4709,-235.66517857142867,0.19724543295936192,0.5355324526610141
4710,-592.583035714286,0.07335658576426907,0.3679313211161253
4711,-509.75625000000014,0.11795588034652683,0.4402391287978823
4712,-266.03928571428594,0.10839793999942199,0.42660579740926685
4713,-55.715178571428595,0.07746444404051732,0.3755092187175534
4714,-285.8937500000002,0.20066783695096987,0.5388186849545494
4715,-909.4830357142856,0.04056700909929839,0.29526133403382776
4716,-360.66071428571416,0.06990344536465981,0.3618262686086126
4717,-582.2374999999997,0.06795800013317738,0.3581370321568951
4719,-441.8633928571428,0.02790583427966187,0.2581450985712789
4720,-329.24107142857144,0.1372447148601935,0.4657368999538674
4722,-125.5410714285714,0.32059227363012954,0.6463421249531466
4723,-164.50089285714284,0.1298821412238396,0.4564408067498027
4724,-159.8044642857143,0.020869788981937615,0.23901065822335496
4726,-658.016071428571,0.22744370421994647,0.565737888550365
4729,-256.09107142857135,0.07761532838856733,0.3757495070406657
4731,-152.27946428571434,0.09966251412201213,0.4122133262441193
4733,-150.40267857142874,0.16851314576527057,0.505143792192806
4734,-304.88839285714283,0.009038379945455302,0.19387186191406972
4735,-213.87053571428623,0.6854096436155033,0.8725867685735831
4736,-2023.0285714285728,0.4498314557577872,0.7392533479457427
4738,-22.824107142857144,0.6465629269473633,0.853315708164987
4739,-60.65446428571431,0.46037556038614913,0.7463984371187873
4741,-20.17321428571428,0.002699707792143917,0.14981708025607718
4744,14.687500000000007,0.19754293378277832,0.5358799258036916
4745,13.972321428571426,0.2964674753047626,0.6274671626325976
4747,31.917857142857144,0.4323732768494605,0.7275639822646883
4750,-53.10357142857143,0.15489376115928633,0.48730170846331666
4751,13.14464285714287,0.5615784337155352,0.8077517031533992
4752,29.34285714285717,0.3545582171537229,0.6715210794956283
4753,37.97410714285714,0.23405250271774922,0.5714209349168314
4756,-110.5455357142857,0.006201774008255877,0.17952850950194416
4758,62.597321428571426,0.001550792505188564,0.12969581044195497
4759,-4.980357142857143,0.1989994379671242,0.5372389796681181
4760,-14.358928571428574,0.06520442899402794,0.35311121807887985
4761,-10.743749999999991,0.12088003952295553,0.4434457971630162
4762,-1.7696428571428555,0.6592454161234134,0.8596685109874734
4763,-6.633035714285715,0.21250488731623782,0.5507017117269554
4771,-11.79196428571429,0.13682896783154644,0.46547232361697505
4772,-157.20625,0.040909869601315874,0.29606671505937604
4773,-132.95267857142852,0.12949120411319773,0.4560289550473369
4774,-438.66696428571436,0.36949209597913557,0.6832841895305161
4775,17.807142857142836,0.3022511571560344,0.6317725981997186
4776,-27.64821428571429,0.06642386379676123,0.35548034012547214
4778,2.5151785714285717,0.6527459950251326,0.8565582375727532
4779,-831.9508928571429,0.015317776474708472,0.2198104452758496
4780,25.00089285714307,0.8613913198143218,0.9493359253666895
4781,-839.26875,0.06920068138392839,0.36055369653223573
4782,-35.01160714285717,0.22691806229343456,0.5655024278553208
4783,149.91160714285715,0.1585641708574439,0.49124524261280283
4784,-56.7625,0.11940126380187431,0.4416964661922592
4790,8.76160714285713,0.4369110738864303,0.7309033125704671
4791,-17.61964285714285,0.06022270341411354,0.3432016165485363
4792,183.93303571428572,0.05786426227074678,0.337852851108743
4793,-9.062499999999993,0.19375060019416376,0.5326753188321971
4794,40.028571428571425,0.014079468161704183,0.21551775732576597
4795,-1.0955357142857132,0.7987559566234625,0.9245337168232041
4796,-12.100000000000001,0.18996030594603638,0.528884959926754
4798,27.55357142857143,0.06584981566724642,0.35450361083169535
4799,-30.59910714285712,0.3118140598915324,0.6397353041796316
4800,-16.141071428571422,0.16572896897648223,0.5008225851178579
4801,-106.90803571428569,0.055151711511248806,0.32975665004508026
4802,20.265178571428606,0.34992882698117617,0.6681107761998242
4803,1.4053571428571416,0.7541562490271182,0.9038348788855393
4804,-4.321428571428571,0.4484837619560027,0.7385405910333781
4807,5.583035714285714,0.5051977029467336,0.7743841134237086
4808,-11.413392857142863,0.09381761796126106,0.4032831184262577
4809,-45.99017857142863,0.1854524642380263,0.524352435165308
4810,15.511607142857116,0.7715316274656244,0.911799240107735
4811,-53.18303571428572,0.3596625520381302,0.6753168045841124
4814,55.179464285714275,0.07971173404804503,0.3792380935870262
4815,12.921428571428578,0.48444532338647145,0.7610452911126006
4817,18.300892857142856,0.16889048112697713,0.505438048558439
4818,21.01607142857143,0.12128066629046791,0.44419230274415467
4820,128.2276785714286,0.11348994814573797,0.43392464309333645
4821,-4.783035714285717,0.5666314288937193,0.8106251737171295
4824,2.9767857142857252,0.9241197990569047,0.9732259606219081
4825,-3.1482142857142845,0.4000084117708799,0.705999738962259
4826,-23.868750000000006,0.01774087030257464,0.22948976961881462
4828,9.370535714285722,0.6250412008425261,0.8427330329392794
4829,-7.40625,0.22845100331198312,0.566696547619558
4830,277.3357142857143,0.021752587566520192,0.24158128810580906
4832,48.64196428571428,0.12712605042804742,0.4527040190990377
4833,7.616964285714289,0.5737243506551402,0.8142132293015052
4835,-32.10624999999996,0.44339390458767863,0.7354487907161227
4836,45.314285714285745,0.14080650249266996,0.470042127183514
4837,18.120535714285715,0.028068395861242355,0.2587052501202673
4838,-10.25535714285714,0.25545225849525993,0.5926696186551954
4839,21.197321428571428,0.3222218204163821,0.6475424885349319
4841,437.8964285714287,0.0010639036789201514,0.12402757706814345
4842,-97.925,0.01308854565731794,0.21137711545547824
4843,-3.9187499999999993,0.3517299827970437,0.6696906536226621
4846,-1.6991071428571414,0.27510846124830224,0.6100808308651934
4848,-92.40357142857147,0.19176073546079234,0.5305716801282387
4849,-4.982142857142858,0.0224381232505168,0.24278733202493685
4850,19.749107142857184,0.5728085021868722,0.8136103929822887
4851,43.47857142857143,0.08803644093647407,0.39351038754131806
4852,5.844642857142857,0.21368416524025155,0.5524940570251375
4853,280.9375,0.6805963851323433,0.8700399195022416
4854,-2.7276785714285836,0.9015738368256272,0.9641770078912698
4855,-11.065178571428568,0.18054749337856973,0.519740651844011
4856,-592.6071428571429,0.02358462577879408,0.24618049758656588
4857,-42.56964285714287,0.11181704837758633,0.4316379967483734
4858,9.572321428571428,0.25305680873340053,0.5906135220642953
4860,148.28303571428575,0.02229488879271796,0.2426291168780445
4861,-10.356249999999994,0.19763093832258774,0.5359591068293975
4862,12.825,0.1123528665749824,0.4322993013872769
4863,91.41874999999993,0.20509028126257972,0.5423331468807531
4864,200.6642857142857,0.0060049440692196195,0.17814450189071224
4867,-19.862500000000004,0.08394204791372446,0.38651940960778886
4868,-3.934821428571429,0.02821428874996439,0.25916630777344796
4869,406.3883928571429,0.012821821440784411,0.21086974007484077
4878,-21.263392857142854,0.13922287168869357,0.4680316934704762
4879,-2.671428571428571,0.6000973310547393,0.8295070429139372
4880,2.3491071428571435,0.29809670632811036,0.6289161074272613
4881,-21.18482142857143,0.0011430700940461645,0.1240993704425147
4882,4.728571428571428,0.6506283330063791,0.8554160307434637
4883,41.91160714285714,0.4250917406734064,0.7228979167465551
4884,-11.020535714285717,0.032680365716776634,0.274059394206436
4885,64.4142857142857,0.15222901550635654,0.4838461471230115
4886,-127.06517857142859,2.459055432610138e-06,0.014938761753106588
4887,-7.964285714285715,0.12531547469601878,0.45076470914505434
4888,-62.073214285714286,0.03168409432415604,0.27041411074932875
4889,-5.9589285714285705,0.14396561893721369,0.4737798885493897
4891,128.2678571428571,0.04355096772724949,0.3012256115169488
4892,-2218.045535714286,0.015008253111609903,0.21857614232472455
4893,219.3294642857142,0.017332171162720268,0.2283369916124698
4897,28.897321428571427,0.15787559883849844,0.49065557735024007
4898,-433.7062500000001,0.03749973591747866,0.28644877342023983
4899,9.270535714285714,0.14775024102468,0.4787675237375914
4900,6.536607142857147,0.36179295895726415,0.6772238019442095
4901,-5.807142857142857,0.01719070335307514,0.22741391382273973
4902,-1.3562500000000002,0.7466124951892025,0.9004719841207075
4904,-742.0535714285711,0.32848360953780675,0.6526134862323283
4905,-33.66607142857141,0.1432583491182213,0.4729861254854318
4907,409.7151785714285,0.19342291829748431,0.5322663740708135
4908,7.888392857142858,0.4985414266903176,0.7695373201520974
4913,0.903571428571432,0.8932278525988246,0.9609599578643555
4914,1.4508928571428572,0.5492278614136892,0.8005289190970541
4915,-97.90267857142858,0.003252686070064416,0.1539745548751272
4916,-39.01785714285716,0.0205121191475412,0.238009362137482
4917,-7.4133928571428545,0.0618588988728311,0.346177080169588
4919,46.71964285714286,0.027451238446109767,0.25715973243274204
4920,12.516964285714284,0.048208981623748474,0.31256090006859333
4921,-259.361607142857,0.16865192329713968,0.5051753511734179
4922,-1.3812499999999996,0.7313126519850861,0.8943233899163636
4923,-4.629464285714285,0.35488511575193576,0.6716516218538922
4924,96.15267857142858,0.004854214242220713,0.16997001039451554
4925,486.8714285714286,0.02507385541590994,0.2504621285450221
4926,50.29196428571433,0.10530863280769061,0.4214063560532151
4927,-44.59732142857143,0.3838946856025656,0.6940723499659494
4928,-23.675892857142884,0.3975261312836129,0.7041575215391747
4929,46.69464285714284,0.5192645603371643,0.782611291904911
4931,-7.23303571428572,0.6515173739362261,0.855859119674279
4935,-0.4669642857142855,0.46018182620867926,0.7462684664973911
4938,46.516964285714266,0.24421864002196095,0.5815784737188577
4939,13.75357142857142,0.2071323026390951,0.5448883105654603
4940,10.970535714285703,0.2770556590959546,0.6116704284704751
4942,38.95089285714266,0.9198724783757717,0.971764076803125
4943,-13.640178571428578,0.20172114594271456,0.5396107272575918
4946,430.3517857142858,0.2244377994578574,0.5631210546980322
4947,-72.60714285714295,0.03675405743330144,0.2840322388926864
4948,-3.716071428571432,0.5053163946700364,0.7743841134237086
4951,-7.918749999999999,0.024928047161179384,0.25035653536691455
4952,18.645535714285728,0.4210750884657325,0.7204819572467899
4953,-164.16964285714278,0.2791361888549894,0.6134152381690734
4956,-4.49642857142857,0.4896194833116162,0.763917051909443
4957,15.784821428571426,0.04449209756951731,0.3033552107012544
4958,117.98750000000004,0.06769197667759254,0.35765933753840085
4967,-13.183928571428574,0.1538077916983677,0.48597162503149166
4968,13.642857142857125,0.32166587951075515,0.6470120654201508
4969,1218.3232142857141,0.032743983987325656,0.274077973745718
4973,21.28214285714286,0.35170901904265034,0.6696906536226621
4975,-0.4491071428571427,0.5595543819186674,0.8066878268003465
4976,-162.70000000000005,0.004108055939450159,0.1646908717036068
4978,-8.04553571428572,0.3822403391004027,0.6930754670628938
4982,13.683928571428567,0.4816002446897706,0.759357866490172
4983,-394.5696428571425,0.3675145922973232,0.681424023963603
4985,-0.5616071428571434,0.8932321055369312,0.9609599578643555
4986,-6.788392857142858,0.04175850197730243,0.29743981205417847
4987,3.367857142857142,0.5474560520289349,0.7993846716344946
4988,-5.897321428571427,0.3910941539016693,0.6991816651268277
4990,-13.25982142857143,0.05092080307576194,0.31957012260873324
4991,-3.9223214285714256,0.5405567650934554,0.7950005684173842
4992,-21.176785714285717,0.028991978707308644,0.26176249287662695
4993,-7.428571428571427,0.23410578450487593,0.5714421968750432
4994,-0.3330357142857143,0.7595470696367892,0.9064331776141318
4995,-1.7892857142857146,0.6226340682722229,0.8416574203966619
4998,-2.369642857142856,0.38322832961300934,0.6936391143208992
4999,45.822321428571456,0.148883336091595,0.479829308528755
5000,-56.27410714285719,0.11378944662158473,0.43442762335277874
5001,102.35089285714287,0.02371405161959063,0.24666450638549495
5002,21.218749999999986,0.07104268695881492,0.36366060382672094
5003,-0.4464285714285765,0.9667987060580988,0.9883461895130519
5004,9.68839285714286,0.4989036385992868,0.7697207709883856
5005,9.324107142857143,0.5591276072363486,0.806412776006947
5007,-42.90089285714288,0.10241231978324687,0.4165249864253265
5008,9.899107142857142,0.11319298988104018,0.43354982863523867
5009,2.75625,0.344294949164381,0.6636831188099154
5010,-6.779464285714283,0.8932807766816067,0.9609599578643555
5013,-5.363392857142861,0.3328839258383582,0.6556814269397537
5015,4.617857142857145,0.13103847558980145,0.4580519204556616
5016,-4.809821428571425,0.8304468714200729,0.9377645234188212
5017,-6.745535714285715,0.309080812349434,0.6378056681555175
5018,-109.63839285714283,0.1809653008498244,0.52036244655098
5019,-201.56785714285712,0.07070091208186101,0.36309740062177137
5020,0.051785714285715656,0.9889022014183189,0.9961168750814603
5021,-8.633035714285718,0.40151690529156764,0.706738193839848
5023,0.3419642857142833,0.9716848646124413,0.99006381304319
5024,7.129464285714286,0.13614802421149894,0.4642603076501241
5025,26.449107142857137,0.01111621926545232,0.2041475438128554
5026,23.983928571428557,0.3347564017667443,0.6573103345877804
5027,240.5366071428571,0.04045358975816256,0.2950393375294835
5028,3.1705357142857054,0.9525457142489556,0.9837177987533324
5029,-22.002678571428575,0.021989650980024755,0.24158128810580906
5030,-6.779464285714283,0.09201599272133915,0.4000138667439944
5031,20.656249999999993,0.08308479760117121,0.38466646134041516
5033,629.9062500000001,0.14062391833468632,0.470042127183514
5034,1139.3035714285713,0.016091154722665413,0.2231631889778629
5036,16.459821428571416,0.7751250509773625,0.9135197340797221
5037,-255.7107142857144,0.13791029605534463,0.4665416060404633
5042,1510.994642857143,0.0019962348494592715,0.1397492194547832
5045,-12.860714285714295,0.11978864683516238,0.44219688623891534
5046,3.34375,0.4364328954391988,0.7305725061440537
5047,0.015178571428571708,0.9648320562201096,0.98778965381803
5048,-139.27232142857144,0.29029636850247736,0.6233340120124474
5049,228.44196428571445,0.35565270417521805,0.6724030648232273
5050,11.271428571428558,0.316111578173698,0.6431398458500266
5051,-5.524107142857144,0.5247498501090384,0.7858622019309538
5052,516.5901785714282,0.2565657167911977,0.5936156136244228
5054,478.6642857142857,0.34931329492316315,0.6677601895796298
5055,-1.9258928571428564,0.6270046092378967,0.8436016664579649
5058,-77.59553571428575,0.10115479053576493,0.4145905676568926
5062,159.37053571428567,0.01229233500642084,0.20859199766482292
5063,-26.49910714285714,0.05802618802021677,0.33812507789569685
5064,-19.78214285714286,0.19761114358320403,0.5359529813018636
5066,-2500.4410714285714,0.09481183998620979,0.40470273645452576
5067,-45.08660714285713,0.047468709462582526,0.30998861740579847
5068,-1.6928571428571448,0.610949145560594,0.8347154913670217
5069,98.95803571428573,0.5712224334526167,0.812962661036047
5071,-11.247321428571428,0.6192146834080205,0.839267077344669
5073,31.374107142857213,0.2907732975309031,0.6236233492528195
5074,-158.52053571428578,0.022957382711788897,0.2446432540456128
5075,-11.564285714285717,0.26168143279887063,0.5981811079206671
5076,-7.40625,0.5040711983344388,0.7735088042187689
5077,-20.57142857142857,0.033722022769194726,0.27662931901873405
5078,2.5857142857142854,0.526198086330323,0.7869438543206982
5079,55.29553571428569,0.35528414639381034,0.6720831628842253
5080,-5.374107142857143,0.27984511020977976,0.6140599350130316
5081,-21.72767857142857,0.0009892162763413404,0.12048647721650481
5082,-68.51071428571436,0.3402452628336629,0.6609354155097095
5083,-11.09910714285714,0.19333988980924005,0.532215208706082
5087,-146.63749999999993,0.15939163288961702,0.4923058576059669
5089,20.21071428571429,0.3976228684926592,0.7041768796396867
5090,94.95267857142858,0.03432714999090092,0.27870723341453213
5091,13.725000000000003,0.07667959383821105,0.37412790036263255
5092,-21.44821428571428,0.012615799195999134,0.21035609057825028
5093,-8.642857142857224,0.9393648436473918,0.9787474573877303
5094,-182.98214285714266,0.2841349412819041,0.6175741568112942
5095,-38.05357142857146,0.14182116584812623,0.4714298211273181
5096,-7.1589285714285715,0.386042763771269,0.6957447423451677
5097,3.961607142857142,0.3018355505956637,0.6314884821020635
5098,-2.114285714285714,0.570255248463214,0.812241590937483
5099,-9.802678571428572,0.4426466974434438,0.7350110299365351
5100,-3.8999999999999977,0.329893791936137,0.6535216329394223
5101,-113.69107142857138,0.17104160531111184,0.5080512723629619
5104,-34.591071428571425,0.16926336833051223,0.5057642727877777
5105,-173.78214285714284,0.2949054524046185,0.6266873202494182
5106,67.28303571428572,0.049198899338369476,0.31546130546326645
5108,-362.2794642857143,0.03157571129736713,0.2701791074411704
5110,-254.71071428571418,0.21561019018415112,0.5546003922445641
5111,240.4482142857143,0.027922809800272102,0.2581450985712789
5116,-339.7267857142857,0.01347506605819384,0.21293330541380004
5118,789.5571428571429,0.01637316426365681,0.2241849746414504
5119,26.046428571428592,0.01879406842111201,0.2334177894685613
5121,-4.80357142857143,0.18639284021351063,0.5253343317627256
5122,44.53124999999999,0.03686354362011245,0.2841337358476055
5125,186.2696428571428,0.1968164722482584,0.5352323066254338
5126,-11.39375,0.026266714182985762,0.2545803213396801
5127,-30.66964285714286,0.13368756353549271,0.4608140484029433
5128,-76.56517857142865,0.6248870055168034,0.8426750097524696
5129,8.448214285714288,0.0974859617734802,0.40908414414045
5130,-93.53125,0.20577392052435667,0.543138612379783
5132,0.3589285714285708,0.9146397150695101,0.96972655589465
5133,6.849107142857142,0.2804653499178619,0.6146069341386412
5134,19.92410714285711,0.2522473963658867,0.5896881476100931
5136,-150.65089285714294,0.04465256258062894,0.3038688511281042
5137,-64.39375000000001,0.11813200428294529,0.44044085791755944
5138,-4.71339285714285,0.696159021912952,0.8778043519719001
5139,-47.65625,0.3982236213063747,0.7045782310182523
5140,-69.41428571428571,0.16419221169941092,0.4989296786225704
5141,11.650892857142821,0.7751180782543736,0.9135197340797221
5142,-10.767857142857167,0.9400946875465326,0.9791160667785482
5144,-186.27232142857144,0.000779277454504538,0.11789051123565568
5145,0.48660714285714324,0.823393630151355,0.9344510187127745
5146,-0.7107142857142854,0.6288055411460061,0.844401035065879
5147,36.143750000000026,0.10526419524470018,0.42138818824161534
5148,1.1169642857142854,0.7056111163215009,0.8827000362622537
5149,-2.8232142857142857,0.119674570498682,0.4420286498443881
5150,-221.9285714285714,0.012944571711369082,0.21137711545547824
5151,-17.0428571428572,0.6999423356407705,0.8795473100684794
5152,-6.650000000000002,0.331694395275639,0.6547819661029461
5153,-6.983035714285713,0.07394227313092697,0.3689668113393007
5154,22.67946428571429,0.6628674058718651,0.8614345744448618
5155,-20.231250000000017,0.325442454439547,0.6501219436929663
5156,573.0687499999995,0.5222285153120076,0.7844618955625039
5157,310.18571428571437,0.13911192365886993,0.46794293257344116
5158,2.0357142857142865,0.7095711358395581,0.884638053859944
5159,29.54017857142857,0.17169589771210308,0.5088666181166924
5160,-501.7562499999999,0.01257814700989179,0.21020770866237104
5161,-0.3633928571428555,0.953259964648717,0.9838320856079847
5162,-1006.5080357142851,0.011942493021993562,0.20765577465946944
5163,491.57767857142863,0.08169693610036059,0.3826065321313655
5164,-35.331250000000004,0.06016821008135241,0.34314751753866973
5165,219.2562499999999,0.3847669754355368,0.6946616821403373
5166,-2607.0258928571434,0.0006279031257109448,0.11215262327362541
5167,619.4267857142858,0.25306452640878363,0.5906135220642953
5168,54.10267857142867,0.8223347886294042,0.9338502589688172
5169,-9.473214285714286,0.04786716362853341,0.3110825117544353
5170,2.2866071428571457,0.4793101608253812,0.7581479558995987
5172,3.1437500000000007,0.7250894547322472,0.8918212078894777
5173,0.713392857142856,0.5211555823017815,0.7837276704667274
5174,-4.465178571428572,0.34745361293732946,0.6663051554609971
5175,316.27857142857147,0.4187936078442935,0.7191506764838027
5176,59.76071428571413,0.8264504914993287,0.9357127641703896
5178,5.9812499999999975,0.3780485906165124,0.6897770353479877
5179,640.03125,0.34466327941873287,0.6640987032076128
5184,51.66071428571428,0.13980539432536607,0.46892884870241097
5188,-14.652678571428574,0.2954553741423669,0.6269938963378802
5189,-16.241964285714275,0.038111982341043404,0.2878870261757969
5190,3.3500000000000005,0.4304250002469641,0.726314282175526
5191,3.450000000000003,0.8796619835123032,0.9559404914187842
5192,-5.726785714285718,0.33084188524095387,0.6543474198939788
5193,-2.976785714285711,0.8573657783629848,0.9479151297132963
5194,-35.322321428571456,0.4678783071378325,0.751064321435271
5195,-9.037499999999998,0.131764165123283,0.4586621078573565
5196,61.574999999999996,0.5448189962415902,0.7976643803424632
5197,15.980357142857141,0.3250678315775038,0.6498478036796478
5198,27.56607142857142,0.038932098839301904,0.290278535938747
5199,13.379464285714285,0.07393032406425748,0.3689668113393007
5201,-30.828571428571394,0.446164381169402,0.7374032689591322
5202,-135.51428571428568,0.08002914584622857,0.3795775077689953
5203,-22.505357142857136,0.18247911138987058,0.5215875966606455
5204,-66.29642857142869,0.7601237238108123,0.9066266273856055
5205,-378.12589285714284,0.22455222731070837,0.5633382136465531
5207,-44.289285714285725,0.03400273624887704,0.2774393954641164
5208,-59.05000000000001,0.06118162070379824,0.34506521202377305
5209,57.77857142857147,0.8619752052885076,0.9495151414435822
5210,31.960714285714293,0.03777445529660603,0.28720878088470797
5211,45.559821428571446,0.0012708713344859422,0.12532423491627354
5212,-57.191964285714306,0.2416675319497835,0.5783962195367679
5213,-2070.8142857142857,0.009978025598788388,0.19801461866623513
5214,172.29732142857142,0.2679139969807655,0.6035267514697933
5216,89.77321428571432,0.025789855352411347,0.25310683777217
5217,-653.0383928571431,0.014021258949691098,0.21551775732576597
5218,-24.910714285714292,0.2639053283131836,0.6001136859575877
5223,2073.89375,0.005482265427451384,0.1746836135676968
5224,-437.32321428571436,0.027262762915061516,0.25705071245256855
5225,-8.3625,0.1911110459783808,0.5297700499676202
5226,28.883928571428562,0.1443283502771476,0.4742279177525869
5228,-1118.2875,0.22291145617868136,0.5615409079694712
5229,11.615178571428544,0.820105223685093,0.9329654627448962
5230,1079.4624999999996,0.2471166762724928,0.5845420210780715
5232,-0.39374999999999716,0.9517548250316725,0.9834296227578088
5236,-1515.5464285714286,0.03516859062887223,0.2809761036525004
5238,89.65178571428572,0.08132977637761848,0.38219907453762536
5239,-117.15803571428572,0.0014663284997023754,0.1284799851301721
5241,-36.57410714285714,0.08950721432785186,0.3962408621470554
5243,-17.451785714285712,0.25002601844675915,0.5877158875849781
5244,-26.85535714285714,0.021825560720639122,0.24158128810580906
5245,-51.55803571428572,0.049077522213333336,0.3151776711494017
5250,-1092.7205357142852,0.04874956155745562,0.3143880960313619
5251,-3.9142857142857146,0.4011284756003386,0.7065592499604799
5252,31.0830357142857,0.687760738521598,0.8737845562604478
5253,-20.641964285714295,0.49988990822248236,0.7703555632382857
5255,-349.40267857142857,0.017387811814248245,0.2283369916124698
5256,-10.072321428571428,0.10707406493870575,0.4244688587966746
5257,-344.32857142857137,0.012202952764668639,0.20849517196955838
5260,-9.811607142857143,0.059144833499869646,0.3405733303428513
5261,24.10892857142857,0.03915481156732939,0.2907496023962698
5264,-1490.9089285714285,0.0023550179469004557,0.1464853313387741
5265,229.67678571428573,0.03284293941823901,0.27455078088811175
5266,-6.787499999999998,0.33220995145148235,0.6552281337473324
5267,2.9732142857142847,0.7250805454980609,0.8918212078894777
5268,-6.8821428571428545,0.08097118480495034,0.3814492098234241
5269,-6.3544642857142435,0.9110514576381624,0.9681017325785967
5270,1777.7419642857144,0.12259892646709082,0.4460998472373347
5271,24.697321428571428,0.046493923295456485,0.30764872391166065
5272,123.40803571428575,0.47464985525357084,0.7552412238614158
5273,-5.926785714285713,0.05617190735257724,0.33331875781443027
5274,60.00714285714281,0.6608275139574236,0.8605836586704967
5275,-10.953571428571426,0.11426859221203023,0.43513839964806805
5276,-0.8392857142857135,0.815106931944637,0.9310705559574156
5277,-36.20446428571432,0.31230168601411806,0.6402360211031836
5279,62.049999999999955,0.18826098938166452,0.5273410315304322
5281,82.38392857142861,0.1304479544746862,0.4572991410127002
5283,-17.23303571428572,0.14680205901535284,0.47705215908852405
5284,6.03392857142857,0.362514991200365,0.6778039584309176
5286,36.13392857142844,0.5396314637035247,0.7943020669804877
5287,-214.89821428571423,0.07377238052760043,0.36854316554857386
5288,-0.12767857142857508,0.9845860509691396,0.9948842351861558
5289,44.944642857142924,0.31200419415027314,0.6399620841523929
5290,-36.36249999999998,0.10444971957811712,0.41976686416808273
5291,6.748214285714425,0.9443808414305319,0.9810199400606907
5292,45.575,0.31060115590712484,0.6390646873674892
5293,140.6357142857143,0.014381957241049969,0.21702423110789504
5294,192.5901785714286,0.030177664193805933,0.2659605316088933
5295,-84.58839285714294,0.3491831967616312,0.6676782291019859
5296,36.06160714285714,0.16046200193704632,0.49379523588157864
5297,17.35267857142857,0.30094118617439314,0.6307647475962582
5298,41.58035714285714,0.16052392438801197,0.493835829009052
5300,27.85178571428571,0.09837602696549594,0.41030660419089865
5301,-8.03482142857143,0.3360370929635836,0.6582785589899127
5303,-106.58571428571418,0.14049797826209845,0.4698591327592044
5304,-2.678571428571427,0.29175035962482554,0.6244178535200671
5305,277.4214285714287,0.0061721580193515296,0.17952850950194416
5306,78.36160714285712,0.004756731883587135,0.16997001039451554
5307,-29.025,0.0001384383132351589,0.07723586506257461
5308,-99.34910714285715,0.011863350003370519,0.2072329406830945
5309,-1.941071428571429,0.44219800413756216,0.734546677831598
5311,24.994642857142765,0.7548034591207836,0.9041811758225664
5313,-3.8285714285714256,0.3589353105891327,0.6746695581154025
5314,-13.443750000000005,0.08710606276025722,0.3918007954128043
5315,33.717857142857156,0.4706424014326936,0.7527459104129501
5316,-30.491071428571416,0.046037107521354086,0.30682476894590405
5317,-4.120535714285714,0.349562275176637,0.6678474208274329
5318,-40.753571428571426,0.07845716686278378,0.37734391258116673
5319,-1.6875,0.7056916443279431,0.882780576420946
5320,836.2794642857142,0.09127963203184146,0.3987877118043432
5321,67.04196428571427,0.09202509178890757,0.4000216165971157
5322,9.77589285714286,0.30186396795160664,0.6314884821020635
5324,27.009821428571428,0.48129929195758997,0.7592752115952306
5325,56.31696428571422,0.6614655149350889,0.8608404034341612
5326,-6.621428571428567,0.32648740407826193,0.6509218414905138
5327,0.029464285714283278,0.9992753842793356,0.9998056881651479
5328,424.9633928571428,0.10125959174477914,0.414886404113544
5329,119.9401785714286,0.01684161751051762,0.2259669785000125
5330,22.958928571428565,0.20452870424994846,0.5419305812916984
5331,9.708035714285685,0.47722281988478354,0.7569746055064127
5332,-61.76071428571427,0.009964506530864652,0.19801461866623513
5333,48.911607142857164,0.0134305556623136,0.21281174758909507
5334,-73.50446428571428,0.008265176673513779,0.1898671460303366
5335,27.875892857142873,0.19326270273970847,0.5320947482403963
5336,300.87410714285704,0.10382962057410504,0.4185623126125594
5337,32.37857142857142,0.2424087028019808,0.5792672784837826
5338,-4.665178571428569,0.7161608190697408,0.8877374770507941
5339,-11.666964285714272,0.47887686273907676,0.7580148944807336
5340,-5.799107142857141,0.2348131075840105,0.5720650625317268
5341,135.14196428571432,0.0288392504803839,0.2612977279769292
5342,2.621428571428572,0.3983987527018759,0.7046981845383224
5343,-12.93928571428571,0.3508404717075884,0.6689993007496788
5345,-3.342857142857145,0.5078826090622031,0.775840554769653
5346,-928.3973214285714,0.11965929507826066,0.4420286498443881
5347,-1.432142857142857,0.7076993859174213,0.8835132760597103
5348,-134.03660714285715,0.007032482113293067,0.18344511428640195
5349,-29.24910714285714,0.031833389146697644,0.27080917249038333
5350,-3205.2071428571435,0.003758022521301405,0.1604485441098942
5351,109.15803571428572,0.06363667411838722,0.35018070559545844
5352,1021.9116071428573,0.0474976128857973,0.30998861740579847
5354,-46.21607142857142,0.05416156699368649,0.326985303139384
5355,301.0116071428572,0.07570131766507675,0.3724243073423383
5356,51.95178571428568,0.11433580441621317,0.435237074876868
5357,-12.434821428571432,0.2862425545736458,0.6194708546276948
5358,-389.4651785714286,0.629428179009804,0.8445978915074126
5359,212.8642857142857,0.16099218877177937,0.49459166832033696
5360,422.64732142857144,0.008562756272022435,0.1909334009677107
5361,171.59553571428572,0.01314060322289175,0.21137711545547824
5362,-42.05446428571429,0.06774430006584531,0.3578320554632492
5364,-3.5633928571428557,0.11924493213584482,0.4416669830274791
5365,2.8651785714285705,0.4229314622227302,0.721523427372766
5366,47.34107142857143,0.1398535580385269,0.4689661628798809
5367,3.1035714285714286,0.3068701652461869,0.6360169175449305
5368,133.97410714285715,0.2720995247344467,0.6070939636250202
5369,-9.485714285714284,0.115257154623745,0.4371919612219549
5370,-7.033035714285715,0.18890315925256546,0.5278417862796554
5371,16.840178571428574,0.033548775110019746,0.2762884891008178
5372,-1.2562500000000014,0.902601948680781,0.9646161365152796
5373,57.68124999999999,0.0007887961047667564,0.11789051123565568
5375,-24.678571428571438,0.0017988151354171446,0.1354686191858573
5376,-957.2562499999995,0.5141413436486607,0.7798556834042758
5378,35.01696428571432,0.3167947303168897,0.6437120733005972
5379,-16.066964285714306,0.5401467992614782,0.7948011469375152
5380,-1.125,0.7607616897912396,0.9069801214681168
5382,1.2089285714285718,0.5690825427272046,0.8116014340089573
5383,4.709821428571427,0.41894621916320046,0.7191701637798283
5387,-43.77678571428572,0.03458607548657552,0.27968395234727883
5393,24.12410714285717,0.19951330967607184,0.5376085236881978
5394,-11.986607142857139,0.03684035713127431,0.2841337358476055
5396,47.71249999999998,0.12770738392203643,0.45352047388525213
5406,-1.9473214285714278,0.44280792806175534,0.7350898331447905
5407,4.674107142857142,0.36391981533993906,0.678733186788955
5408,-8.549107142857142,0.013749694300966769,0.21467114927595535
5409,-0.39196428571428577,0.9200038926762113,0.971764076803125
5411,275.555357142857,0.08127084654881843,0.38205699947463817
5412,-241.37589285714296,0.050811520123061005,0.3193608650483494
5414,-4.403571428571439,0.6375421885572897,0.8488270870931429
5420,-16.773214285714175,0.8970513366314594,0.9624655474072301
5422,-17.75535714285712,0.03255989970850608,0.27365347726501815
5423,-133.83392857142854,0.17274269973963055,0.5099747211540007
5424,2.751785714285724,0.8652041156164766,0.9507334634780765
5425,15.425892857142856,0.3345373641538336,0.6570938354623388
5426,-5.806250000000002,0.40059847398605836,0.7063799001898843
5427,4.549107142857146,0.5639352598798638,0.8089815871146002
5428,-7.982142857142858,0.004393604813709356,0.16595406639301308
5429,21.551785714285717,0.022426830239582012,0.24276122418316107
5430,21.885714285714286,0.04713458583161323,0.3089287317601838
5431,-214.8883928571429,0.015154767402219334,0.21898676465652597
5432,21.473214285714334,0.534322834776186,0.7915598935537423
5433,7.401785714285715,0.4728849200935362,0.7542656727704462
5434,97.70267857142856,0.003252564177082646,0.1539745548751272
5435,-6.061607142857142,0.1664263008121835,0.5018992327903112
5436,95.25624999999991,0.05462208487046381,0.3283270108061356
5437,96.74910714285716,0.12529546672156688,0.45073360116230726
5438,-95.88303571428577,0.1966396444031515,0.5351317177267181
5439,-59.97232142857138,0.29460059213493794,0.6264969020306246
5440,62.4678571428571,0.258583087565091,0.5953803112289198
5441,17.556249999999977,0.8450836289947184,0.9434266549306264
5442,-5.978571428571421,0.5336861607145484,0.7912384304210623
5443,-7.232142857142858,0.09436519535889433,0.40417223521541845
5444,-11.154464285714287,0.048256287632205935,0.31271927536930894
5445,31.524107142857133,0.7556709190249359,0.9046058944820174
5446,-8.610714285714291,0.053046085515527204,0.32416393490124623
5447,20.13214285714286,0.0978267400843792,0.4096665466666497
5449,-4.708035714285713,0.05797689384794017,0.33808740042433
5450,1033.5660714285711,0.11433088211764808,0.435237074876868
5451,3.4348214285714107,0.7586367794250163,0.9061337516628651
5452,40.29374999999999,0.0843801146898056,0.38744214806902655
5453,1.0633928571428566,0.8585368590487131,0.9483886932511673
5454,-15.157142857142857,0.045004427061735595,0.304419953119964
5455,35.01607142857142,0.3665621997667548,0.6805361043207918
5456,-10.1125,0.025813932776367027,0.25310683777217
5457,-9.8875,0.0011090813986419567,0.1240993704425147
5458,-10.478571428571428,0.16952234211098585,0.5061324702126861
5459,-0.21785714285714342,0.9452230164799428,0.9813712929603616
5462,-35.69285714285714,0.013454910943861182,0.21281174758909507
5463,-20.97499999999998,0.09703309410950726,0.40833729046669526
5464,-78.74017857142849,0.7818622287142847,0.9171235880065539
5465,-231.6160714285714,0.004917078038163467,0.16997001039451554
5467,107.47857142857143,0.13261071967543162,0.4594575193883432
5468,-55.775000000000006,0.1484419707676324,0.4793762901401564
5469,80.38214285714284,0.03407824240951556,0.2776352192312458
5470,-0.5696428571428571,0.7987098462019917,0.9245337168232041
5471,21.58749999999999,0.2133674444652906,0.5520702985394246
5473,123.47589285714284,0.5166893582736604,0.7813405145708419
5475,-6.300000000000001,0.34779840644142807,0.6665922765164609
5476,179.34553571428572,0.008688468848927369,0.1916892122888339
5478,1166.3375000000005,0.02299892685495107,0.2446432540456128
5479,1093.9107142857142,0.0057957693923417295,0.17752587760576138
5480,824.8491071428568,0.11046404415051374,0.4298357137519991
5481,-174.80357142857144,0.015997323443314438,0.22261482801303561
5493,-83.91696428571433,0.35248412063250134,0.6700339807185428
5494,-699.7285714285715,0.0019927052433882054,0.13973184654505375
5495,-365.86607142857133,0.07095184405691975,0.36350367220322766
5496,26.058928571428552,0.135213455127759,0.46280309077186377
5498,15.533035714285711,0.05832629375148787,0.3389657855933885
5499,48.32767857142859,0.08086470120704563,0.3811836900550771
5500,-1193.2232142857142,0.003764957946343118,0.1604485441098942
5501,-610.0473214285716,0.0609983096116568,0.344770184474446
5502,-346.48749999999995,0.011091764540146707,0.20405189307958319
5504,-113.89732142857144,0.1058857696617863,0.42263866668551364
5506,-758.5544642857142,0.012827668138800557,0.21086974007484077
5507,-1393.69375,0.05084657211240752,0.3193608650483494
5509,-17.94999999999999,0.14443408625275603,0.47431879787791675
5510,-28.741071428571388,0.5672976860453939,0.8108998445259753
5511,8.366964285714289,0.7923468039994007,0.9217549630559637
5514,20.283928571428575,0.24457947261163349,0.5819961004235612
5515,-54.25178571428572,0.10111885031546554,0.41450540868181723
5516,-291.5508928571428,0.15287664634827097,0.4846929915390963
5518,-6.109821428571422,0.7135339299657834,0.8862441531321945
5519,-45.82946428571429,0.022602154953510135,0.2434688068451274
5520,-128.64999999999998,0.020898831238412137,0.23901065822335496
5521,-7.46517857142857,0.2664786704494316,0.6022388395460939
5522,-20.81607142857142,0.0017239582748547423,0.1325702091106653
5523,-815.085714285714,0.01845450231488208,0.2320606978073086
5524,13.351785714285704,0.2715892216485605,0.6066816756673903
5525,-56.48392857142858,0.10183100523683151,0.4156483920361152
5526,4.302678571428565,0.5232094276648901,0.7849405413463443
5527,37.557142857142864,0.17070939457074813,0.5074407671985425
5528,-26.004464285714278,0.11731404807009428,0.43958688426650117
5529,-83.52410714285713,0.005441899174891297,0.17430775477127936
5530,-158.17410714285688,0.7439816187198136,0.8993724457366914
5531,97.68660714285716,0.0017120127079228867,0.1322094559402314
5532,-1451.6705357142857,0.023565739970656578,0.24618049758656588
5533,-45.84553571428572,0.1572924925064268,0.4900545346053271
5534,-34.61160714285716,0.010081803307508824,0.19863877327497115
5535,2.4294642857142845,0.5809522719772316,0.8176789819786138
5536,-13.88035714285715,0.2662051523183846,0.6019276432638478
5537,-337.39732142857144,0.006019743946685046,0.17822368508738473
5538,713.0919642857143,0.026594469567881408,0.25519698554243414
5539,0.1794642857142854,0.954742593795494,0.9843477660571922
5542,-31.9125,0.1244192902721031,0.44925536227890883
5544,-7.310714285714287,0.36926464134790554,0.6831545565628915
5545,-0.7669642857142858,0.6989398427019348,0.879060744975467
5546,-10.025000000000006,0.1099458999524326,0.42913971896074593
5547,145.70714285714303,0.5241089274858399,0.7855586864926888
5549,1386.7214285714285,0.13465971768382975,0.4621505281754687
5550,-69.47678571428574,0.1492874596844758,0.4801855823475999
5551,31.245535714285715,0.2694604150194701,0.6046685077442859
5552,3300.6285714285714,0.02240862081756413,0.2426601986928736
5553,3.758928571428571,0.4095040714174833,0.7128413863781368
5557,24.549107142857125,0.14957015642114646,0.4804505200826145
5558,1.7660714285714292,0.7753614118507609,0.9136397670892318
5562,-32.59642857142859,0.09070910683664236,0.39793953432507595
5563,-780.3098214285715,0.0022374922891381047,0.14441564549074604
5564,9.099107142857136,0.3634071125833707,0.6784282788863959
5565,-899.9723214285714,0.009548679369665981,0.19669047889675625
5566,8.59910714285715,0.567769679417849,0.8109363994938126
5567,397.8303571428572,0.04946279110050328,0.31615488730354835
5568,-4.064285714285717,0.5058114555791561,0.7746240425105928
5569,-2402.3607142857145,0.013683748706731596,0.21413891933194426
5570,4.842857142857149,0.82286314549483,0.9341398297398329
5571,-43.84196428571428,0.18689709540879762,0.5258915491470336
5573,218.05089285714303,0.7045320920544073,0.8821024779605116
5574,-7.928571428571429,0.02236029717416325,0.24263278927852766
5575,-23.332142857142856,0.0066709095776574705,0.18122967135939963
5576,-410.95982142857133,0.031345287284435426,0.2693493278520601
5577,-411.6035714285715,0.07123539628485615,0.36413077127289484
5578,344.55535714285713,0.06920349132405619,0.36055369653223573
5579,134.82589285714283,0.015892615548509095,0.2220730032519775
5580,14.991071428571434,0.0972595941589278,0.40871119521450094
5581,-12.333035714285714,0.26774065005598263,0.6033572831684023
5582,-3.123214285714287,0.5268994125231359,0.7872175264299072
5583,-11.94642857142857,0.023028587656844023,0.2447895981990307
5584,36.02232142857133,0.4932688993087135,0.7662000928919547
5585,13.597321428571433,0.12712447938550855,0.4527040190990377
5586,169.1366071428571,0.11708633364603227,0.43949695467151856
5587,4.497321428571439,0.8651347830846806,0.9507334634780765
5588,-387.7803571428571,0.02416404294532875,0.2477811417921698
5589,64.24910714285716,0.10930742386559111,0.4280838984517597
5590,41.098214285714285,0.009451964608221992,0.19621900898835917
5591,17.133035714285683,0.526697464037588,0.787087868539512
5592,-541.3660714285716,0.00016765910699671432,0.08218894428282343
5593,-7.960714285714282,0.2632645885705569,0.5994209220211125
5594,53.041071428571435,0.026494201906759617,0.25514772958441984
5595,1.6053571428571303,0.9134033919214546,0.9691494985550175
5596,-8.43482142857143,0.06545989671169668,0.3534805629808293
5597,-192.57857142857154,0.2932875100480254,0.625408935200296
5598,4.674107142857146,0.7300045818225068,0.8938501565255557
5599,-38.41428571428568,0.09622563979743187,0.40684587168987807
5600,2.697321428571426,0.641758494032877,0.8508148858267524
5601,70.23571428571427,0.02229890456582395,0.2426291168780445
5602,-9.626785714285717,0.23688151142659508,0.5737316515576145
5603,41.30267857142857,0.013463481205499403,0.21281174758909507
5604,-34.00535714285712,0.6101281468019057,0.8344345319505357
5605,8.92857142857143,0.7161578980655708,0.8877374770507941
5607,-15.977678571428555,0.3289356603555988,0.6529837834146508
5608,-70.30178571428573,0.011566999106318093,0.2066643213509123
5609,-11.488392857142856,0.4562832165147531,0.7439982273420246
5610,176.2910714285715,0.111041914900226,0.43066235931083807
5611,715.9374999999998,0.03292071381079686,0.2748419648198684
5612,-150.63303571428582,0.0810398289504059,0.3816739295256648
5613,6.701785714285705,0.5918968988792476,0.8249817726731771
5616,31.660714285714278,0.043157348126120265,0.30035998075300735
5617,-5.684821428571425,0.5043549054005143,0.7736611523377134
5618,-4.569642857142856,0.2916263879072927,0.6242898936673766
5619,-7.883928571428573,0.32580200811558807,0.6502716594818175
5620,-0.21160714285714288,0.9527905470104622,0.9837468858053523
5621,146.1500000000001,0.8628011407415043,0.9498178305086327
5623,-12.441964285714281,0.14281988848733135,0.4725086169094059
5624,-6.827678571428574,0.27466447352691375,0.609517009906811
5626,-11.33125,0.04588970014870611,0.3063887117846715
5627,-163.46428571428578,0.6856181735709511,0.8726644389606051
5629,-26.944642857142853,0.04390841253459835,0.30182362215288505
5630,-31.871428571428574,0.0034568890699838966,0.15672090373247888
5631,37.81964285714287,0.5465442611470114,0.7988666964316642
5634,79.32499999999999,0.36209232488322396,0.6774131005300349
5635,32.84375000000006,0.2799008048017373,0.6141324702878989
5636,33.78839285714287,0.1688897132557614,0.505438048558439
5638,-121.31875000000002,0.011461417854439538,0.20647546003014225
5639,-6.0,0.11326390769553786,0.43360202725483354
5641,193.56517857142853,0.7051269666429255,0.8823568283524124
5645,-10.082142857142857,0.01671781899865981,0.22498959102876664
5646,-12.10089285714286,0.30218604150822914,0.6317725981997186
5648,-59.27857142857143,0.022988301269506083,0.2446432540456128
5649,-97.60089285714284,9.801230131404516e-05,0.0674508154185926
5650,-25.676785714285714,0.025772294082151648,0.25304592292685874
5651,-1.2464285714285808,0.9284703633755066,0.9743218517054206
5652,-3.314285714285713,0.3029853160059526,0.6324725928766591
5653,-6.175892857142859,0.37083186687637026,0.684604008693461
5654,1102.2116071428582,0.42661391390289904,0.7238594126299837
5655,-0.49196428571428497,0.6581480743828664,0.8594095288581961
5657,-0.1366071428571427,0.9499317514721185,0.9828006940984426
5660,979.3375000000005,0.3126591861886619,0.6404886101485608
5662,5.434821428571427,0.39510723702648387,0.7023057383035045
5663,140.49285714285713,0.009263999672766608,0.19493355607384097
5664,-8.76696428571429,0.11028818873749581,0.42944697546728894
5669,-5.360714285714284,0.14366052965500073,0.4734730405199185
5670,-4.530357142857143,0.08412708378165272,0.3869785884518357
5671,-2.7214285714285715,0.4681936947602578,0.7512616734465308
5672,-15.035714285714281,0.20112302987508857,0.5390361855835212
5673,-5.083928571428565,0.6237241213366704,0.8421107352351457
5675,-10.291964285714283,0.07316075927815047,0.36758541752737334
5676,-6.836607142857147,0.30182881604272743,0.6314884821020635
5678,-10.457142857142859,0.1391113429873404,0.46794293257344116
5680,-5.385714285714284,0.22228931605313004,0.5608781372100644
5681,15.973214285714281,0.07295815806198447,0.3673438891278203
5682,-273.9696428571424,0.38442763754037096,0.6944159205272824
5683,-132.82321428571436,0.006661431654815107,0.18122967135939963
5684,-116.89553571428576,0.30522012198834975,0.6344034706544357
5685,308.9473214285715,0.047417104218402645,0.30987770190408936
5686,234.10982142857137,0.028385656365994483,0.26007412609312297
5688,-123.05714285714294,0.36266039184457183,0.6778039584309176
5689,241.05446428571486,0.566528079012966,0.8105874282628821
5690,142.6071428571429,0.16324592282750283,0.49793421649058395
5691,56.256249999999966,0.5994490411392912,0.829271742690634
5692,440.2794642857141,0.005173798151800384,0.17182093284629854
5693,-73.65803571428569,0.6389783142289122,0.8495994280696076
5694,30.527678571428623,0.7611182173327485,0.9071004126922143
5695,-123.51250000000016,0.3050985588129916,0.6343020178501427
5696,203.0205357142857,0.08326637080333238,0.38516574706449885
5697,-5.765178571428573,0.015035480041761118,0.21857614232472455
5698,402.53125,0.0758567554259498,0.37250476943720184
5699,125.87410714285717,0.07149842850519074,0.364611404596045
5700,-608.5491071428571,0.046693700512466074,0.3080420674476154
5701,-307.17142857142835,0.3423014614090611,0.6623255265081366
5702,-42.02946428571431,0.14105439598589944,0.4701255923940546
5704,6.000892857142844,0.7462214613617567,0.9004161899707372
5705,-104.0214285714286,0.3349933334854685,0.6574650275555559
5706,-158.89553571428587,0.32226332450155704,0.6475844575859707
5707,-157.14910714285713,0.11197810506207562,0.4318155391169828
5708,-251.50892857142867,0.09820232903839807,0.41022006881945206
5709,2.921428571428578,0.7436773981693705,0.8993112986289414
5710,-224.83660714285713,0.12190967634880874,0.44513375766976543
5711,76.40535714285716,0.03970772510869935,0.29247202887217255
5713,-277.44464285714287,0.023559875935097587,0.24618049758656588
5714,24.69553571428571,0.7051884646658889,0.8823619455782113
5715,126.99821428571431,0.018601229056160767,0.2328347524371772
5716,96.76071428571436,0.508089347014847,0.7760024966394515
5717,-47.84375,0.0368146555551871,0.2841337358476055
5718,-166.1017857142857,0.027614828481236166,0.25724878563121184
5719,60.474999999999966,0.11668444430357537,0.43930312466438587
5720,270.78392857142876,0.06493416034340102,0.35245460307509685
5723,21.929464285714296,0.015614236722084408,0.22042561135552932
5724,175.02589285714288,0.03819953468978444,0.2881964342712797
5725,161.3107142857142,0.028852312654988027,0.2612977279769292
5726,-1.5473214285714327,0.8257335718425073,0.9354367329111137
5727,-49.207142857142856,0.33263611005184174,0.6556192976598575
5728,212.94196428571422,0.47388762023228204,0.7548236173838673
5729,38.23214285714286,0.4638078248554976,0.7485847925375207
5730,372.15,0.20289569008052177,0.5406388314789792
5731,-4.498214285714285,0.19413155379880728,0.5329851702995503
5732,76.94464285714287,0.22205146312333957,0.5606978948668913
5733,-122.84375000000001,0.025319246584801492,0.25155911448737445
5734,476.7241071428566,0.37034662373856564,0.6841702139784456
5737,109.22142857142853,0.3556194556116976,0.6724014919434195
5738,138.57410714285703,0.15929381393599137,0.49215289595008704
5739,6.258928571428573,0.32840930537995694,0.6525918159755513
5740,103.55803571428572,0.3808501105958843,0.6922533177137625
5741,-7.374107142857142,0.0917671760180008,0.3995907444452739
5742,99.81874999999997,0.2166416736022965,0.5556543371114867
5743,128.2919642857143,0.30899135613637074,0.6377598597192942
5744,52.068749999999994,0.5186596995885372,0.7824853576040937
5745,-11.685714285714269,0.21505540372068013,0.5539337510742746
5746,-1.1401785714285708,0.7654276302006687,0.9090272761593338
5747,-229.43839285714273,0.005638785080654735,0.17587026485156737
5753,-9.473214285714286,0.007749076486345466,0.18786893212895334
5754,-14.388392857142858,0.012014490921515103,0.20793439714101364
5756,284.53392857142853,0.013078156858386777,0.21137711545547824
5757,474.8223214285713,0.2564990868156053,0.593594000969522
5763,-7.802678571428558,0.47057788742855045,0.7527459104129501
5764,164.07053571428574,0.09532532938268229,0.4056278608450583
5768,123.20178571428573,0.058963767469259985,0.3403372462304445
5770,33.8830357142857,0.07007565118404657,0.3620326064987332
5771,289.06071428571437,0.09138562550748067,0.3989576414366509
5774,-139.16696428571427,0.03166440028771726,0.2703390202577985
5775,-33.39375000000001,0.028604111847951943,0.2607277577440227
5777,47.35357142857141,0.04305550988353037,0.2999949028777906
5778,17.852678571428573,0.1266233011934977,0.452051048747363
5780,6.7910714285714135,0.4310509387236129,0.7267263843748974
5781,-812.028571428571,0.0012124521434687602,0.12526828038434104
5782,81.69285714285706,0.5678429283703881,0.8109580069782779
5783,-16.83749999999999,0.3218938548772208,0.6472901971795367
5784,-195.68571428571454,0.49317850178750255,0.7661249740093108
5786,-16.149107142857147,0.05927531692277715,0.34108071014798513
5787,-376.8491071428571,0.0002641761922987985,0.08348620717944168
5788,1140.31875,0.006356778434425907,0.1804552756501747
5789,264.8499999999999,0.10492683643820783,0.4206536722583233
5790,26.42767857142857,0.21827780573251784,0.5573147953873827
5791,190.46339285714285,0.04167820138972676,0.29741646469945043
5792,-108.22232142857149,0.3399103111830939,0.6608494542913222
5793,11.104464285714272,0.7519917853911949,0.9027566938842346
5794,6.081250000000001,0.29797338293138614,0.6288279015937365
5795,172.1205357142857,0.09171348396959725,0.399461063971778
5796,-40.88571428571424,0.804588516540381,0.9266899852306832
5797,-106.69821428571436,0.528715998267307,0.7883750719603494
5798,-7.157142857142858,0.14060763736533838,0.470042127183514
5799,8.183035714285722,0.6929070708136295,0.8765928114393606
5800,-1413.4348214285706,0.011270730748525127,0.2052032142381971
5801,-11.423214285714286,0.15296403034403244,0.4847732644945499
5802,-251.94285714285718,0.07146178662978045,0.36454312222273244
5803,-30.183928571428577,0.05392451849528923,0.3262598525696455
5805,-5.874107142857156,0.9315046013627204,0.9756585715845523
5806,269.05892857142857,0.19511231888317768,0.5341360922760734
5810,-16.65535714285714,0.22299244768507856,0.5615755185590867
5813,-137.55892857142862,0.5469708097246156,0.7990091986350228
5814,-7.737499999999999,0.1259539761781444,0.45165828156242904
5816,0.139285714285716,0.9675119161675743,0.9885456384568364
5817,-46.87410714285713,0.018891438888231044,0.2338727141522687
5818,-19.345535714285717,0.17660798133795216,0.5149629941549936
5819,13.849107142857136,0.19845559657295955,0.5367578403475916
5820,-9.588392857142857,0.12783541493229897,0.45369387695752444
5822,16.485714285714288,0.206648574539856,0.544375533345251
5824,-71.89196428571428,0.02017697603515411,0.23744580766467172
5825,-172.63392857142844,0.13054890833048272,0.4574601143200147
5826,25.230357142857137,0.19957146576730508,0.5376085236881978
5827,-48.09910714285716,0.02540472466448848,0.2519366334793228
5828,-35.49374999999998,0.48873936513538413,0.7634588951394854
5829,38.297321428571436,0.01280007532235129,0.2108544389039817
5830,-57.02053571428573,0.04141704802812614,0.2967797357792969
5831,32.709821428571416,0.09836602374476658,0.4102961815872072
5832,327.0892857142858,0.014985714035336137,0.21854999063270292
5833,2.496428571428577,0.7737607095048603,0.9127607989604515
5834,29.42142857142857,0.03300952653944691,0.2750260095715255
5836,81.48125000000002,0.1034684165028116,0.4179939611414062
5837,-1578.8669642857146,0.01858002094771266,0.23267582348057483
5858,-10.977678571428562,0.23235043853098827,0.5697775487388672
5860,-49.27589285714282,0.2531595427528026,0.5907295191754832
5861,433.24196428571486,0.5682802907246528,0.8112037203114822
5862,243.2089285714286,0.0021340245668503136,0.14351512077803308
5863,6.091964285714283,0.806996123481766,0.9276061273044938
5864,-7.262499999999999,0.2283805225548084,0.566655793849327
5865,6.0892857142857135,0.3549020764457117,0.6716604717780993
5866,-16.192857142857136,0.32151779388907886,0.6468807867851109
5868,298.7633928571431,0.27991641214445023,0.6141324702878989
5869,-10.167857142857137,0.2994183456960339,0.6298844959957928
5870,0.1517857142857153,0.981772033592074,0.9939713207529884
5871,-1.2526785714285715,0.11358250422574451,0.4340499650899674
5872,1156.4375,0.08183466489438572,0.38262403352194096
5873,190.02678571428572,0.004922404582716235,0.16997001039451554
5874,15.120535714285722,0.7668347051682628,0.909590998938577
5875,12.068750000000001,0.15649408941976511,0.48880718076999824
5876,-115.71785714285704,0.10611112823831066,0.42310574215502006
5877,39.20267857142855,0.036096149684169986,0.2827908896924388
5878,24.09910714285713,0.06243706374420544,0.3475341621176599
5879,499.18839285714284,0.043747314804090255,0.3016466109509968
5880,512.1910714285715,0.0031385935788107717,0.15260771129085
5881,-4.039285714285713,0.3563901958120334,0.6728250301397063
5883,0.053571428571434154,0.990358875961867,0.9967958617936008
5884,-10.90625,0.349975513905876,0.6681107761998242
5885,-76.45982142857133,0.3671053758746911,0.6809664605919843
5886,-475.60446428571413,0.04351333473885523,0.30122499666097047
5887,-360.8633928571428,0.013314687342232942,0.2125008398386404
5888,11.51517857142857,0.4239324515425348,0.722063570479674
5889,-29.676785714285728,0.06414415063067276,0.35102406523191204
5890,-16.078571428571433,0.0004760063318585715,0.10279875875084937
5891,7.606250000000003,0.5101976234417823,0.7772877676296845
5892,8.50714285714286,0.035665155066520314,0.28171380979979377
5893,-5.84375,0.07921988776654108,0.3786370486676856
5894,-163.22499999999997,0.05389735035513261,0.3262598525696455
5896,-13.379464285714285,0.04332867735776747,0.3007135693154348
5897,-5.957142857142857,0.01381356761914775,0.2149101173566525
5898,328.4178571428572,0.04953777938092156,0.31637631419599566
5899,119.46785714285716,0.10459758903484492,0.4199196956669999
5900,44.520535714285714,0.08668267179381191,0.3915370069029475
5901,-66.45000000000016,0.39228134313179913,0.7002552208560711
5902,96.82321428571427,0.0431707859163986,0.3003882747575993
5903,-244.05982142857147,0.03544647192402971,0.2814601973565116
5905,6.803571428571427,0.3825400068996304,0.6933255858301457
5906,131.25803571428582,0.4981571160703964,0.7692907872094034
5908,591.1928571428575,0.06517233098134895,0.35301141236430095
5909,-5.191071428571426,0.46139408790931813,0.7472079741054998
5910,161.34821428571425,0.0045583619849159625,0.16818693840239604
5911,174.4178571428571,0.10948399542533381,0.42852297586657073
5912,786.5526785714287,0.05064368288611366,0.3189659442228158
5913,-28.687499999999996,0.0045459348183324805,0.16818693840239604
5914,14.525000000000006,0.4213124732750334,0.7206175147441799
5915,10.862500000000011,0.40282493329895186,0.7079005536063373
5916,19.6375,0.035296358613358426,0.2811940320840402
5917,156.3714285714285,0.2742137157466519,0.60897674098579
5918,177.28571428571425,0.08846294618690437,0.3946403053825878
5919,35.426785714285714,0.6398405924708576,0.849934711634262
5920,50.91428571428571,0.1313490241336799,0.4583551119804027
5921,231.8303571428571,0.4185972564665522,0.7191498175913119
5922,80.88392857142844,0.5183416663803362,0.7824066484286006
5923,3.5723214285714278,0.5658682300280222,0.8103204598303375
5924,-57.29107142857143,0.030218247530083557,0.2659605316088933
5925,265.23125000000005,0.12360813366943885,0.44762714984611
5926,-19.180357142857133,0.4562839775667706,0.7439982273420246
5927,134.00446428571425,0.012920453410535273,0.2113494599830515
5928,77.03214285714287,0.07692482768294231,0.3744172024017035
5929,-5.143749999999997,0.5087121945977481,0.7762380175797927
5930,-62.57678571428568,0.10587381442147993,0.42262180064936955
5931,-357.9839285714286,0.01787447065281166,0.2301664349840974
5932,27.426785714285728,0.46892043568480574,0.7516766626779025
5933,-21.004464285714278,0.1816020373916389,0.5208305224133277
5934,21.86607142857133,0.8694959113301074,0.9523917727801926
5935,138.0348214285715,0.124523554382255,0.44945374543502725
5936,16.776785714285722,0.3967128880850933,0.7034476550558895
5937,524.3571428571428,0.05044986886630219,0.31884392666304195
5939,11.674107142857139,0.4561832007238706,0.7439505194084886
5947,-11.835714285714285,0.031232056431985195,0.26900010797397456
5948,-3.5687499999999996,0.4647320906773216,0.7492094006267472
5949,1.383928571428573,0.8000781800612123,0.9250522031974797
5950,-108.00714285714287,0.13511509695123194,0.4627229136956537
5954,233.9508928571429,0.1466012663143678,0.4767425337981473
5955,62.44553571428571,0.2722862750514338,0.6072364020148838
5957,-2.9714285714285715,0.06261378914162952,0.34787205785170144
5959,-38.21339285714285,0.07687597576045319,0.3744172024017035
5961,-24.336607142857158,0.09873681582387372,0.4106597103266248
5962,-668.542857142857,0.036338731075396535,0.28322640475940836
5965,441.39732142857133,0.04179843850847967,0.29743981205417847
5966,75.21785714285714,0.0657055454138814,0.354110467767764
5967,-7.6937500000000005,0.02989852883483077,0.2645577057848151
5968,-0.3723214285714249,0.931740427592402,0.9758194108289052
5969,-1.8205357142857137,0.10809488929304505,0.42623963364355333
5970,87.70178571428573,0.020088767155227935,0.2373444182044846
5971,-10.20357142857143,0.22217064122920452,0.5608116255404781
5972,0.2669642857142849,0.9261976350877897,0.973812078304154
5973,-1.3508928571428545,0.5954284559301611,0.8268832477807945
5976,44.566071428571405,0.07128752352875632,0.36424783277969575
5977,31.964285714285694,0.1925702070962245,0.5314611111496681
5978,46.22321428571428,0.3746962069570267,0.687315870353141
5979,-21.470535714285713,0.026633479487300167,0.2553367510026541
5980,-125.6758928571428,0.3919658576006993,0.6998476018652678
5981,-2.933035714285694,0.741283554465427,0.8984831927197948
5982,12.707142857142856,0.06647752329543015,0.35548034012547214
5983,10.107142857142833,0.5439816706468479,0.7972710854474307
5984,11.583035714285757,0.5832552015286905,0.8191779892462602
5985,-142.92499999999984,0.22097681781523779,0.5595160147726731
5986,-7.888392857142854,0.26995383002867235,0.6051714557498611
5987,148.16517857142853,0.023557877437045616,0.24618049758656588
5988,-2.8758928571428557,0.2799603786514607,0.6141561945746508
5989,-7.0553571428571615,0.7444201483833082,0.8995304560828986
5990,-5.855357142857137,0.6390252695300354,0.8496147316964882
5991,-20.920535714285705,0.3937407487394703,0.7013903964203739
5992,-11.617857142857144,0.2674443289606549,0.6030401965491508
5993,137.53839285714292,0.14062286208362693,0.470042127183514
5994,-4.386607142857144,0.07796291105587862,0.37633956174099026
5995,-4.930357142857144,0.4893956000386356,0.7637857001145321
5996,1576.2464285714284,0.005778974450607843,0.17740899948735755
5997,1208.1205357142858,0.13700150778617234,0.4654904483641614
5998,153.05714285714282,0.05948919636747349,0.34176440174336586
5999,28.904464285714283,0.1086316799142879,0.42720543043326553
6000,-11.254464285714288,0.1179086676824616,0.4402000060916099
6001,51.208928571428544,0.40471055789717303,0.7093667505784144
6002,-30.102678571428577,0.0015964464733896873,0.13006794080487133
6003,14.162500000000001,0.414639100034089,0.7168887681128934
6004,38.40535714285715,0.04234319270434167,0.2982079005866079
6005,-6.741964285714282,0.2516444784297294,0.5891052634690649
6007,15.45267857142857,0.009366469886815467,0.1953134023881143
6009,-63.719642857142844,0.810587775083414,0.9291131581562421
6010,-29.60267857142857,0.04229869019169056,0.29818429748925734
6011,-8.097321428571426,0.18437387297548768,0.5233460922640482
6013,-10.733035714285716,0.14695240500559018,0.4772943527644464
6014,-2.1589285714285715,0.23569103757406137,0.5726657418786142
6015,40.96160714285715,0.09055022702525639,0.3978089150479486
6016,126.47410714285724,0.04136458861339566,0.2967797357792969
6017,-2.022321428571427,0.5425831570821488,0.7962675772765625
6018,11.015178571428578,0.5000304581849877,0.7704389504176613
6019,-4.032142857142857,0.44836217119144334,0.7385131457502301
6035,624.3517857142857,0.15942264400254214,0.49234258138494075
6036,33.36964285714285,0.12618001237904397,0.4518306041780764
6037,4.416964285714283,0.6842773210448225,0.8720980644769674
6038,-130.2928571428572,0.359546991129542,0.6751693824703843
6039,157.75624999999997,0.035264997999204115,0.2811449638093777
6041,95.37410714285718,0.023474589026825244,0.2461590247490737
6045,-22.36607142857143,0.042069218484855224,0.29806098084741345
6046,164.03303571428575,0.1957683485714478,0.5344602016349882
6047,157.84821428571433,0.0018666302167299716,0.13773010404819325
6048,-7.033035714285713,0.259938334399265,0.5964204429577301
6049,-122.75357142857126,0.1749842800350336,0.5132928542794926
6050,288.04017857142856,0.045303233972857716,0.3052164277010855
6051,73.78392857142856,0.026369669343461435,0.2546848805012123
6059,70.90178571428572,0.08149149773783888,0.3824990193016953
6091,106.2223214285716,0.7232366648752758,0.890948440890785
6092,-77.79107142857141,0.0007708433481945436,0.11789051123565568
6093,485.9312500000003,0.061284712236440456,0.3451104906612999
6094,-1.5562499999999986,0.810076793782866,0.9289536957156461
6095,-591.3232142857146,0.0027827746152447566,0.15065973465010227
6096,-19.11874999999999,0.5892741208260815,0.823330332110958
6097,-107.99285714285713,0.00825028732634104,0.1897704920352109
6098,-1.7714285714285722,0.41307430857757105,0.7157255899453954
6100,-14.878571428571426,0.10319614482294022,0.4175114117355525
6101,0.6973214285714278,0.8483896523467364,0.9447121175136681
6102,35.73660714285715,0.14750006849407232,0.47822082159357454
6103,4.651785714285708,0.8321022320949564,0.9382952496023179
6117,-96.59196428571431,0.4037184166743794,0.7086815562228046
6118,6.6455357142857565,0.9215113607808865,0.9722826019972974
6119,42.949107142857116,0.11020512533106412,0.42931708068941443
6120,115.0928571428571,0.07328623118645226,0.3678722156273826
6121,-3.2071428571428573,0.2362106073195666,0.5732274724898937
6122,1221.5776785714288,0.07394857464391509,0.3689668113393007
6123,-707.4723214285714,0.022057557463240837,0.2419251663596174
6125,355.58839285714294,0.2738629324506469,0.6086778779622953
6128,-621.2375000000002,0.3352684143301396,0.6576535339829203
6129,-2666.0080357142833,0.0056918872012748185,0.17621966745736167
6132,453.69642857142844,0.47630089731315994,0.7563561984603161
6133,-2090.9812500000007,0.13290574938485278,0.45991277516562185
6134,-269.55803571428555,0.4120036400536322,0.7146895212390095
6135,-144.69553571428582,0.5778442726395202,0.8162464632502912
6136,647.4455357142856,0.28869574630310185,0.6220512128820253
6138,-129.065178571429,0.7915727196270126,0.9213932032597592
6141,-208.46517857142885,0.5087977056879236,0.7762643844553935
6143,867.6383928571427,0.10452671979742095,0.4198808614300191
6146,-1612.8758928571415,0.022839888960857084,0.24448806006671736
6147,-1339.0625,0.16140562534107694,0.49499163631965587
6150,-19.32053571428571,0.000653146342004639,0.11428329961427276
6152,-305.22321428571377,0.86601189974195,0.9510163215712847
6155,-237.28749999999945,0.8767466113086156,0.9552576376226792
6156,-1124.9749999999995,0.11984644992640756,0.44226543262191775
6157,284.11785714285713,0.5381279286361074,0.7935908057806067
6159,-1195.9214285714284,0.06442242990642841,0.35147029819475134
6160,468.8446428571424,0.3477598662233954,0.6665807384596782
6161,-101.38571428571504,0.7960100270011212,0.9234425679245979
6164,589.6750000000011,0.4668360980556338,0.7505163709952815
6165,132.3767857142857,0.4870965770890356,0.7626139783615777
6166,303.7973214285714,0.25022169057814564,0.5877707261711625
6167,-806.908928571429,0.4687880122685539,0.7516392706084302
6168,-2250.5160714285703,0.3762666181719129,0.6887073532372313
6169,-529.9053571428567,0.20927412059570064,0.5473361656814127
6170,-1714.559821428571,0.49335057601983073,0.7662500377611471
6171,-1228.3473214285714,0.3217787800632094,0.6471677322036409
6173,3.8812499999999943,0.6127555583766667,0.8356201912216191
6175,-584.7267857142851,0.3541818880671258,0.6712195034481634
6176,-163.56875000000036,0.8742572889778294,0.9542635857711529
6181,8.143749999999997,0.8213798367933163,0.9336190299088305
6182,-20.56785714285715,0.3296602896476689,0.6534682349810643
6183,-18.92589285714286,4.264563186923941e-05,0.048576040051055515
6184,199.51250000000002,0.007645701779424628,0.1878321840087255
6185,1629.288392857143,0.006998285333463649,0.18303835225439555
6188,301.0124999999998,0.6210952649556157,0.8405729730049792
6191,-1186.5178571428569,0.281207770562225,0.6152307608331083
6192,-51.765178571428464,0.923305217385491,0.9730775026293919
6193,-212.17142857142835,0.6589596791529446,0.8595363713627034
6194,231.03392857142717,0.7152477743718233,0.8871837397350085
6195,32.83125,0.019258468950648484,0.2351924927131351
6196,-27.967857142857127,0.21561448311190196,0.5546003922445641
6197,-129.90714285714273,0.11787434841586573,0.4402000060916099
6198,-112.50535714285706,0.11527361824241045,0.43722407751673886
6199,15.604464285714286,0.07487099084353876,0.3707626183060842
6201,117.93571428571431,0.15184611039925372,0.48338783616181646
6202,-1.5374999999999996,0.6009064569199878,0.8299476473266941
6203,1720.0812499999997,0.16730696350954616,0.5033570808278455
6204,531.6535714285715,0.2873574143741365,0.6207817258174569
6205,640.5428571428574,0.7663900613217121,0.9093792396103261
6206,79.25,0.8984357395897343,0.9631381918761759
6208,-445.75892857142935,0.4956847628452054,0.7676226320268138
6209,478.5339285714299,0.44284650213024,0.7350972282461253
6210,-621.8116071428576,0.1780961767522847,0.5170396890527885
6217,-990.190178571429,0.34282250860144864,0.6628176617908768
6218,-956.65625,0.04217878347067859,0.29813177660830187
6222,157.359821428573,0.8299067840513874,0.937541911194876
6223,1648.1294642857142,0.043295597100925974,0.3007069230519416
6227,-482.8482142857147,0.5588577923585965,0.8062717698479251
6228,-593.6776785714301,0.7690031634717179,0.9108026336258074
6229,-536.9892857142863,0.29209281591794933,0.6245180162018568
6230,-608.8919642857136,0.231946505516528,0.5696301122542411
6232,-463.8267857142855,0.6455335843854977,0.8528755461488312
6233,-54.56964285714275,0.9414211325067714,0.9795668018767955
6234,-816.9625000000005,0.395897210205625,0.7028274552890625
6235,-304.33571428571486,0.7993779357623111,0.9246813489147454
6236,-86.30267857142856,0.028001218470821095,0.25843460835451443
6237,39.894642857142884,0.311633054452591,0.6396087410261426
6238,321.5964285714286,0.005435616322661954,0.17430775477127936
6239,27.645535714285813,0.4799650934371912,0.7584822286447781
6240,-6.915178571428555,0.9210506526868024,0.9721789888198352
6241,393.8142857142857,0.014361813807635876,0.21702423110789504
6242,5.561607142857145,0.3542037588069201,0.6712195034481634
6247,-3.737499999999999,0.2814077516592258,0.6153768827876376
6249,-744.7544642857144,0.02146503240496823,0.24020584864565522
6251,147.25982142857146,0.0032894693216240487,0.15408650980512376
6252,263.4339285714286,0.11942123183630304,0.4416964661922592
6253,-323.3491071428571,0.018615821850593264,0.2328675278421191
6256,-72.71339285714282,0.45205579563444825,0.7408830756499489
6257,19.505357142857136,0.2655838861588886,0.6013537115848755
6258,-14.262500000000001,0.012930296180033054,0.2113494599830515
6259,3.885714285714357,0.9547320815369802,0.9843477660571922
6261,-736.1830357142857,0.013697626543674832,0.21413891933194426
6262,11.89107142857143,0.23835343974038153,0.5751832183473985
6263,-177.52678571428578,0.005065829609711402,0.17125077921971654
6271,-55.30535714285715,0.011366763229345428,0.20577519721758883
6272,-171.9339285714285,0.04863641634178107,0.3139546710137993
6273,5.6276785714285715,0.5685410077117095,0.8113640529504519
6274,0.6330357142857252,0.9755759807266311,0.9915532725997055
6275,471.8053571428568,0.5442512293435372,0.7974282701302542
6276,2.6991071428571423,0.43700255286290324,0.7310037307582367
6277,814.6508928571427,0.22228776004656192,0.5608781372100644
6278,-0.7339285714285708,0.20915147714187468,0.5472020666505351
6279,1353.880357142857,0.06404240117992549,0.350841698014386
6280,284.0741071428571,0.03457278541712781,0.2796666729814267
6281,2295.453571428571,0.07197493978313838,0.36528020098371045
6282,200.0723214285714,0.004110713789216384,0.1646908717036068
6283,22.317857142857143,0.45407276951967457,0.7421286184643592
6284,-4.941071428571426,0.5408900858343701,0.7951240218713207
6285,-42.266964285714295,0.2356124574407129,0.572661399363372
6286,14.95,0.5494922704936892,0.8006046444929503
6289,50.19285714285714,0.4725609947116706,0.7541633479610743
6290,-1.1767857142857148,0.39365105888968766,0.7013431786099457
6293,66.14821428571423,0.07306567986496447,0.367440171537627
6294,-15.7080357142857,0.5688763160009702,0.8114625881740092
6295,-5.896428571428569,0.22689523655880833,0.5655024278553208
6296,-2.3928571428571423,0.3968452807288394,0.7035551387617874
6297,-2.1285714285714192,0.876553193183856,0.9551924391556176
6299,-7.759821428571429,0.02563524161052226,0.25257082377118045
6300,-92.37499999999999,0.014756496823038217,0.21755971992092024
6301,-27.62678571428569,0.6213874681037277,0.8407365452436967
6302,67.58571428571429,0.6114676971261774,0.8349349710412077
6303,1018.2678571428573,0.12031243967790266,0.4427215812935578
6304,-301.2321428571428,0.02840268527498028,0.26008325175823493
6305,12.82142857142857,0.2652064369277602,0.6011433693604734
6307,87.00089285714282,0.10832720507990545,0.42660579740926685
6309,-37.56607142857149,0.20805109675947908,0.5458608241913968
6310,-72.96339285714288,0.3779363997244476,0.6897317218510021
6311,-22.55000000000001,0.17641168076885483,0.5148558047420272
6314,-99.02321428571429,0.13195876826230982,0.4586622123674078
6315,0.7508928571428566,0.8108171998197259,0.9291852944905369
6317,4.200892857142856,0.285240289883997,0.6183526786050126
6318,-10.45625,0.11072202447839118,0.4302577603664561
6319,-1021.0669642857144,0.015082869021959214,0.21879289582888783
6320,106.98303571428569,0.05669709575383426,0.33472775189945886
6322,-48.449107142857116,0.13995387181870544,0.469043639922013
6323,-5.482142857142856,0.18712437356722728,0.5261519735041477
6324,-72.90089285714286,0.0024102074299742395,0.1473649815939666
6326,-13.858928571428574,0.008825223801500387,0.19246873208896437
6327,-20.632142857142863,0.010036765821047794,0.19823530370704823
6328,-17.661607142857143,0.18613432147726672,0.5249680799370596
6329,-60.81785714285714,0.02729650546867148,0.25705071245256855
6330,-90.47857142857144,0.0003741799141214537,0.0960482948572323
6331,-21.25982142857143,0.026648163227449964,0.255387962219251
6332,-92.31071428571428,0.0005752148175035699,0.11111190627419604
6334,-4.447321428571431,0.12630556251429195,0.4519354125569791
6335,-29.635714285714293,0.09596577061128843,0.40638479248863774
6336,-2.5080357142857252,0.8408359985678497,0.9421716021517714
6337,-7.493749999999999,0.38243532096825994,0.6933255858301457
6338,-0.086607142857142,0.9864082360461265,0.9953651570755028
6339,-3.4062499999999982,0.22847865090738206,0.5667394174013752
6340,-6.422321428571433,0.18419919421284786,0.5232822894932692
6341,-20.4625,0.12408441670224693,0.4485606315643555
6342,-27.080357142856883,0.8760131072101289,0.9550675216160684
6343,-0.8276785714285713,0.05648979173570376,0.3343234735477179
6344,-14.716964285714283,0.008378652055334165,0.19027189111609685
6345,-331.46607142857135,0.017417787037361587,0.22840259077191843
6346,1.3285714285714283,0.3528161674230813,0.6701950440835552
6347,168.08303571428576,0.19570805021922152,0.5343222633444491
6351,60.08571428571428,0.04253113828791296,0.2985884413408879
6352,171.25982142857143,0.0453928465533141,0.30549653930360027
6354,19.682142857142857,0.16087618145977703,0.4943741693633829
6355,154.37232142857144,0.1940756543566772,0.532970199506431
6356,6.612499999999999,0.1885817226168627,0.5275923930282438
6357,148.97142857142856,0.16854406917029166,0.505143792192806
6360,6.521428571428572,0.23937230504418255,0.5762198202919333
6361,-1.9330357142857135,0.5086315021070617,0.776214234451771
6362,1373.3062499999999,0.09386695656781113,0.4033441184210533
6363,129.9160714285714,0.07946764526770113,0.3790694036827394
6364,235.2392857142857,0.4463503981635264,0.7374548943975131
6366,-1.1419642857142875,0.8609310244175704,0.9491541903097345
6367,3.795535714285715,0.060035868353777,0.34270840491154286
6368,4.209821428571434,0.5912819374583208,0.8245342769468907
6369,0.8401785714285701,0.7845572301246432,0.9183990955759279
6370,-10.615178571428565,0.09979240244515983,0.41253084474187657
6372,252.56339285714287,0.08719505394718546,0.391894664445241
6373,19.512499999999996,0.1545261566511539,0.4868736019651841
6374,181.9205357142857,0.39915892534272823,0.7053118903462857
6375,11.30803571428571,0.1464678171149999,0.4766073057251301
6376,-14.67857142857143,0.0367098552134094,0.28397160919541015
6382,169.36696428571426,0.18240679808370633,0.5214850330466533
6383,-309.81071428571477,0.5528059498147417,0.802469966609902
6385,150.59375000000006,0.3587567602052203,0.6745658526797036
6386,1263.6312500000004,0.10761986015150878,0.42559329419212516
6387,-1105.3741071428576,0.2788136311087107,0.6130855504775135
6388,22.97142857142856,0.16238755912286987,0.49646455075757034
6389,-260.2776785714285,0.06595644857710319,0.354763288337739
6390,-165.65803571428572,0.051024189957435115,0.3198153022516121
6391,-222.01785714285717,0.009718102985729222,0.197522152584313
6392,-272.4821428571431,0.03925465412153294,0.29089823228305467
6396,159.01339285714286,0.07580989498806492,0.3724735098980032
6397,168.05714285714288,0.10201206241471784,0.41598370469307117
6398,30.95357142857143,0.0502305690826378,0.31824681961850204
6399,17.2285714285714,0.23205995843445518,0.5696307450214658
6400,486.29017857142867,0.15549826137764766,0.487856053297922
6401,125.04642857142858,0.10037446258158686,0.41339828566980713
6402,271.1508928571428,0.24181362605927945,0.5785351833058324
6403,-22.970535714285745,0.770386490824714,0.9113624159706931
6404,101.73303571428573,0.01932961724811428,0.2353751129932559
6405,12.405357142857127,0.7231544638895313,0.8909274727497267
6406,0.1366071428571427,0.9658504103709834,0.987978108365059
6407,-3.5044642857142865,0.33047549505356366,0.6539437246315548
6414,-1582.9571428571426,0.5018141293117506,0.7718859901567019
6415,-1048.2464285714282,0.08241445980822151,0.38338330211646515
6416,-47.43303571428572,0.2376053495741987,0.5745395868090303
6418,110.16607142857129,0.3426466957244947,0.6626417688432635
6419,-29.004464285714292,0.0524685316902312,0.32304992795134885
6421,137.83392857142854,0.05566071749446117,0.3314406970716898
6422,-119.77142857142857,0.021234455010097884,0.23992793853191094
6423,-182.1348214285715,0.5324003081741002,0.7904466097164756
6424,123.4776785714285,0.5236841689192525,0.7853538848993398
6425,-5.751785714285713,0.3420447026200413,0.6622845880277818
6426,60.10267857142935,0.8093482227955179,0.9285138713614701
6428,386.63571428571436,0.15823665139145893,0.4909260009548895
6429,-61.36964285714282,0.38409391626820166,0.6942259461806256
6430,-456.0687499999999,0.40800268371109577,0.711581639457634
6431,-72.36071428571404,0.7721338096210126,0.9120305263901171
6432,200.24642857142862,0.08532584845063104,0.3889928094753817
6433,26.988392857142852,0.05934367858751085,0.34125111766640254
6434,520.3705357142858,0.07672357928912454,0.37418908547821345
6439,-46.98482142857148,0.24675923770451944,0.5842526122247792
6440,-11.858035714285716,0.032822575455123286,0.274483682014204
6441,-3.5892857142857153,0.5849638702599914,0.820301033885001
6442,-91.87589285714284,0.013333161055665349,0.21253035310169197
6443,-157.87767857142853,0.0900772724324667,0.39717849402879485
6444,-207.16428571428568,0.09851097921250566,0.4104112238372065
6445,-914.0758928571428,0.01223043222942629,0.20849517196955838
6446,981.6098214285714,0.038924412405471294,0.2902608085473463
6447,58.153571428571425,0.07352550532935305,0.3682184359712268
6448,153.34553571428572,0.030495272932066296,0.2667762284655397
6449,-8.356250000000003,0.5194679017018735,0.78272357177837
6450,-972.6544642857143,0.02115977991376046,0.23977010281175182
6451,60.34374999999994,0.25997964852640176,0.596441225376847
6452,34.93928571428571,0.02096209127519486,0.23920435107232063
6453,-106.08125000000007,0.5048069180841102,0.7740504878775198
6455,18.1357142857143,0.5587188167638907,0.8062272712210536
6456,-25.447321428571428,0.014674750037349601,0.21752154060372378
6457,-87.61875,0.009319222335570596,0.195072159723324
6458,0.1446428571428564,0.9352680639645193,0.9772938115566643
6459,-9.798214285714291,0.276882551198094,0.611499261620623
6461,-9.676785714285717,0.2763846779538083,0.6109785415082872
6462,0.3991071428571429,0.8966852660520875,0.9623365765617987
6464,416.019642857143,0.007900646872161785,0.18798333344091506
6465,-6.612499999999997,0.21895344762003918,0.5580550667690818
6468,-30.399999999999977,0.18272324080730767,0.5216713470493589
6469,-10.837500000000002,0.1202207324968071,0.44259021379282415
6470,4.429464285714286,0.17008693704138578,0.5069528944390908
6472,292.6482142857143,0.0038948687345032006,0.1620638874116914
6473,-14.323214285714286,0.06744483776905232,0.35725116305201854
6474,42.39642857142859,0.029254494142729254,0.26251263207840503
6476,-4.400892857142859,0.19882341500223347,0.5370891283582883
6477,17.25,0.7782984630332174,0.9153547328422889
6478,-2.4982142857142833,0.8507318511141296,0.9455369311179
6480,374.8401785714287,0.14848858715755095,0.47937761835294396
6482,21.0625,0.4382007657158357,0.7316504875561387
6483,6.106249999999999,0.1601462867345888,0.49349029066187466
6484,-10.876785714285717,0.0369569839756072,0.28437872846766626
6487,-22.463392857142864,0.11697527891568996,0.4393717768924604
6489,13.54375,0.0790598693903204,0.37837870788828504
6490,-8.268749999999999,0.369264537962824,0.6831545565628915
6491,32.74107142857144,0.010306107137637226,0.19919918727710903
6492,-69.75178571428572,0.0409549284660677,0.29606671505937604
6493,-34.657142857142844,0.0068249389032337925,0.18202611440697933
6494,13.166071428571435,0.14353288325943858,0.47332372167732323
6495,-829.8901785714286,0.005558426989253976,0.17494004893057594
6496,204.12142857142857,0.30711765014349685,0.6361440188511779
6497,160.3901785714286,0.1934068856271899,0.5322663740708135
6498,82.88839285714289,0.7244057644304582,0.8915148740237523
6499,31.14017857142857,0.060366161595135914,0.34332564515788816
6500,-655.8776785714299,0.46773803469619696,0.7509933646672707
6502,23.184821428571468,0.4724108254729439,0.7541633479610743
6503,194.52857142857138,0.029871273787435808,0.26455690681003813
6504,22.10625,0.08140048453796253,0.3824172101832876
6505,101.73303571428573,0.35689851618885043,0.6730423334625926
6506,-21.255357142857143,0.003235676161703208,0.1537076422891059
6507,107.51696428571427,0.22948645478332833,0.5675272864261359
6508,-1.2562500000000005,0.15642692445573034,0.48880718076999824
6509,42.57232142857134,0.5311707682028948,0.789757750292151
6510,15.799107142857146,0.08203649906874246,0.3829046940911297
6511,-3.2455357142857135,0.019054056561959198,0.23431874601118416
6512,-11.418750000000003,0.4008641614323587,0.7064362997240261
6513,90.63392857142858,0.03850831523254555,0.2890847070195864
6514,-1.9205357142857142,0.4599950000286649,0.7462152080754028
6515,458.0660714285715,0.00927380135328762,0.19494236408727436
6517,-6.678571428571429,0.030666825934179867,0.2674760228464372
6518,99.74375000000006,0.17982642062311507,0.5188262794686753
6519,-13.15625,0.15485741196286845,0.48727146633689183
6520,73.9875,0.00518260356706113,0.17182093284629854
6521,-3.979464285714286,0.35769546700108007,0.6736359761051272
6522,45.32589285714287,0.04571974246232236,0.3061877777251848
6523,-2.4580357142857103,0.6522622486224399,0.8563643848677336
6524,-0.1517857142857153,0.9835998200961491,0.9946517356588515
6525,-17.301785714285714,0.049398516313667845,0.3160136404476522
6526,-153.55178571428576,0.5289567515772714,0.7883750719603494
6527,-1.182142857142856,0.4149736571113716,0.7171273095244451
6528,-25.415178571428577,0.041078554812198895,0.2962427635107919
6529,-11.932142857142857,0.19912591755806822,0.5373030230141632
6530,-12.189285714285713,0.20456939195476942,0.5419305812916984
6531,5.722321428571428,0.43559124973035857,0.7298107155743299
6532,20.02410714285714,0.5170543227414925,0.7815206119451277
6533,402.9223214285714,0.025638190616004603,0.25257082377118045
6534,-0.28125,0.8302362800257951,0.9376915321047983
6535,-51.006249999999994,0.2596372133512527,0.5963312178105332
6536,-3.8687500000000004,0.14930602772962137,0.4801855823475999
6538,-9.614285714285714,0.008163098277006935,0.18959771020517288
6539,1.71517857142857,0.6860572926290035,0.8729388520942697
6540,4.74285714285714,0.6403387219458597,0.8502032497726968
6541,111.7598214285714,0.3032325921210569,0.6328196486208935
6542,391.97589285714287,0.4108469347751946,0.7138153789072981
6543,-0.7357142857142858,0.18198494156228925,0.5210918245454054
6545,-9.925892857142859,0.031115970130286687,0.26886198072317047
6546,126.73035714285712,0.03597773239997041,0.28266895879398407
6547,-82.45357142857144,0.002414791281936695,0.1473649815939666
6548,-19.910714285714292,0.14832841382980924,0.4793609120278119
6549,-18.650000000000006,0.22073595456339604,0.5593544573785341
6550,0.8785714285714281,0.4604808714419942,0.746445385206359
6553,-5.7883928571428545,0.22523226067741073,0.5637791094245223
6554,-2.096428571428575,0.8420082530901422,0.9423452086707383
6555,-8.93571428571429,0.09698913469440668,0.40825866244140907
6556,45.60803571428572,0.015107355015861322,0.21879289582888783
6557,-4.402678571428572,0.09805323018397,0.41005925577481506
6558,-123.7919642857143,0.00892350647248668,0.19310218105432728
6559,-4.526785714285708,0.4224639125688845,0.7212659481093208
6560,11.418749999999996,0.13178375986341523,0.4586622123674078
6561,-6.345535714285712,0.11770841251135104,0.439966632205902
6563,-25.34196428571429,0.07720246703010843,0.3751182093451956
6564,-27.233928571428567,0.09413874416951724,0.4037524190044207
6565,27.835714285714285,0.2075903754400078,0.5453324257522907
6566,-34.24196428571426,0.4275783380754712,0.7244972274609109
6567,-1.6964285714285694,0.7689772136139125,0.9108026336258074
6568,-4.107142857142854,0.39865636509200275,0.7049788719000339
6569,-10.408035714285713,0.06763059280442273,0.35765933753840085
6570,-1.7526785714285715,0.622582922399637,0.8416503947355081
6571,-25.025,0.09851538173382918,0.4104112238372065
6572,-4.485714285714285,0.2591998477724502,0.5961528227126308
6573,32.8642857142857,0.002515989949286497,0.1480750812456827
6574,572.1714285714286,0.10330935445683331,0.41772215315244504
6575,-34.45982142857142,0.014550429525659775,0.2172432371150869
6576,8.221428571428568,0.1613284829917029,0.49491178589528634
6578,2.604464285714286,0.9363764203689938,0.977742756140568
6579,-11.921428571428567,0.09251344071008467,0.40096491247117555
6580,6.625892857142856,0.08683457281469077,0.39170587969769544
6581,-340.7241071428572,0.22413135896500855,0.5627961783799686
6582,-0.8080357142857135,0.7215239632890106,0.8901221303013753
6583,21.25892857142857,0.13855784349434075,0.46737307008779566
6584,-11.305357142857126,0.303873601782065,0.63340789849159
6585,-19.456249999999997,3.0051321220789992e-05,0.043237327619218356
6586,-126.12053571428572,0.006543625691291159,0.18109948666886078
6588,-3726.8821428571437,0.00756547581430568,0.18776322748395963
6590,14.930357142857147,0.6223688135735409,0.8416037384975468
6591,221.7169642857142,0.0286277538752019,0.2607277577440227
6594,-99.90178571428567,0.4812574836505494,0.7592752115952306
6595,-185.22678571428582,0.3045464625832887,0.633894223834441
6596,-14.803571428571502,0.7793066552686525,0.9157426847087532
6597,102.95357142857148,0.02788276243370871,0.2581450985712789
6598,24.36875,0.16420152271998786,0.4989296786225704
6599,65.23750000000004,0.11222827550995863,0.4321385471431663
6601,-55.93035714285716,0.006558922671420128,0.18109948666886078
6602,-4.880357142857143,0.5221823674911598,0.7844356781673579
6603,58.66785714285713,0.0015237545815602344,0.1290963936360878
6604,-66.20982142857144,0.03488505099861971,0.2800467241645548
6605,-163.14910714285725,0.14596301817191507,0.4763072526737962
6607,-16.549107142857153,0.3440326312212715,0.6636262087932797
6608,-2.619642857142864,0.7512383008655596,0.9025081970898631
6609,18.515178571428592,0.08991820735596985,0.39695421777857504
6610,15.67142857142857,0.07913662974792379,0.3785472643453835
6611,132.97767857142853,0.027901345979275835,0.2581450985712789
6612,183.37232142857147,0.7048849529142153,0.88223571102886
6614,44.21607142857143,0.0548042894091755,0.328807694880574
6615,-6.953571428571433,0.4151035927572201,0.7172146881622136
6616,-8.443750000000001,0.20084537664378352,0.5388498438588185
6617,50.22678571428571,0.13435663271068987,0.4615449166534914
6618,-2.9339285714285666,0.7808085095396871,0.9166342003266512
6619,27.48571428571428,0.028180137336503416,0.25916630777344796
6620,-1.4241071428571441,0.6016332883432927,0.8301061240933658
6621,-16.406249999999996,0.10157233979888117,0.41518753801756875
6622,42.70892857142857,0.48525681935936005,0.7615654342520527
6623,-8.404464285714283,0.0901797359080329,0.3972957132385543
6624,22.058035714285715,0.1027829652104787,0.41687115666017766
6625,105.84464285714282,0.1831392240369023,0.5220369989447469
6626,21.854464285714286,0.12004857207787412,0.44242034214544973
6627,125.73214285714278,0.3642563091375056,0.678932030050738
6628,222.50892857142856,0.19385215994436453,0.5328205733439639
6629,37.224999999999966,0.5958175800161352,0.8271252047069236
6631,-51.94732142857143,0.07477689181001043,0.37069371128064343
6632,45.962500000000006,0.3211271867051719,0.6466503254101708
6633,115.60714285714289,0.25535408008296756,0.5925869961348923
6634,-61.78392857142853,0.6143702470340556,0.8366455753755861
6635,158.8196428571431,0.23008737586551023,0.5678774761653801
6636,26.10089285714288,0.07990039547458452,0.37935496021364623
6637,447.65535714285716,0.23509824729888618,0.5721820066018144
6638,-15.1875,0.09643931132860169,0.4072136946990915
6640,-50.99285714285713,0.01761931484330437,0.22929219827721492
6641,-50.349999999999966,0.24307380311975593,0.5802275890531029
6642,47.8,0.1858980674459195,0.5247819515492383
6643,206.4964285714285,0.018767354713206733,0.2334177894685613
6645,40.284821428571604,0.7047965310869205,0.8822260202197252
6646,162.81517857142865,0.09384301290770784,0.4033066130112346
6647,-367.7562499999997,0.24682757488774978,0.5843086478997929
6648,-3.0508928571428555,0.9771611915288638,0.9922997108472627
6649,36.834821428571445,0.3538056498070678,0.670941903225815
6650,14.95267857142857,0.012798664020772852,0.2108544389039817
6651,-158.8142857142857,0.2536207233690133,0.5908272444423953
6652,17.766964285714277,0.10233804316357563,0.4164555084703164
6653,342.1491071428571,0.09860015021208995,0.41054416545595546
6654,-21.5098214285714,0.666664871182674,0.863250367424138
6655,-470.72142857142865,0.013253470705088154,0.21225272169216253
6656,5.523214285714284,0.18805579395868174,0.5271265324303093
6657,-20.51785714285714,0.009529521622926777,0.1964655334590956
6658,-5.387499999999999,0.16217049870681313,0.4960653472527139
6659,367.5151785714286,0.11164460457764452,0.4315364823477756
6660,324.0151785714286,0.4823599200383508,0.7599248088273525
6661,-2.818749999999998,0.5240011571303973,0.7855586864926888
6662,142.64821428571435,0.43464578900163653,0.7293459293303988
6663,-20.240178571428572,0.008856670832718676,0.1926440571942247
6664,30.026785714285715,0.5269412127744656,0.7872296389386332
6665,-19.293749999999996,0.1098560109019721,0.42908300846754155
6666,-3.34017857142857,0.5888250109056237,0.8230183161097471
6667,32.11428571428576,0.41945096212739946,0.7192369897264435
6668,-43.09196428571428,0.047907631366139215,0.31123452292581527
6670,262.8669642857145,0.07264157529856043,0.3664912611086791
6671,-101.79285714285709,0.15111515625890895,0.48259583384938215
6672,173.35000000000002,0.004512688010235275,0.16782298714535615
6674,0.27321428571428896,0.9718420458315299,0.9900772127867425
6675,119.28035714285716,0.870135124758477,0.9526089995144243
6676,60.57946428571429,0.14617048784799688,0.47651287957172866
6677,-8.151785714285712,0.14597885225783874,0.4763304933872841
6678,1841.6196428571434,0.01966467038279208,0.23641453220133712
6683,68.88214285714292,0.08883622140468106,0.39522586153276984
6687,-0.042857142857142705,0.978738098444878,0.9928108633112005
6688,-6.395535714285715,0.06965145573186256,0.36151446194604003
6689,6.270535714285712,0.37953560117114155,0.6909205897992996
6690,16.668749999999996,0.6036791022460257,0.8312217919638727
6691,5.049107142857141,0.32325552873341973,0.6484596520871485
6692,-10.968750000000004,0.13302465456866755,0.46006833134462755
6693,-60.32946428571432,0.40913186352837655,0.7125251807779938
6694,-9.021428571428572,0.11089205488740193,0.4303461686365564
6695,495.2348214285714,0.18012789289450412,0.5192435569150109
6696,4541.3607142857145,0.02710269384346006,0.256901229998752
6697,5.446428571428569,0.7109153122923992,0.8852641879332892
6698,-14.607142857142858,0.12766620786117097,0.45350980019346293
6699,-6.369642857142857,0.21073346245050925,0.5488567062647591
6701,-6.616071428571425,0.3203927939225266,0.6461867279395825
6702,-3.9383928571428566,0.22823414786958415,0.5666295746164993
6706,-2.921428571428571,0.7564896539716928,0.9050760811156109
6707,-13.133928571428571,0.09166228769409068,0.39942356559472847
6708,-7.155357142857145,0.17037612222636214,0.507036532074636
6709,91.95089285714289,0.15912053608004148,0.49201010935948586
6710,-53.32142857142856,0.0078848274907444,0.18798333344091506
6711,-1064.1437499999997,0.010698153677974456,0.20115514806731286
6712,-4.258928571428569,0.3591924646797565,0.6749146204190001
6713,139.30267857142857,0.07693785585703043,0.3744172024017035
6714,-13.633035714285718,0.22247143377539158,0.5611822672050535
6715,73.86428571428571,0.002661435565602291,0.1491821812821175
6716,-4.195535714285716,0.41592250077744836,0.7177151707003665
6717,325.9732142857142,0.002608912945642493,0.14867468905820463
6718,0.9044642857142886,0.8511660006425202,0.9456727375003514
6720,10.506250000000009,0.5353433373420396,0.7920164906113213
6721,10.963392857142853,0.1414787169960813,0.47074172122503327
6722,-18.217857142857156,0.19150968552569708,0.5303316380803236
6723,60.92767857142859,0.025717965986085944,0.25299097733143866
6725,-1.0500000000000007,0.7765813814459418,0.9144982066249339
6726,-442.7116071428568,0.2693191769736865,0.6045780668315298
6727,55.95535714285711,0.6840801236245718,0.8720263169236777
6728,205.98571428571432,0.05202389634257617,0.32209336796855986
6729,248.6178571428572,0.228012929931501,0.5662580750209119
6730,3.482142857142833,0.9597784580914379,0.9859440702718579
6731,283.61607142857156,0.1355496943239197,0.46345000727226265
6732,57.44375000000002,0.14461019287390955,0.4746690457694066
6733,-53.27946428571431,0.5092485088298369,0.7765705979882672
6734,315.14553571428564,0.0379882232249689,0.2878732866961136
6736,-0.18571428571428505,0.947207449875102,0.9817658248750379
6737,7.6544642857142975,0.49397764232298574,0.7664735248179256
6738,203.89910714285702,0.2682797859645831,0.6039526206453485
6741,18.056250000000034,0.5441697922104616,0.7973735699856604
6742,180.87053571428567,0.08903395250905306,0.3954360366637617
6744,-72.31696428571428,0.04419255254240101,0.3027475015982678
6745,1784.3035714285713,0.0064944022666818015,0.18107563914172312
6746,508.05982142857135,0.06467064663215075,0.35189765173296594
6747,745.8455357142857,0.025947902135685985,0.25351568199783814
6748,1669.8169642857142,0.051156035457277836,0.3198970855656597
6749,-21.7285714285714,0.26935376552261975,0.6045780668315298
6750,4.856250000000001,0.2965210462468781,0.6275319606560116
6751,-9.04107142857143,0.0591905226269778,0.34072876654348405
6752,-8.64017857142857,0.041333003458194885,0.29676716534166847
6753,-5.424107142857153,0.5191362405548613,0.7825257485756792
6754,-0.7964285714285713,0.5250825490848022,0.7860495679766601
6755,1.7517857142857132,0.6881481901168874,0.8739721787373013
6756,-13.520535714285717,0.06768622184725857,0.35765933753840085
6760,32.22232142857143,0.02235980269004824,0.24263278927852766
6764,25.816964285714306,0.5241354590725732,0.7855586864926888
6767,-553.6535714285712,0.03820992242661661,0.2882350315501191
6768,12.1875,0.03207865527498326,0.2717103135839495
6769,-49.3,0.008855840427914584,0.1926440571942247
6770,-0.8875000000000002,0.7024383175209543,0.8808471138381729
6772,1686.549107142857,0.014356116091804368,0.21702423110789504
6773,514.2991071428572,0.00012061869036379939,0.07442052704013513
6774,40.7517857142858,0.698716269129678,0.8789300370086861
6775,10.258035714285697,0.7178961741333297,0.8884732971329576
6776,32.326785714285734,0.2658266492824297,0.6015509312328482
6777,-82.78482142857138,0.09011046626006979,0.3972256504691861
6778,151.09999999999997,0.07212169263117237,0.36538200732016884
6779,-12.367857142857142,0.02438142423942884,0.2478513825108395
6780,248.13214285714298,0.1643817619019773,0.4989569248040058
6781,-46.733928571428564,0.020237618845133913,0.23795522803391328
6782,360.3241071428572,0.12859348615074964,0.4548203346428591
6783,-8.82142857142857,0.04613954857953166,0.306951738867754
6785,9.417857142857144,0.6191610766210679,0.8392557482839327
6786,-7.608928571428574,0.1821442222010319,0.5212837748659616
6787,14.40357142857144,0.6456379687126079,0.85293101552086
6788,81.46785714285716,0.30274481004453324,0.6321857038971722
6789,271.53125000000006,0.006392341936209929,0.18063688907723197
6790,26.38392857142857,0.35561009348598216,0.6724014919434195
6792,9.097321428571433,0.8281791188468708,0.9367497278841092
6793,94.41517857142857,0.007436049146247411,0.18709893560564989
6794,-36.64196428571424,0.1827528772593783,0.5216863775732886
6795,-4.357142857142861,0.5770046720646249,0.8159116086573921
6799,21.18214285714285,0.1282042371645551,0.45407570557569793
6801,-58.73392857142855,0.08692137904719463,0.39170587969769544
6804,19.94732142857143,0.018461673922345535,0.23209749866733548
6809,-25.2705357142857,0.1725845122128604,0.5097992907594189
6810,51.32767857142858,0.05710187807763571,0.3359205061216627
6811,10.234821428571422,0.07535572834783583,0.37181431706686435
6812,51.17678571428576,0.4506661131711804,0.7398117377539869
6813,10.402678571428568,0.2101169283342295,0.5484268265117354
6814,-97.61874999999986,0.5523211781403754,0.8021875244693784
6815,51.31249999999997,0.2684183483223998,0.6040158535838667
6817,51.05714285714285,0.24020749756065923,0.5770108927168861
6819,-15.166964285714288,0.018979112092987943,0.2341143615618767
6820,-8.530357142857142,0.41582327918570966,0.717678007332797
6821,-8.289285714285718,0.1927507184475986,0.5316865644491741
6822,-3.258928571428573,0.4507559502021122,0.7398481455765509
6827,46.36785714285715,0.003567127182471178,0.15830078651700105
6829,10.500892857142858,0.38452487229436355,0.6945380373724244
6830,10.283035714285713,0.3215958725798971,0.6469240355130578
6832,-13.891071428571422,0.16902102559169946,0.5055443201326902
6833,-0.8285714285714287,0.31033223677060523,0.6388212683577059
6834,69.30982142857144,0.2652685736270725,0.6011433693604734
6835,-0.8705357142857135,0.8550344658505946,0.9470636790286422
6836,480.11250000000007,0.007230881622164717,0.18466898422899203
6837,22.349999999999994,0.06710023986964068,0.3568779781004479
6838,-20.28035714285715,0.10128008844450793,0.414886404113544
6839,0.06607142857141923,0.9937615543580552,0.9978863337164442
6840,-1953.4946428571425,0.0056765130025576375,0.17598813874566982
6843,31.76339285714286,0.3403066419816439,0.6609354155097095
6844,-8.31964285714286,0.12496332064843998,0.4501198732758058
6845,120.5544642857144,0.3908691139204959,0.6990543168235601
6846,7.271428571428571,0.19866805819053657,0.5369797573447489
6847,-12.283035714285708,0.09868577199853037,0.410644277286757
6850,169.25446428571428,0.015980667632404893,0.22261482801303561
6853,10.289285714285713,0.26934364932153104,0.6045780668315298
6854,-15.120535714285715,0.034337711607484174,0.2787135365408547
6855,-0.7116071428571429,0.6291803419733693,0.8445279148988869
6856,-246.7321428571429,0.08956053723550589,0.3962408621470554
6857,-31.060714285714283,0.00449315675578699,0.16768829052740866
6860,6.974107142857143,0.4172146843889068,0.7184407693919397
6861,-10.200000000000003,0.023578480853843734,0.24618049758656588
6862,-26.97857142857142,0.003119851958156858,0.15238423153370623
6863,187.18392857142857,0.3889793783257377,0.6976086078466193
6865,-8.145535714285717,0.019743480053855476,0.23646209830731907
6866,-10.856249999999996,0.09417172419507573,0.4038096517113543
6867,-767.0026785714285,0.06677883646167608,0.3562325651629451
6868,80.79999999999998,0.02285072670302347,0.24448806006671736
6869,-4.280357142857143,0.3187556647624878,0.645039633839089
6870,-0.8401785714285719,0.8661393200851524,0.9510624883519572
6871,-8.349107142857143,0.03638689850325529,0.28322640475940836
6872,-36.170535714285734,0.30751067846702335,0.6365722529601886
6873,46.49107142857139,0.33631945473063646,0.6584875984743974
6874,-19.924107142857224,0.41440817422531506,0.7167525374812896
6875,-12.336607142857144,0.026043848162526417,0.2538230656481518
6876,-123.36607142857144,0.20280792416880009,0.5406388314789792
6877,39.58125000000001,0.013664748755500783,0.21395192961254447
6878,-46.22232142857143,0.020408623445429604,0.238009362137482
6879,-283.9633928571428,0.031346339604336,0.2693493278520601
6881,104.16785714285714,0.014195521195924985,0.21613481520111352
6882,90.43392857142851,0.22960948486133992,0.5676106293810389
6883,22.89553571428571,0.14911122623513887,0.47993502645589087
6884,51.80625000000032,0.8003425374571692,0.9251316751685144
6885,-24.26249999999999,0.34189583014939523,0.6621264704384452
6886,-22.123214285714283,0.21367508803563073,0.5524940570251375
6887,-16.351785714285707,0.03729168239709252,0.2858035793469349
6888,433.7580357142856,0.03284158757272279,0.27455078088811175
6890,119.64374999999998,0.03888188061805539,0.29002275890752777
6891,112.05625000000003,0.08595047568018795,0.3901774560912871
6892,175.69107142857146,0.0016032326304888794,0.13006794080487133
6894,-5.952678571428592,0.7465039246956026,0.9004719841207075
6895,-3.4785714285714313,0.6593614672389515,0.8597072066054553
6897,12.362499999999955,0.8742197955795581,0.9542417113857524
6898,-12.48482142857143,0.12048924670696314,0.44293347432953734
6899,-28.23839285714285,0.07747362526499162,0.3755153331029609
6900,-7.394642857142857,0.001355187710253407,0.12601171438453235
6901,12.803571428571423,0.4590154410883801,0.7453718218445852
6902,67.84375,0.6895309241373667,0.8744689014012461
6903,10.785714285714292,0.5376668380516543,0.79337528325572
6904,19.83749999999999,0.1874313659814529,0.5263655007979833
6905,-102.18125000000003,0.013893360691496765,0.21537269515383772
6906,-9.250892857142857,0.025655463452990423,0.25269545384475794
6907,88.29999999999995,0.2959510622603802,0.6271185469153416
6908,-2.0214285714286007,0.9531568009638901,0.983818468458226
6909,11.86071428571428,0.16381405094236137,0.49862911773000573
6910,-8.783035714285715,0.11776821192520062,0.4400312298920484
6911,-14.96696428571429,0.07396354101471403,0.3690078113860288
6913,-219.71428571428572,0.0005099337780404179,0.1042143297803827
6915,16.128571428571433,0.10252293749777913,0.4165249864253265
6916,17.869642857142857,0.11635141894460009,0.4388461527867004
6917,80.22857142857151,0.6185861114555854,0.8389912167564092
6919,-5.418749999999999,0.09048152385600339,0.3976477626112906
6920,-989.9089285714289,0.011827489271730876,0.20706627471402037
6921,-219.10178571428582,0.32331719947008913,0.6485203566302415
6923,28.711607142857076,0.7985539437251971,0.9244040604703494
6924,-48.207142857142856,0.2957730005057939,0.6270928660744353
6925,456.5982142857133,0.5047439425464155,0.7740407555808844
6926,-22.56607142857142,0.12639243962503255,0.45195916229294497
6927,-10.032142857142858,0.2676354602156208,0.6032927482089566
6928,-17.06160714285714,0.10916713352032931,0.4277925813183967
6929,130.7276785714286,0.009499374428564933,0.1962861080683594
6932,-5.7142857142857135,0.20471470667817407,0.5420492528747268
6934,-1339.8589285714288,0.1266883617116861,0.452133562440368
6935,-528.7089285714287,0.10754629263596356,0.42550789129975447
6936,-57.608928571428585,0.022701699315114024,0.2438792352673283
6938,-156.73035714285697,0.32101888269240153,0.6465431690870834
6939,-1.3553571428571445,0.6619359050366815,0.8609818233584542
6940,-11.159821428571426,0.27516439106553897,0.6100808308651934
6941,14.19821428571429,0.13325539856666738,0.46020897544190653
6942,15.43214285714285,0.32361005415242194,0.6488459316727299
6943,-4.24285714285714,0.5110617773067405,0.7780352933150837
6944,-10.562500000000028,0.6968031075109131,0.8779892584614485
6945,97.78839285714287,0.15959927475807958,0.49260981976956086
6947,-0.6187499999999986,0.8706182321644025,0.9528786276366471
6948,68.10178571428571,0.03921360586482415,0.2908253177192432
6949,-25.711607142857144,0.03434297492830125,0.2787148811347589
6953,-9.809821428571432,0.5450772928689025,0.7978289068803138
6954,1.878571428571429,0.4742700537722416,0.7550509620591477
6975,-3.3241071428571374,0.572238716473932,0.8135056994100172
6988,2.357142857142847,0.886263516185124,0.9583554540086054
6990,479.0044642857142,0.12891500246753093,0.45515090852604895
6991,-6.358928571428571,0.12095673486062201,0.44357834049932987
6992,149.2946428571429,0.15429064339435722,0.4865183689317084
6993,97.62053571428555,0.42487425763246434,0.7227409886996641
6996,273.38749999999993,0.0830485004730445,0.38461860261868813
6998,-4.032142857142851,0.848355301019604,0.9447121175136681
6999,21.289285714285704,0.6542834342313397,0.857453182324988
7001,-372.3946428571429,0.05789416710450842,0.337852851108743
7003,-274.8928571428572,0.2090978048963268,0.547162458102306
7004,-53.02589285714285,0.030451130450570515,0.2666424659489018
7005,-13.260714285714286,0.03674578416254219,0.2840214778434076
7006,-2.790178571428573,0.4041341399082746,0.7090015754687924
7007,-3.9678571428571434,0.4632126309516366,0.7483521564574572
7008,-29.639285714285705,0.09758282778851997,0.40916487972211213
7009,637.2392857142856,0.02827754278546789,0.2594955776763103
7010,-55.4473214285714,0.4866177809870729,0.7624281283373435
7011,41.021428571428544,0.1259604111067932,0.45165828156242904
7013,37.09642857142856,0.32910843631295816,0.6531635905263707
7014,-28.86339285714287,0.007380129477971679,0.18641221973416092
7015,-9.977678571428573,0.1627427600572536,0.49711560995668824
7016,-42.50446428571428,0.03318331379436122,0.2752092575057233
7018,-35.09196428571427,0.5141393977165789,0.7798556834042758
7019,-35.053571428571445,0.3048096244798404,0.6340880130374493
7020,-9.332142857142856,0.30494996940587205,0.6342075219472706
7021,-8.698214285714286,0.02085239752211942,0.23894376891608635
7022,5.946428571428569,0.7435135095489429,0.899260169146433
7023,-2.1044642857142932,0.717342047339516,0.8883495341908723
7024,38.516964285714295,0.3584128593755059,0.6743175642168767
7025,9.681249999999999,0.568190799776344,0.8111715183277092
7026,-566.8848214285713,0.06438343617347483,0.35144872126689647
7027,24.02857142857143,0.05041794109513355,0.3187964726865228
7029,-54.41071428571428,0.00664919142525429,0.18122967135939963
7030,76.33839285714288,0.22371151958077323,0.5624451370315954
7031,-2.8758928571428584,0.7217348670744755,0.8902377821118693
7032,-0.9767857142857146,0.6680441947428736,0.8640151206938518
7033,-5.085714285714282,0.4527631729330539,0.7412290469238172
7035,-328.0294642857141,0.30225227906551266,0.6317725981997186
7036,-10.591071428571425,0.5722710116924123,0.8135056994100172
7037,1111.2562500000001,0.060206934352966784,0.34314751753866973
7038,-2.1482142857142854,0.758776289392728,0.906185833043127
7039,-11.144642857142856,0.13023331664588736,0.45697000305569835
7040,-12.603571428571431,0.062118765668664484,0.34684664563315715
7041,60.55714285714288,0.19583288491057632,0.5345585660115445
7042,-35.326785714285705,0.33317168146951626,0.6559787945125503
7043,-5.500892857142873,0.6757650447072252,0.8678407906085296
7045,1853.9357142857148,0.13842216110602668,0.4672324767546616
7046,912.332142857143,0.07137444943669023,0.36435045061210125
7047,-18.800000000000004,0.34899398250495345,0.6675517806708294
7048,5.553571428571331,0.9886445521476294,0.9961038736289789
7049,-1458.932142857143,0.1749038067828713,0.5131788686981539
7050,52.695535714285725,0.021292340083806368,0.24020584864565522
7051,-0.23214285714285676,0.8391673939496113,0.9415207660201624
7052,54.26428571428571,0.04168454264274145,0.29741646469945043
7053,-4.168749999999999,0.30075366451118457,0.6307278818284308
7054,2.4035714285714285,0.5929886237041573,0.8256086834994856
7056,14.889285714285691,0.4362040727908093,0.7303821387124688
7057,158.4026785714285,0.446431901697138,0.7374548943975131
7058,1450.5098214285715,0.01227694956200155,0.20853503404895327
7059,203.57321428571436,0.020491683219628107,0.238009362137482
7060,-672.3955357142854,0.5541965124280266,0.803454891337267
7062,-7.919642857142858,0.3364309049841907,0.6586314744022543
7064,3.268749999999997,0.46660396232914825,0.7502962072921058
7066,-4.032142857142858,0.3647247616927358,0.679382746099054
7067,-17.378571428571433,0.18325328982218703,0.522071484799085
7068,-244.4044642857143,0.002423290026708892,0.14737862314828548
7069,-359.8517857142856,0.007882448071899454,0.18798333344091506
7070,191.19553571428574,0.05898554565772164,0.3403485781140572
7071,-217.93749999999955,0.23489995197064406,0.572103651565547
7072,111.63214285714275,0.3713046213563884,0.684944842021004
7073,184.01517857142858,0.04067551853756094,0.2954216227472296
7074,77.29732142857142,0.4676276606771486,0.750992578866885
7075,-7.992857142857144,0.06629825800436502,0.355387039305175
7076,3514.980357142858,0.006262615248200055,0.17961776568128374
7077,-2320.0562499999996,0.2265623992259255,0.5652007725342348
7078,-859.642857142856,0.5322812539355743,0.7904338515298548
7079,-41.1883928571429,0.42861424784838503,0.7251217278640526
7080,-8.950000000000001,0.15589473936904916,0.4884273035930756
7082,-512.7348214285714,0.07316919601705117,0.36759402666840696
7083,29.653571428571432,0.021048837848848964,0.23941027863237302
7084,106.28482142857146,0.031026880023188007,0.2687269311065402
7086,105.28214285714284,0.017448899793577586,0.2284287081692188
7087,6.751785714285713,0.27556135094175954,0.6102903047089716
7088,-355.5857142857143,8.976456746468877e-05,0.06632267197475485
7089,-64.80535714285713,0.0157786486872846,0.22149344900269521
7090,45.72321428571429,0.07080936351128271,0.36324844717389587
7091,-49.95446428571438,0.7219002402799674,0.8903050918572445
7092,-10.63482142857143,0.04833416693607922,0.31289019384680694
7093,-11.416071428571426,0.10212037948376254,0.4161392231411295
7094,-12.821428571428573,0.09009644941061427,0.3972104545547175
7095,551.1526785714289,0.32404030419166924,0.6490897098984985
7096,60.15000000000002,0.01940094292418435,0.23544647113689113
7097,398.30803571428567,0.005442036349237747,0.17430775477127936
7098,16.950000000000017,0.7514620547900843,0.9025179050527863
7099,26.461607142857147,0.0029920152691647025,0.1515798484623921
7100,29.27589285714285,0.2839230183153672,0.6174457269776327
7101,-1.387500000000001,0.7079696054652165,0.8836690297418206
7102,-387.43839285714284,1.5424383148215354e-05,0.030444753842458958
7103,-311.5794642857143,0.00466664292528464,0.1695147545910245
7104,-0.6839285714285737,0.8680671503974032,0.9518967398310875
7105,26.871428571428552,0.2781718418414893,0.6125936560788305
7106,77.66875000000002,0.01666754435286659,0.22475972927854593
7107,474.9946428571429,0.014442747342299767,0.21716162281049847
7108,-7.589285714285715,0.086722672880731,0.39162278601242323
7109,19.55892857142858,0.05607567773505629,0.3329221547920972
7110,98.75089285714287,0.035542983802858384,0.2815881789411105
7111,-361.75803571428565,0.045674381239396385,0.3061877777251848
7112,58.93749999999997,0.18275959535507583,0.5216863775732886
7113,-7.733928571428573,0.19882366635522186,0.5370891283582883
7114,-227.75803571428514,0.9131675777555451,0.9690696475958236
7122,-38.68124999999998,0.5834980076570295,0.8193218339064176
7124,-13.568749999999998,0.13789525086989887,0.46651957436493535
7125,-3634.4464285714284,0.0077214529587258445,0.18786893212895334
7126,11.391071428571422,0.5669816026046193,0.8108024488050176
7127,89.71696428571427,0.01377717784662955,0.21472967130563822
7128,303.0535714285714,0.009095352575738716,0.1944811897061065
7130,3166.7455357142862,0.043328317221257365,0.3007135693154348
7132,137.0714285714286,0.07728295883095906,0.3752142978192795
7133,89.53928571428567,0.01213767647568472,0.20849517196955838
7134,-3245.166071428572,0.018364476218573265,0.2315677438308333
7135,-908.2196428571427,0.02553002361120466,0.2523572234390191
7136,-1758.514285714286,0.01755862208159602,0.22872960298886452
7137,-13.675892857142852,0.01876960355450074,0.2334177894685613
7138,-3202.2625000000003,0.015122987753428015,0.21885901413940623
7139,-2.9830357142857142,0.5653323096677906,0.810062217445985
7140,-1771.64375,0.020621418457697976,0.23822402347860241
7141,-8.228571428571428,0.25986894507378483,0.5964204429577301
7142,1.6705357142857138,0.45927269145771055,0.745590261155329
7143,8.596428571428573,0.15102022459247758,0.48259583384938215
7145,-260.0330357142857,0.6771731885105318,0.868472714741242
7148,-119.39107142857131,0.6866988870123542,0.873154759550209
7150,365.55982142857147,0.026573165930131825,0.2551611955093006
7152,3.5125,0.30386048891998063,0.63340789849159
7153,66.43660714285714,0.07066391591085587,0.36304732215993657
7155,-148.0133928571429,0.21571568916819484,0.5547314518793072
7156,-2.789285714285711,0.8334715011484244,0.9391433820103889
7157,11.353571428571428,0.15709458868223206,0.4898243205781722
7158,20.029464285714283,0.43088685542753874,0.7266123069259115
7159,-38.65625,0.18771910214817797,0.5267257398244158
7161,-9.133928571428573,0.20251365637936708,0.5403295999678848
7162,288.53035714285716,0.0260955697659851,0.25396498343809815
7163,433.48303571428585,0.19646192572019938,0.5350487564439893
7164,-1020.2321428571427,3.213792375770426e-05,0.043237327619218356
7165,57.17232142857141,0.1027807252070613,0.41687115666017766
7166,-7.131249999999998,0.1529334301678923,0.48476058289927015
7167,-117.36874999999986,0.785520207822464,0.9187878906756347
7168,-3007.229464285714,0.01865590048546564,0.23299543689635432
7169,-2836.1116071428573,0.01849304081050245,0.23233157314205455
7170,-3024.7660714285716,0.021099359402732363,0.23958618387214786
7171,173.28392857142862,0.07262020364598726,0.3664912611086791
7172,12.857142857142861,0.6680238302002957,0.8640151206938518
7173,-3.6258928571428566,0.34598520552787176,0.6649351862011456
7174,26.111607142857153,0.35867486384893504,0.6745045410229563
7175,-147.14375000000007,0.2493976685420395,0.5871433658084745
7177,-11.801785714285721,0.44444640078011854,0.7363222520651168
7179,-3.639285714285716,0.7187935461370959,0.8889905792560179
7180,-6.215178571428572,0.07988139258807249,0.37935496021364623
7181,-78.20535714285711,0.0001099432532961912,0.07330667529230797
7182,-57.87857142857138,0.44935397744961725,0.7389035490904765
7184,269.76696428571427,0.00712787323911493,0.18463030824512597
7185,16.31696428571429,0.007759375191423322,0.18788677472325965
7186,9.7875,0.006242070657282615,0.1795384221404072
7187,72.2205357142857,0.002678819066764568,0.14941295548130165
7188,-36.17678571428573,0.4702028893185526,0.7524539885702705
7189,7.6267857142857025,0.6205112108941065,0.8400755343725461
7200,0.9241071428571441,0.8063285449232572,0.9273066592419142
7201,0.015178571428571708,0.9960015186964769,0.9987049174671241
7204,45.598214285714285,0.022939057678319923,0.2446432540456128
7205,91.48928571428571,0.004571116423702982,0.16818693840239604
7216,9.39017857142857,0.42488051167011553,0.7227409886996641
7220,37.90089285714288,0.5189682490923304,0.7825232739075632
7221,-0.5973214285714299,0.8747543429317948,0.9544408397971099
7222,-10.419642857142854,0.10982472563773822,0.42908300846754155
7223,-4.729464285714286,0.3360416917624324,0.6582785589899127
7224,0.22499999999999876,0.9215877043623003,0.9722826019972974
7225,-7.892857142857142,0.1250462541896075,0.45024062876633447
7226,5.444642857142867,0.5066133088390748,0.775008118772826
7227,240.18749999999977,0.1714182614320941,0.5084309604375898
7247,34.02053571428587,0.5599718208781381,0.8069917316353146
7248,-33.177678571428544,0.28059862851227335,0.6147800222083072
7249,0.03303571428571317,0.9942689345648916,0.9981595371455081
7251,47.53749999999991,0.6640474172608162,0.8619007163885327
7252,-8.992857142857138,0.07674289454339157,0.3742345486228982
7253,9.596428571428572,0.2805057374158554,0.6146669531567387
7257,-30.03125,0.7646219956916457,0.9087910226887888
7258,-17.124107142857145,0.054777745216809025,0.328807694880574
7259,-732.0660714285714,0.011433333407630038,0.20624311933644532
7260,-3.4160714285714278,0.7694405561588772,0.9110020227373181
7262,181.08035714285717,0.2897244299496278,0.6227926153361647
7263,-82.08214285714288,0.015996981952639305,0.22261482801303561
7264,47.192857142857136,0.004144698138431429,0.16481026338152016
7265,-99.29464285714283,0.01838604208127024,0.23160868657446243
7266,-9.857142857142861,0.7427707301416601,0.8989956315595876
7268,21.685714285714283,0.29162761982466845,0.6242898936673766
7270,-15.302678571428572,0.0534963384588227,0.32513476047533696
7272,19.983035714285712,0.0493349383709972,0.3158533671468703
7273,-5522.1678571428565,0.00359255772674916,0.15833475934270747
7274,-6.647321428571429,0.4454292881543052,0.7368565650006547
7275,5.824999999999996,0.5900979447640406,0.8237291850877982
7276,2.439285714285716,0.5342214948615877,0.7914777183541949
7277,-229.23303571428573,0.14176320320425692,0.4712941222906936
7280,202.5526785714286,0.36791814833805536,0.6818495275026499
7283,21.470535714285724,0.15900488237348873,0.4919268173796457
7284,-20.902678571428574,0.000833775120773675,0.11789051123565568
7286,-4.547321428571479,0.9126022456727564,0.9689022444009079
7287,-9.80714285714286,0.009968630558137705,0.19801461866623513
7288,1.5482142857142884,0.708572189597686,0.8840780554130093
7289,50.53303571428569,0.4128338018532457,0.7155501113034088
7290,4.303571428571416,0.8676632228513637,0.9516541175910807
7291,377.29374999999993,0.03110191043630225,0.26886198072317047
7292,19.276785714285715,0.0576462205707536,0.3370916694872677
7293,5.355357142857146,0.2236773547400811,0.5624451370315954
7294,-6.764285714285716,0.16469060439433708,0.4994130910774929
7295,296.28571428571433,0.272315291800282,0.6072364020148838
7296,-11.287499999999966,0.8593539994980156,0.9487738767124511
7297,60.04553571428572,0.0106625953429756,0.20102668978523824
7298,219.38303571428568,0.01714996021472774,0.227314927209755
7299,-12.685714285714283,0.237000385627514,0.5738705085998373
7301,-7.73928571428571,0.20570605754754162,0.5430437302115706
7302,-2.480357142857141,0.7071333033311267,0.8832607164677332
7305,426.8848214285714,0.019732050440841684,0.23641453220133712
7306,-61.29821428571427,0.030745006258360255,0.26767248681144057
7307,73.58660714285725,0.6113495976398673,0.8348691016476603
7310,-6.50714285714286,0.30652936889553695,0.6357992048606398
7311,-28.061607142857156,0.9456494285606878,0.9814613232072059
7314,-933.96875,0.4863975250372798,0.7624281283373435
7315,-47.113392857142884,0.041578907779297986,0.29716984263680424
7316,-647.6776785714292,0.3789124713427444,0.6903835773321967
7317,53.40892857142859,0.23127061679022692,0.5691581230226623
7319,134.7196428571425,0.239493410215561,0.5763590916649411
7320,-353.29732142857165,0.07089137705944579,0.3634272682061795
7321,-688.2544642857144,0.059051326313525915,0.34050108270323026
7322,-129.1383928571429,0.04154821447995356,0.2970961539780007
7323,364.86071428571427,0.06402330098692387,0.35080354296982347
7324,-59.74017857142849,0.6830455707393557,0.8713954678707942
7325,97.75178571428563,0.24304601387923241,0.5802096148472704
7326,-803.0758928571431,0.01015733942017351,0.19882419542709448
7327,-19.836607142857133,0.5714690461338237,0.8131266517894956
7328,233.10625000000016,0.21514745683359368,0.5539337510742746
7329,89.61428571428573,0.00667257995799844,0.18122967135939963
7332,-60.094642857142844,0.4709160725037644,0.7530632703895306
7334,97.11875000000003,0.1393992667745478,0.46830444921034725
7336,-40.09910714285718,0.33317843847487005,0.6559787945125503
7337,-304.1642857142856,0.02603017891817897,0.2538230656481518
7341,174.13214285714298,0.09564490599737183,0.40611254007940933
7342,95.48214285714289,0.20889742618189702,0.5469344624909367
7343,-33.05892857142857,0.039602452602146225,0.2919326002456984
7345,-33.75982142857143,0.13619112916273396,0.4642603076501241
7347,-31.735714285714266,0.5150805897624405,0.7802845850953518
7348,5.639285714285715,0.5440396456223167,0.7973346814024597
7349,-2.8223214285714286,0.38801272561430417,0.6971047951805834
7350,2.222321428571428,0.4266236069975052,0.7238594126299837
7351,318.1732142857144,0.056434111430575716,0.3342022993075296
7352,-64.78035714285716,0.019794253539854905,0.2365299129704636
7353,120.72053571428569,0.07714559646509636,0.3750714334016071
7355,80.43839285714284,0.01890682054750125,0.23392858416714887
7356,5.338392857142857,0.06729980240345858,0.3570332918504783
7357,458.0633928571429,0.002944806469440683,0.1515798484623921
7358,447.1151785714287,0.36312558913592113,0.6782300440859403
7360,-1101.6607142857142,0.0722016581206281,0.36541361264312994
7363,-0.5437499999999997,0.6528425973579137,0.8566072810516473
7366,-10.777678571428574,0.27672005984606746,0.6114232884252875
7367,25.848214285714285,0.13700225479371414,0.4654904483641614
7368,-11.570535714285718,0.011206363021408256,0.20461183935253394
7369,-1.9991071428571416,0.5829265345984219,0.8189406309993776
7372,49.79285714285717,0.2118485018664547,0.549821548530787
7373,-305.94107142857115,0.5013270573385433,0.7713754955812703
7374,-18.14196428571428,0.1506580010544945,0.48231244778058785
7375,197.41517857142844,0.012017801227672225,0.20793439714101364
7376,19.991071428571434,0.043585475397821705,0.3012256115169488
7378,59.049107142857146,0.016462598700751452,0.22432926967103126
7379,1.0205357142857139,0.8652010483520041,0.9507334634780765
7380,-2.3517857142857146,0.32392207454099675,0.6490498217402804
7381,-1263.0535714285706,0.020019975606674425,0.23714629801046888
7384,-272.3982142857143,0.2373360075133132,0.5742583094574384
7385,-1009.1392857142855,0.042042022481764696,0.29806098084741345
7386,-851.1928571428573,0.08588539797099304,0.3899829029203591
7389,41.92678571428564,0.805850650379915,0.9270885704265514
7390,-26.877678571428575,0.1358476987561215,0.46392710365340056
7391,-0.4366071428571425,0.8602419434055348,0.948956819190631
7392,45.71874999999997,0.027623633713191827,0.25724878563121184
7398,-141.27767857142874,0.19293304531452166,0.5318373941437748
7399,-9.998214285714283,0.09015980409025066,0.3972957132385543
7401,-1.5267857142857144,0.6238961261632223,0.8421872143357712
7402,-51.392857142857,0.7707015863863308,0.911567283253421
7403,28.303571428571416,0.3473959600254287,0.6662179626233011
7404,-9.69464285714286,0.08652242647542051,0.3913140356689987
7405,18.767857142857167,0.47267289019399406,0.7541772046387668
7407,6.341071428571418,0.5092231671117884,0.7765705979882672
7408,128.17589285714286,0.26529040181069913,0.6011433693604734
7409,52.20446428571429,0.030478553903686596,0.26671173730538805
7410,50.76249999999999,0.17067125920595297,0.5074198530225926
7411,-428.38750000000005,0.0980854863883878,0.4100871790744269
7412,1245.3214285714284,0.5124252497295047,0.7786784471639986
7414,-334.70089285714266,0.11741496462765702,0.4397328828588424
7415,-29.941071428571377,0.6319541963152511,0.845930184523362
7416,-669.7178571428573,0.05631763322097659,0.3338288014776949
7417,-434.35089285714287,0.13312837417649023,0.4601760091745418
7419,-1770.8089285714277,0.046991106186469435,0.3085913898378855
7421,127.22499999999998,0.005718999222427733,0.17665891665889058
7422,354.97142857142853,0.5297398977262083,0.7887241682964011
7423,-7.4892857142857,0.45851088344890284,0.7450835924796042
7424,305.14375,0.07934477223668146,0.3789105614654321
7425,-14.51517857142857,0.18527671712965652,0.524352435165308
7428,-10.033928571428568,0.3982970930578124,0.7045802855713991
7429,-8.912500000000009,0.31684674686038883,0.6437120733005972
7430,216.4973214285714,0.014227911175679626,0.2164214925980027
7431,98.04910714285779,0.9150613738597732,0.9698557867596459
7432,-21.043749999999996,0.0016422299347291943,0.1309387796037227
7433,-17.674999999999997,0.006084528072077507,0.17879430951723688
7434,-7.858035714285716,0.03507810612308592,0.2807479594972503
7436,-147.77678571428572,0.0002453963901726114,0.08348620717944168
7439,21.30714285714285,0.7142888528707891,0.8867232259380081
7441,2.5669642857142856,0.2757425726603161,0.6104806534075479
7443,19.03392857142856,0.16435255721128664,0.4989569248040058
7444,21.74464285714288,0.2655602955597931,0.6013537115848755
7447,26.018750000000004,0.27309894035818144,0.6077943812465328
7450,-20.175892857142856,0.8276361992739876,0.9364257532394868
7453,247.1321428571428,0.10467392743029283,0.4200736984081119
7454,195.1392857142857,0.07311840999230694,0.367440171537627
7455,-10.66964285714286,0.12078656427193685,0.44326801277137357
7456,665.5053571428571,0.008019020980961971,0.188147970800493
7458,226.33392857142837,0.09432780390485906,0.40417223521541845
7461,13.078571428571433,0.08836945903767265,0.3943841460194884
7462,39.69375,0.0139366215642127,0.21551775732576597
7464,15.216964285714285,0.04343827457459651,0.301012377993164
7465,-20.974999999999994,0.5614304301539385,0.8077502643634032
7466,7.595535714285713,0.26612032023828586,0.6018418476600049
7468,-17.101785714285704,0.03567424492294887,0.28171380979979377
7471,0.20000000000000018,0.957548629466148,0.9853752294528927
7472,-7.9232142857142875,0.3375683351030066,0.6593052929352141
7474,243.36071428571427,0.17432375592071997,0.512404651888142
7475,-17.089285714285715,0.14589460898867626,0.4762545672252597
7476,3.3223214285714286,0.2086091655009555,0.5465382205071994
7477,-18.03214285714286,0.05017074133484245,0.3180619201773051
7478,-8.601785714285718,0.23724430888374895,0.5742068432146514
7479,0.9089285714285706,0.8138523477473502,0.9303549461577535
7480,-8.754464285714285,0.18940104702489508,0.5283808266705773
7481,-13.001785714285717,0.31518856419277996,0.6422866545005653
7482,-8.811607142857142,0.5140179009602138,0.7797861896434647
7483,-35.90178571428571,0.0033115525079474794,0.15408650980512376
7484,1.2749999999999995,0.5490856951383852,0.8004771552749314
7485,-38.67500000000001,0.4197366209211146,0.7194751778807392
7486,-1.3999999999999915,0.911979377598386,0.9686599285149721
7490,8.16517857142857,0.2707798008760375,0.6059262082349212
7494,969.0508928571427,0.1305570667370738,0.4574601143200147
7498,-8.752678571428572,0.06719579350652896,0.35696516232762604
7499,136.1883928571429,0.4035249585545663,0.7085227838945818
7503,-2236.8964285714283,0.2741457506828662,0.6088848729977538
7504,-43.66517857142856,0.03733095375074823,0.2858641311375573
7507,-25.2607142857143,0.6766194022591115,0.8683261153534158
7508,35.717857142857156,0.11202990320959803,0.4318329217319645
7511,178.6910714285715,0.012483469815215451,0.2096233759664941
7512,-6.421428571428571,0.5861815055124543,0.8212105753262708
7514,30.89285714285714,0.40140220866965554,0.706738193839848
7515,13.274107142857147,0.21470848314722094,0.5537613244055996
7516,-51.36160714285714,0.25920186712387916,0.5961528227126308
7517,-9.731250000000001,0.0183973758718407,0.23160868657446243
7518,16.985714285714288,0.153981857642908,0.48635127985437
7520,99.19285714285729,0.2985294808641681,0.6291280976814828
7525,-128.94642857142856,0.2239090212458219,0.5625934503387561
7528,203.5232142857144,0.4231426257272791,0.7215947880547782
7529,780.4000000000005,0.3174033946660568,0.6440965508399747
7531,44.64196428571438,0.6938489919625462,0.8770563100650163
7532,-496.69285714285706,0.4281665215645162,0.7249059574464848
7533,18.401785714285708,0.427385556961601,0.724365458534844
7534,732.8044642857142,0.02369341262763103,0.2466042590607395
7535,11.383928571428575,0.22410979937894174,0.5627705544042456
7536,82.98571428571427,0.03756005680728513,0.2866338699955202
7538,65.5589285714286,0.2593451606844852,0.596161305882877
7539,-5.1875,0.435670634579434,0.7298107155743299
7541,-11.280357142857149,0.1112908814050959,0.430988380902447
7542,7.412500000000001,0.04356187088272167,0.3012256115169488
7543,-45.76339285714283,0.1717213072440023,0.5088666181166924
7544,-4.201785714285714,0.19657082581986515,0.5351317177267181
7545,302.2714285714285,0.5938618195267849,0.8261394949367457
7546,-12.345535714285717,0.10855099426478958,0.42695898725855813
7547,-3.9437500000000005,0.26570279487843,0.6014449080888532
7549,6.672321428571422,0.610740836971017,0.8347154913670217
7551,-12.977678571428571,0.12182145308271297,0.44495877796094135
7552,-51.458035714285714,0.017265315986100104,0.22795970817194477
7553,-17.187499999999986,0.07641893274073946,0.373623268460321
7554,18.960714285714275,0.15975315387391292,0.49285799320179385
7555,-1811.8187499999995,0.0040670242462998996,0.16441032844974152
7556,-13.230357142857137,0.035672968925310876,0.28171380979979377
7559,-20.317857142857143,0.05947578480002571,0.3417232591363394
7561,-26.67589285714287,0.16443849730861285,0.49903834593408125
7562,-0.18839285714285126,0.9649031063746961,0.98778965381803
7564,-0.7857142857142918,0.9129341162804682,0.9689837404648454
7565,-6.1625000000000085,0.36942682108202773,0.683232805962178
7566,18.973214285714285,0.10169502117662967,0.4153173244692755
7567,-7.852678571428573,0.08147888919178709,0.3824990193016953
7569,3.9589285714285793,0.6443300415393711,0.8522042100546529
7570,-52.31071428571428,0.10466088666764924,0.4200736984081119
7571,-22.558035714285694,0.21891049056661455,0.5580550667690818
7572,-61.23303571428568,0.24489200353658777,0.582480960592652
7574,11.652678571428538,0.6380053472935555,0.8491402549694153
7576,-3.2178571428571416,0.3539893974461323,0.671164486783205
7577,-6.499107142857143,0.035850491246970546,0.2823574775177347
7579,-14.371428571428574,0.05063435073173087,0.3189439085549983
7580,-22.802678571428572,0.25599830618508146,0.5932026330980246
7581,-61.443749999999994,0.061298008306487954,0.3451104906612999
7582,6.6160714285714235,0.6515831198824307,0.8559249214254937
7584,2.58660714285714,0.7516271744180217,0.9025567899785939
7586,93.96160714285713,0.3360575069890757,0.6582785589899127
7589,-20.62410714285714,0.07549127942053074,0.3721832267794938
7592,-9.069642857142854,0.020494821676105154,0.238009362137482
7593,14.204464285714295,0.6070606984795839,0.8325485459803915
7594,2.6107142857142875,0.7438065694147318,0.8993724457366914
7596,-9.016964285714295,0.6160618661616551,0.8375359308846632
7597,17.601785714285715,0.002977210736004294,0.1515798484623921
7621,36.72232142857143,0.2840368754786713,0.6175064608671764
7625,1.9776785714285712,0.6628912258952685,0.8614450544487868
7626,17.092857142857156,0.21014657464571873,0.5484478738678642
7627,12.250892857142858,0.7074761202409745,0.8833892336122077
7629,-2.5964285714285715,0.07414549106819314,0.36937107338872344
7633,-11.847321428571428,0.032274201590135304,0.27248177454302774
7634,-4.0669642857142865,0.46139683377060753,0.7472079741054998
7637,-25.23482142857145,0.5541587238783914,0.8034411781960862
7638,-3.666071428571427,0.28981552952884576,0.6228166162684354
7639,-27.703571428571436,0.15231404886126532,0.4839757436792981
7643,-0.14374999999999893,0.9687997509194127,0.9890243411674013
7644,-223.23303571428568,0.01962198676919634,0.2363066358162577
7652,-4.857142857142858,0.20376924974780594,0.5411849051259683
7673,-9.599107142857143,0.3506565761182638,0.668834756646296
7675,-18.441071428571433,0.5973008447577088,0.8281268766708437
7678,22.333035714285714,0.21955825965855225,0.5583822825813561
7681,-2.880357142857145,0.5577316999552292,0.8054227928043314
7686,-0.6919642857142856,0.5770653462927171,0.8159316935036853
7691,1.8116071428571399,0.6546483005435481,0.857775666227939
7692,-22.269642857142856,0.10906571295094875,0.4276593057995638
7693,-1.2767857142857153,0.8469746508929588,0.9441600266501515
7694,-7.9812499999999975,0.13629522967805735,0.46441117304298807
7695,-4.21339285714285,0.7715647671298486,0.911799240107735
7696,4.853571428571421,0.6597932732352215,0.859933187464499
7697,-8.596428571428568,0.3552852246336125,0.6720831628842253
7699,14.376785714285717,0.3918321628645905,0.6997962960498466
7700,-0.19464285714285978,0.9820144257095772,0.9939876238148381
7701,11.608035714285705,0.2467708876985904,0.5842548947698623
7702,-19.11696428571429,0.20222400098513213,0.5399783773130542
7703,-29.133035714285768,0.668186848877989,0.8641164663040836
7704,-177.75714285714284,0.014094186968112777,0.21551775732576597
7705,-118.65714285714296,0.043143270212916654,0.30035998075300735
7706,133.48571428571432,0.12792158710097473,0.4538095493606147
7707,-31.657142857142958,0.787962031237742,0.9198835046744576
7709,7.358035714285705,0.44921373315801044,0.7388436735607495
7710,-5.239285714285714,0.29258222506677894,0.6249148094129632
7711,7.995535714285717,0.058185200110327004,0.338611381197096
7712,-1.3848214285714313,0.7465415176493139,0.9004719841207075
7716,-392.88750000000005,0.00025658839595912,0.08348620717944168
7718,-0.5821428571428573,0.8663070698987024,0.9510624883519572
7726,41.463392857142836,0.0021755982480411704,0.1441860989157835
7727,-5.708035714285707,0.4190087989427491,0.7191821437706989
7728,-9.038392857142867,0.6282275222408598,0.8440432431138716
7732,-4.475,0.30234788205372365,0.6318248150501806
7733,-9.747321428571425,0.445689270527405,0.7371016520174175
7737,55.37410714285714,0.081248946756378,0.38205699947463817
7738,22.896428571428572,0.16640976100885277,0.5018992327903112
7739,18.604464285714286,0.37396913559764583,0.6868104479639637
7741,-12.674999999999997,0.09124313625461546,0.3987853466683905
7743,-19.41874999999999,0.6257319733878566,0.8430728350167831
7745,-9.69375,0.0010715402993355476,0.1240993704425147
7746,13.922321428571422,0.15306589985889146,0.4849274582677535
7748,-11.085714285714289,0.38160163967178545,0.6926014207451343
7750,108.89017857142858,0.13637419757572578,0.46451071818287465
7752,20.59285714285714,0.3828339398230666,0.6934051041190259
7753,11.466964285714283,0.15174604759661803,0.48334617430391574
7754,-36.31696428571427,0.012499884451156773,0.2096849095577232
7755,-0.40982142857143344,0.9661490284957168,0.988082080344578
7756,141.6839285714285,0.07824674045407812,0.37673892664557834
7757,-12.737500000000004,0.0681903132878668,0.3586633361244942
7760,10.980357142857144,0.2967962291396984,0.627875973686428
7761,4.70625,0.02453557521076538,0.2485147415058535
7762,28.961607142857147,0.18079360794797444,0.5200979447038876
7763,-1051.8901785714293,0.005368019715140292,0.17337464557490104
7764,234.39999999999998,0.00914785296067746,0.19492717908956222
7766,-1.044642857142854,0.9074929792945293,0.9665558624484433
7767,-38.30535714285716,0.12039867478334731,0.4428089293541985
7768,-7.216071428571425,0.46827899665070777,0.751316468634309
7769,33.82321428571424,0.08540467491206129,0.3890926256826057
7770,-9.623214285714297,0.34333584694423575,0.6631194807838569
7771,2.390178571428578,0.9240430456041574,0.9732259606219081
7772,-2.5999999999999996,0.49155186011385466,0.7651763945997327
7773,4.870535714285715,0.6450820650355245,0.8526310070061445
7775,-23.35624999999999,0.4050252260895827,0.7095535053943831
7776,-30.16160714285718,0.6866820937863047,0.873154759550209
7779,431.2178571428574,0.007097232241455342,0.18434259990573437
7780,-0.8946428571428582,0.5177672097629624,0.7819389183650702
7781,-1.6633928571428567,0.04122504169884295,0.2966152329101512
7782,-57.56071428571431,0.3417142724806919,0.661961220447089
7783,-3.0241071428571433,0.2189386483657397,0.5580550667690818
7786,38.235714285714266,0.23233597401120423,0.5697775487388672
7789,-8.137500000000003,0.6058174754615475,0.8321046753987658
7791,22.62946428571427,0.10632632434268284,0.4236755685045831
7798,34.20357142857145,0.0920723027820197,0.4001499767658937
7799,128.6125,0.0005569651293730464,0.10914719874004054
7802,9.76517857142857,0.5113347061105674,0.7782325202259011
7803,-904.7982142857143,0.017711229824753087,0.22942179094991208
7804,69.34464285714284,0.0015042077317897282,0.1290963936360878
7805,1410.9598214285716,0.014089734436512014,0.21551775732576597
7809,-6.636607142857143,0.011589019990625534,0.2066643213509123
7812,-1285.3419642857143,0.014629244107216567,0.21752154060372378
7813,14.751785714285745,0.7800730416617826,0.9161406839043648
7818,26.470535714285745,0.6351364022666803,0.8478749599435459
7827,-2.893749999999999,0.37482119072325243,0.6874762700342073
7832,132.62499999999994,0.5293486117680828,0.788563540003239
7837,396.3964285714285,0.16332394891171198,0.49803329095080046
7840,-89.84821428571428,0.46145693461895,0.7472492784092541
7841,12.547321428571426,0.3401324078841376,0.6609354155097095
7844,-122.33660714285713,0.18312197515712925,0.5220369989447469
7846,416.3303571428569,0.6909672662733208,0.875471595768201
7849,-12.148214285714289,0.05702338973986835,0.33569549948516675
7850,61.50446428571429,0.18050746240830065,0.5197075043272164
7851,-2.5616071428571274,0.9024696707947741,0.9645690401857937
7852,2465.1705357142855,0.010929703993436176,0.20250137778418265
7855,10.365178571428558,0.5300636880997531,0.7889347845688529
7857,76.32142857142856,0.3651388699987681,0.6796551214630094
7862,8.986607142857153,0.6045350325822042,0.8313919737846752
7866,-18.50803571428571,0.4927157857439269,0.7657542804306198
7867,104.31428571428566,0.1350841187317124,0.4627229136956537
7869,1.3321428571428564,0.6511725433478918,0.8556873010167286
7871,-704.923214285714,0.00019903248388494825,0.08218894428282343
7873,525.7767857142857,0.057942919589805957,0.33800513873439164
7874,-208.03392857142853,0.10742176489084147,0.4252173928994612
7879,83.9116071428572,0.14290457984073388,0.47261722131575884
7881,-149.41607142857143,0.0037502319212338073,0.1604485441098942
7884,77.71875,0.11822030620249831,0.4404941146638254
7903,152.76428571428573,0.03553975202073824,0.2815881789411105
7905,-495.1285714285714,0.08689063145517546,0.39170587969769544
7913,-283.13214285714275,0.26179689907050524,0.5982506669179919
7915,-228.2330357142857,0.010290852117191284,0.19918627391298488
7916,14.247321428571428,0.00323573100593569,0.1537076422891059
7917,27.535714285714278,0.4348885527844369,0.7294616401855775
7918,55.01607142857145,0.22943227874355093,0.5674572442008344
7920,56.40089285714288,0.04259378608117123,0.2987505471331874
7922,44.4080357142857,0.011752093853249053,0.2070057124440696
7923,-1.9785714285714562,0.9529210707328406,0.9837939125461006
7932,-14.948214285714286,0.1270062075330506,0.4524999606978719
7940,42.20178571428573,0.02006603951225049,0.23732605148132938
7941,24.34285714285715,0.00399696471572778,0.1629634942821897
7942,-7.299107142857146,0.5917964141131463,0.8249817726731771
7955,-6.038392857142856,0.14366116388014402,0.4734730405199185
7957,-404.8392857142858,0.006454697166181187,0.18069057216695386
7965,-316.39017857142863,0.04177992971487303,0.29743981205417847
7975,31.114285714285728,0.6125634570306526,0.835466261081747
7976,10.50267857142859,0.6816536288959758,0.8706557988210308
7978,5.731249999999996,0.6248441168104595,0.8426750097524696
7979,43.46428571428572,0.21887692261293226,0.5580550667690818
7980,40.69553571428571,0.40086797086493203,0.7064362997240261
7984,8.02142857142858,0.6192739613026879,0.8392941310352601
7988,-8.293750000000017,0.4806049283070669,0.7588608442888175
7991,20.494642857142836,0.45030050659164494,0.7395446276140154
7993,14.755357142857136,0.3040482190819846,0.6335051557360192
7994,-90.54821428571427,0.03581523389131673,0.2821770901993227
8000,-3.2732142857142854,0.23258653830005868,0.5701008240632883
8001,-4.549107142857142,0.013998300373691978,0.21551775732576597
8013,-60.75000000000001,0.04479073981641999,0.304063507268294
8019,-88.97053571428569,0.015357105544297447,0.21981380814831367
8021,27.037499999999994,0.11172324068671381,0.4315718655183042
8022,-4.936607142857142,0.46445720169720683,0.7490029938294828
8027,-51.6348214285714,0.4917785641423489,0.7653508045854529
8028,-30.480357142857144,0.23477932900724952,0.5720650625317268
8029,-8.53839285714286,0.33828715184514513,0.6596943334569787
8030,209.29732142857142,0.043509453513906844,0.30122499666097047
8031,-701.440178571429,0.20023361570563905,0.5384327405849779
8034,-120.16071428571439,0.4168803894157237,0.7181805057522797
8036,4.815178571428646,0.9145804662226639,0.9697032402645906
8038,281.56875,0.164497940273075,0.49908023330727347
8045,14.95892857142858,0.2842900443732906,0.6177148263764123
8048,-1732.9285714285716,0.0219262690025141,0.24158128810580906
8050,-502.37321428571414,0.01043592772235598,0.19919918727710903
8061,5.991964285714282,0.4587768196955011,0.745316375482143
8065,-707.7401785714286,0.007744846388628341,0.18786893212895334
8073,195.71607142857135,0.515363667467691,0.7805187811638461
8074,1.6660714285714313,0.6813782901724542,0.8705123726190277
8076,-1030.0866071428572,0.09025466278158913,0.3972957132385543
8078,6.050000000000001,0.2593961632151374,0.5961838626536301
8079,42.20982142857146,0.1250007484022121,0.45013606789771105
8082,-274.80357142857133,0.2189528829198621,0.5580550667690818
8085,54.8767857142858,0.2676887975344019,0.6033177379608979
8086,0.00803571428571459,0.9986386614719741,0.9994736588287636
8087,-897.974107142857,0.01583376305980507,0.2219202756459478
8089,5.5116071428571445,0.5120690845416485,0.7785561579993867
8091,119.18571428571428,0.2107589674993803,0.5488567062647591
8092,-11.282142857142858,0.03332712811037329,0.27562135178370567
8099,186.13303571428605,0.7748191555214466,0.9134310579684286
8100,-17.683035714285722,0.4500574436865603,0.7393742454945207
8106,10.155357142857127,0.5198875768731965,0.7829802872549142
8110,-88.87857142857143,0.013635798316625555,0.2136209951179089
8111,85.86071428571428,0.06811344719951644,0.35840108667149134
8115,7.173214285714288,0.25125686465706293,0.5887351853754053
8120,-21.066071428571426,0.23644119914081707,0.5734220403946508
8123,-6.925892857142857,0.2020226908395183,0.5398965429150974
8125,181.83214285714286,0.046309244132699656,0.3072764469606012
8128,-13.4875,0.03696013250098284,0.28437872846766626
8131,15.895535714285721,0.03905899030344867,0.29055493643764524
8139,-9.637500000000003,0.19123978449707962,0.5299293100895965
8140,59.89910714285714,0.053208344238002914,0.3243796729950463
8148,18.66517857142857,0.21943747480546777,0.5582163464843879
8153,-1.9785714285714278,0.6478444026030357,0.8540505548613825
8161,7.546428571428578,0.7317781827670355,0.8943233899163636
8165,-302.33571428571435,0.0028722870647584315,0.1515798484623921
8174,-14.294642857142854,0.21450151667818956,0.5535498107320582
8175,15.596428571428572,0.03395327370912539,0.27742424891936757
8178,-6.519642857142859,0.23220796280507125,0.5696325541263133
8187,-0.5321428571428584,0.9067386005320328,0.9663171094668815
8189,22.366071428571416,0.7313852299565867,0.8943233899163636
8190,56.34017857142857,0.10519524727833182,0.42123821210151285
8192,-13.820535714285711,0.3970826407100563,0.703720896594027
8193,-4.258035714285711,0.793013249484125,0.9221062703330478
8195,-46.0098214285714,0.3250777448231946,0.6498478036796478
8200,9.379464285714288,0.6179410989651355,0.8385630443779638
8202,101.6160714285715,0.24044551135008932,0.577355443905699
8204,-203.1973214285714,0.010972237994384628,0.20285382906236638
8208,-11.381249999999998,0.1967984713226069,0.5352323066254338
8209,-19.880357142857292,0.868761802848484,0.9521810478248144
8216,16.753571428571448,0.1729305285198631,0.5101697861556961
8218,-44.53303571428572,0.020918575355686118,0.23903825888093616
8220,-9.729464285714286,0.603801986394271,0.8312541395419912
8224,-0.041071428571429536,0.9866438448717701,0.9954191910092453
8225,20.914285714285725,0.28534057587496287,0.6184735772433536
8226,-53.542857142857116,0.1410544855783351,0.4701255923940546
8227,39.01339285714283,0.4503753490931705,0.7396063938525529
8228,-95.125,0.023100577350783878,0.2448670156367019
8233,23.731250000000017,0.2612145681490172,0.5977193652610495
8237,34.30446428571432,0.3124880236310621,0.640329911252092
8239,-285.4508928571429,0.10205878069153505,0.41601907360841567
8241,52.73571428571429,0.016115180860157338,0.2231756619881212
8242,7.807142857142857,0.5069181674573952,0.7751697628996019
8243,263.93125,0.022862366488196444,0.24451157122093906
8260,5.036607142857136,0.8420746155341337,0.9423452086707383
8266,-7.079464285714309,0.5900294131876568,0.8237291850877982
8269,13.016071428571436,0.2333969791813406,0.5708844377372074
8270,31.708035714285714,0.09834210843041716,0.4102961815872072
8273,49.52142857142858,0.0013709102341053071,0.12677390143808695
8277,-7.943750000000001,0.13942837794502252,0.4683651815087889
8284,20.858035714285705,0.6703335596969261,0.8652349530543552
8287,-4.858928571428571,0.3783992383231944,0.6900236252316531
8288,-4.1223214285714285,0.5911948903020924,0.8244847740769494
8289,92.8642857142857,0.1310577689678771,0.4580519204556616
8290,1.4973214285714267,0.7101584841736291,0.8849851223290397
8291,-1.7758928571428498,0.9789500476708051,0.9928841693542712
8292,-14.15982142857143,0.008075585081983222,0.18876982229903064
8294,-15.539285714285718,0.2321880300230012,0.5696325541263133
8295,67.14642857142857,0.007910289930339773,0.18798333344091506
8301,178.0973214285715,0.09099061105440832,0.39850301661324694
8302,-5.645535714285712,0.12119039640454773,0.44402160743932395
8303,-105.44732142857134,0.04928192963615374,0.31568060664292275
8309,-17.418749999999996,0.18986319377178512,0.5288755919845298
8310,16.21249999999999,0.18893320500193456,0.5278850355321169
8312,3.2508928571428513,0.6616030858045714,0.8608945097717876
8313,-8.045535714285714,0.10926476315719381,0.4280117461139832
8314,20.32946428571428,0.04691159829752302,0.3083914436596214
8315,20.935714285714297,0.10073454377196595,0.41388297803789925
8317,28.672321428571422,0.1772634540581625,0.5159096854375617
8318,-2.564285714285713,0.31327273423577423,0.6408330868131157
8320,39.83214285714286,0.19606703585677576,0.5346986481733067
8321,364.01517857142863,0.033083485885648654,0.2750996286274776
8322,-129.70624999999995,0.1616234459429881,0.4952509221004903
8323,-47.39910714285716,0.04893727383296807,0.3149300196348316
8324,90.21249999999998,0.44074651721037295,0.7335935897128417
8326,0.01785714285714235,0.9956561780239028,0.9986333565720737
8328,-1.362499999999999,0.7292264800555677,0.8934956815328006
8330,-7.563392857142856,0.11412807403238517,0.43488470321247247
8331,-2.75714285714286,0.7123910084661353,0.8856616315767719
8332,-8.771428571428574,0.048799572400919304,0.31448805056815926
8334,60.96071428571426,0.5820001123244747,0.8183745117748285
8335,-6.982142857142854,0.09466362847170151,0.40456617643881343
8336,-2.28482142857143,0.6400669891943578,0.8501108350143689
8340,-7.174107142857143,0.1793328896586302,0.5184004304793067
8341,0.33035714285714235,0.858679298243745,0.9484503157874092
8342,1.0366071428571448,0.8017306862010825,0.925536788142782
8344,-17.02857142857143,0.018166406675579058,0.23106805310896697
8345,3.653571428571429,0.48188504910138114,0.7596535783991585
8347,-22.640178571428578,0.01528146985744958,0.21956638362997427
8348,0.03839285714285712,0.9730374855986588,0.99037096884096
8349,-99.41696428571427,0.046729280154210656,0.3080420674476154
8350,-0.051785714285714324,0.9736793408991512,0.9905831186718227
8351,-5.112500000000001,0.3449106728523075,0.6642587993248124
8352,-3.176785714285714,0.33652544799088024,0.6586314744022543
8353,-14.098214285714285,0.2399202007445155,0.5767475926581546
8354,-1.4687499999999982,0.5894515255383379,0.8234695468572497
8355,-0.37232142857142847,0.7405315619763605,0.8983291220632436
8358,-4.985714285714286,0.21987799949779133,0.5586881220446114
8359,-2.708928571428574,0.45782379723777455,0.7446310124338209
8360,-4.8294642857142875,0.1376364104582398,0.4661895984214749
8363,9.030357142857149,0.5627672477670653,0.8083781959294931
8365,-22.42142857142857,0.05370008099649461,0.32578573370514796
8367,-4.092857142857142,0.3596780294008731,0.6753226736776352
8368,-2.6366071428571427,0.6364478771974256,0.8484104676274796
8369,-3.918750000000003,0.4430102608739699,0.7351458666166172
8372,-1.7116071428571447,0.6754754394713546,0.8677630314219864
8379,11.013392857142861,0.14111560915575905,0.47022768957771366
8382,-1.3642857142857068,0.8701549958957311,0.9526089995144243
8383,0.10892857142857082,0.9665738962327509,0.988281105829983
8386,-5.816964285714288,0.11001416355728243,0.42916596874296553
8387,-9.555357142857144,0.06583760612759,0.3544811272483247
8388,-2.4500000000000064,0.7233222226862,0.890991425815138
8390,-4.892857142857144,0.2039961529012887,0.5413789758216658
8392,-7.933035714285722,0.3676513075703977,0.681570744581357
8394,-10.858035714285691,0.37269824422719505,0.6858495676053276
8395,-23.05892857142858,0.3990896050468644,0.705299512064282
8396,-20.721428571428568,0.036170203739756476,0.2829165512415033
8398,-12.257142857142856,0.04323681156424951,0.30050268237157307
8402,-76.51964285714291,0.1433706274030902,0.4730143625434745
8403,5.189285714285715,0.15714478930012915,0.48983694767493485
8404,-4330.875000000001,0.014926660302389294,0.21814734156776247
8405,-18.155357142857156,0.5754984810476438,0.8150385808237042
8406,291.8276785714286,0.2629357655396431,0.5991668809165116
8407,449.00267857142865,0.07217159188589402,0.36541361264312994
8408,-18.55625,0.06640542778407017,0.35548034012547214
8409,176.24017857142852,0.02675134786135145,0.25561669183518887
8411,-137.06160714285716,0.17372175530099496,0.5115655179125276
8412,-7.083928571428572,0.6621121342096793,0.8610056115570035
8416,-8.897321428571427,0.07967366160601208,0.3792239466979706
8417,214.62589285714296,0.0752676977207625,0.37172531187403673
8418,27.832142857142856,0.18258728125014115,0.5216460676770455
8419,2.5080357142857146,0.756026181776888,0.9047987630218091
8420,4.139285714285716,0.5206790589179843,0.7834258227293959
8424,-2.729464285714288,0.5186913349041923,0.7824853576040937
8425,-35.0955357142857,0.28188267158816943,0.6155850991936973
8427,12.776785714285712,0.10102202415208646,0.4142873068553131
8428,455.00624999999945,0.47218046936458247,0.753980754328577
8431,-3.4830357142857142,0.43325342799140654,0.7284628232142034
8433,1.3249999999999957,0.7949299794143648,0.9232670552199765
8434,-326.90535714285727,0.025098893503395996,0.2504621285450221
8435,-2.6571428571428566,0.461949650186482,0.7475389091646463
8436,-203.6455357142858,0.03672553611852263,0.28401254416976307
8437,5.026785714285715,0.3783547930445795,0.6899698043593868
8438,1.4946428571428587,0.7731744664743824,0.9124474884246241
8439,60.73571428571438,0.6241510152827866,0.8422711215467064
8440,-116.75803571428577,0.018065630588944243,0.230618340520786
8443,-254.01339285714266,0.08651561428846231,0.3913140356689987
8444,15.774107142857147,0.12463245416877383,0.44966869682444954
8445,-156.37946428571422,0.0353377060938958,0.2811940320840402
8446,25.71071428571429,0.3841141060719654,0.6942394879337777
8447,1.9017857142857153,0.7511040273762724,0.9024746017289313
8448,0.25178571428571495,0.9397795861008771,0.9789638246150095
8449,22.41428571428571,0.5918159701506257,0.8249817726731771
8450,62.932142857142935,0.3521955667922374,0.669986165753214
8451,-201.54642857142858,0.0963421570060059,0.4069458771866017
8452,-526.4107142857142,0.02875754446619186,0.26113913696878255
8453,-58.74374999999998,0.0725788247694393,0.36641248792881753
8454,-111.61696428571429,0.023238739546599607,0.24544870254481355
8455,11.09732142857142,0.4044590889937942,0.7091744004987592
8456,0.7107142857142836,0.7999187432971823,0.9249457620707429
8458,24.983928571428557,0.06212285682998171,0.34684664563315715
8459,184.15625000000006,0.0144982822299733,0.21716162281049847
8460,96.42589285714291,0.1002273329847625,0.41321252926814883
8462,-28.696428571428555,0.5378068400718364,0.7934336296901877
8463,-15.66607142857142,0.02695013842893954,0.25639246494633033
8464,5.744642857142857,0.41128721389733486,0.7141550215646927
8467,59.22410714285718,0.45567965581837794,0.7434984361642564
8468,-9.516964285714284,0.01542068119614674,0.21981380814831367
8470,-711.89375,0.026561446138916353,0.2551598488582755
8471,-0.8830357142857146,0.8146004384643757,0.9308089818604305
8473,-547.6428571428569,0.3563222528982605,0.6728250301397063
8476,-162.10803571428596,0.44499766504257343,0.7365250503905982
8477,47.37589285714287,0.1368688617787291,0.46547232361697505
8479,-11.758035714285715,0.055068984229372,0.3294918705122471
8480,-94.16696428571436,0.2187900304704851,0.5580550667690818
8481,40.900000000000034,0.2138967363867807,0.5527367455311104
8482,17.37321428571429,0.11699861528561728,0.4393776557964918
8483,-103.01428571428596,0.924830471449167,0.973498925197922
8484,-1.607142857142854,0.8250732940723535,0.935100084664625
8487,-19.54821428571428,0.000897265374112157,0.11859210302321158
8490,-2081.05625,0.0010814927743503005,0.1240993704425147
8491,-27.96428571428575,0.6584113083393246,0.8595248347346216
8492,-4.3758928571428575,0.007522282258927564,0.18771756284505442
8493,24.952678571428578,0.100676870666458,0.41388297803789925
8495,43.12678571428572,0.0012274957806894236,0.12532423491627354
8496,68.7464285714286,0.031260004795104004,0.269113645437303
8497,-4.901785714285713,0.4017660487427439,0.7069567042678142
8498,14.31964285714286,0.16413811431079128,0.4989255208493797
8499,-17.720535714285713,0.0037204906183470462,0.16013728588874065
8500,191.57946428571438,0.17597876427662065,0.5145125695558888
8501,4.574107142857137,0.5219678791966805,0.7843300858431453
8502,-135.86160714285705,0.03171367561499828,0.2704218986665675
8503,-8.642857142857142,0.18694486646283714,0.5258972908161155
8504,-35.25267857142859,0.047352705123085724,0.3098012627264224
8505,-55.292857142857144,0.010268444134153473,0.198946556709724
8506,16.739285714285714,0.03694411486759096,0.28437872846766626
8507,36.06071428571428,0.04239220658434445,0.29823572302079054
8508,14.133035714285697,0.4887193797430267,0.7634588951394854
8509,64.68125000000002,0.02144249601012844,0.24020584864565522
8511,-0.654464285714285,0.08044058410271743,0.3802362203559345
8513,-8.22053571428571,0.08757258555153581,0.3924669214558155
8514,14.206250000000004,0.30011415951461606,0.6302002659411495
8515,99.07321428571427,0.22880855081539941,0.5671203370883523
8516,-31.953571428571422,0.24792857482507036,0.585481195369552
8517,36.9642857142857,0.06242679998409398,0.3475341621176599
8518,-27.076785714285734,0.36553539539353946,0.6798006538464485
8519,517.0089285714287,0.036317890188711704,0.2832235980698634
8520,-189.14732142857144,0.13531322204169655,0.46294039266189596
8521,-5.034821428571428,0.3439972790266573,0.6636262087932797
8522,38.64910714285716,0.49557890460801934,0.7676226320268138
8525,3.875892857142855,0.5671168218319955,0.8108280758554366
8526,9.018750000000004,0.38311357478429997,0.6936004867990596
8527,-32.03482142857142,0.04991428575291253,0.3173698771415853
8528,-12.514285714285727,0.1315765444984219,0.45854126507111836
8529,8.28482142857143,0.09786093678306933,0.4096665466666497
8530,34.56071428571428,0.10318661635094648,0.4175114117355525
8531,-2624.6830357142853,0.0033265895693353692,0.1541540841713841
8533,-163.29464285714286,0.06539530101469425,0.3533740847706503
8534,-10.255357142857143,0.09735161359996813,0.4088408843673291
8535,278.9482142857143,0.009980782715021824,0.19801461866623513
8536,-9.116964285714289,0.17055299769252377,0.5072613364977826
8537,-11.998214285714287,0.125414601945529,0.45093825160390727
8538,-5.39553571428571,0.3656973319550355,0.6799232027966663
8539,-17.586607142857133,0.04992518636252492,0.3174022749268663
8540,30.461607142857147,0.05067850759642835,0.3191117589352436
8541,9.48303571428571,0.05563652641019134,0.3314007061201886
8542,71.75267857142856,0.039048263383158505,0.29055493643764524
8543,190.86785714285716,0.0009361655360261967,0.11859210302321158
8544,-21.863392857142856,0.0763514262729725,0.37342465618344856
8545,-244.8839285714282,0.12330248038474644,0.4471970512100568
8546,22.166071428571428,0.2791203096529424,0.6134114967537656
8547,5.813392857142857,0.308850363425072,0.6376579534810433
8548,-19.173214285714266,0.10839933555029296,0.42660579740926685
8549,-96.14464285714286,0.013929685319022776,0.21551775732576597
8550,-3.2017857142857125,0.7258640304336441,0.8920532904792494
8552,6.622321428571425,0.38723950035729876,0.6965583716800731
8553,468.1285714285716,0.1257667818563022,0.451394742714269
8554,39.061607142857156,0.27320018434995486,0.6078712440212339
8555,59.79375000000002,0.14441113282310525,0.47431879787791675
8556,-12.525892857142862,0.00456654343471217,0.16818693840239604
8557,-519.9392857142857,0.020826980578382212,0.23892470900609472
8558,22.95446428571428,0.24757955443757776,0.5850547667750601
8559,-25.86250000000001,0.2756689375833352,0.6103587576888658
8560,881.4669642857143,0.05170291307831991,0.32114847724541384
8562,-187.8160714285715,0.14070645416787264,0.470042127183514
8563,13.401785714285694,0.3769961862611719,0.6890131824403235
8564,57.13035714285714,0.014868708366947545,0.21795848441472968
8565,154.74732142857147,0.010680226920487463,0.20115101855930143
8566,149.95982142857142,0.09889676178611793,0.4110048989553054
8567,16.5169642857143,0.15138000311692054,0.4828399347499802
8568,-20.841071428571432,0.09822060111884931,0.41022006881945206
8569,83.7357142857143,0.22442727242840405,0.5631210546980322
8570,146.39374999999995,0.16622401847863288,0.5018006335807769
8572,190.36160714285714,0.064273897718476,0.3512705679111796
8573,80.5035714285714,0.03304793252489124,0.2750996286274776
8574,58.219642857142844,0.5500285898418485,0.8010800593184441
8575,-126.4232142857143,0.06500297803307223,0.3526180994104796
8576,-9.506250000000001,0.1105906493361204,0.4300223136656271
8578,-4.186607142857145,0.5598657613656907,0.8069313663805092
8581,-1.6866071428571416,0.7270787571744501,0.8923332987681029
8587,-5.569642857142856,0.03613951192050235,0.2829060871467999
8590,-3.7303571428571436,0.15292743788818441,0.48476058289927015
8600,177.05535714285713,0.02871316230965319,0.2609962010441044
8601,3.8098214285714285,0.27943484205827807,0.6137755097837199
8602,25.465178571428538,0.14315659491135957,0.47287861447429824
8603,19.526785714285708,0.14660711249655703,0.4767425337981473
8604,-361.58482142857156,0.018196401868486593,0.2311275023724785
8605,-288.7026785714285,0.003933632493610691,0.16254657814753654
8607,27.07410714285714,0.028219185537002218,0.25916630777344796
8608,-3.975892857142858,0.37693378827011875,0.6890131824403235
8609,31.748214285714283,0.43803608952319434,0.7315385506061162
8611,-142.36249999999973,0.7727240704633382,0.912203142666156
8612,-3.0767857142857142,0.5247227516133509,0.7858612807462478
8613,329.7955357142855,0.5500847334782584,0.8010836033167424
8614,13.132142857142863,0.2666203143604934,0.6023248362804717
8615,-907.1107142857145,0.05348109266827391,0.3250908460923448
8618,-15.53839285714286,0.0004794455140643181,0.10279875875084937
8620,5.155357142857142,0.43717849428586114,0.7311269744312072
8621,-716.5044642857142,0.40843829412430693,0.7119714684179717
8622,-19.61071428571428,0.1775783400070988,0.5162452543559453
8623,123.50803571428574,0.00487020470779742,0.16997001039451554
8624,52.980357142857116,0.22970046528014032,0.5676957065700855
8625,-6.4598214285714235,0.6536333246672297,0.85711481055716
8626,-135.58035714285717,0.0018992319746387687,0.1390100511557894
8629,-59.31964285714284,0.03631620060281257,0.2832235980698634
8630,4.470535714285715,0.09039231523573618,0.3976177130370896
8631,17.183035714285715,0.12226843175223367,0.44566843373689174
8632,-3.4464285714285676,0.3809443889785171,0.6923689795506142
8633,-46.758928571428555,0.04644700783737249,0.30764872391166065
8634,43.9696428571429,0.5513530229858922,0.8018589714407318
8635,525.3687500000001,0.004400913927767104,0.16595406639301308
8636,6.287500000000001,0.6038681619247354,0.8312541395419912
8638,-10.083035714285714,0.3948078289491382,0.7021245787078496
8639,-394.74375,0.09055290961545137,0.3978089150479486
8642,58.44821428571424,0.26649279435455386,0.6022388395460939
8643,-2.417857142857141,0.33994249117798175,0.6608494542913222
8644,-111.10535714285709,0.6525545281345412,0.8565424407201239
8645,-16.487499999999997,0.13780162154077283,0.4664157400232248
8646,-7.7928571428571445,0.19434325013512732,0.5332471882431186
8647,-8.209821428571429,0.0736923080978161,0.3684009780388464
8648,-204.99910714285707,0.0003848979289512175,0.09656838991718651
8649,-20.183928571428595,0.28986509336169713,0.6228237828951816
8650,0.7178571428571345,0.9408964332749441,0.9793913964380986
8651,-10.412500000000001,0.21717169606766426,0.5561491762101315
8653,175.56607142857132,0.6032429708651494,0.8310189078095201
8654,-240.8776785714285,0.003980693059019803,0.1629634942821897
8655,965.9616071428572,0.01904689347819545,0.23431874601118416
8658,-83.93660714285716,0.13412537712861405,0.4612806743660403
8659,-7.791964285714283,0.13306303092225846,0.4600997591017908
8660,-212.46607142857158,0.282210534884491,0.61579113719558
8661,161.46785714285716,0.6112043405987444,0.8348521538879855
8662,50.20446428571438,0.5777912184526125,0.8162347846135077
8663,-6.327678571428567,0.5720081000813405,0.8134667552397464
8664,240.03303571428575,0.10767382836300049,0.42560100926650973
8665,203.8821428571432,0.5783220752121926,0.8165205800445869
8666,-7.329464285714266,0.9526271994728736,0.9837177987533324
8667,-481.82321428571413,0.1279006831777294,0.4537648337383917
8668,-4.71160714285719,0.9530591732076981,0.9837939125461006
8669,-302.23839285714274,0.0747208713543657,0.37069371128064343
8671,-76.73928571428571,8.678952632512843e-07,0.011406746147836827
8672,21.186607142857127,0.4944817327839959,0.7666247586900974
8673,356.0133928571429,0.05409847390882163,0.3267963828267399
8674,100.03392857142853,0.30850068126172536,0.63731479697039
8675,74.92589285714286,0.03600547258990672,0.28266895879398407
8676,19.56875,0.25914630181064996,0.5961528227126308
8677,38.78750000000001,0.0054585214878603685,0.1743859776179868
8678,-22.288392857142867,0.5319757531621114,0.7902025185866779
8682,274.03482142857126,0.11993315940926116,0.4423465657515754
8685,1574.00625,0.004196728560488297,0.16529518588424838
8687,-18.56875000000001,0.0821932455793851,0.38305097012584793
8688,-13.619642857142857,0.014034425138688127,0.21551775732576597
8689,-0.06250000000000044,0.8534196040685623,0.9465992504503407
8690,11.641071428571422,0.5078196375197163,0.7758029700757066
8692,12.373214285714283,0.34546695466558747,0.6645465202948666
8694,3.158928571428575,0.7842037611899977,0.9182090839448973
8697,31.144642857142827,0.17569870399005375,0.5141606806006036
8698,1.0919642857142762,0.9327201780555808,0.9761600846945924
8701,-4.46517857142857,0.18671169099526433,0.5256827515556448
8702,87.53392857142858,0.0011424392107841502,0.1240993704425147
8703,44.775000000000006,0.06972496275899064,0.3616804911814633
8704,-6.346428571428575,0.6091132581661711,0.8338324334059941
8705,31.251785714285703,0.04322117618688282,0.30050268237157307
8706,20.636607142857144,0.276482961937396,0.6110545459791017
8707,-0.5973214285714281,0.6608207162023871,0.8605836586704967
8708,-19.052678571428572,0.002577555867340161,0.14867468905820463
8710,1.2544642857142851,0.44596632389944046,0.7372549464677215
8711,22.47767857142857,0.0940628862852047,0.40360814962925234
8712,-5.234821428571426,0.3277696716783323,0.6521636695489108
8714,190.89642857142857,0.031048362732467166,0.2687269311065402
8715,-11.991071428571423,0.04257938734048392,0.2987505471331874
8717,108.53214285714287,0.02943521122137417,0.26309795218712323
8718,11.726785714285713,0.09919576489831555,0.41143441403545766
8720,58.208928571428544,0.16222661195026183,0.4961604521302087
8721,522.7303571428572,0.021915990682383,0.24158128810580906
8722,2.479464285714215,0.9507452025459547,0.9830738118501442
8723,-37.84732142857132,0.5656173772568953,0.8102528449109849
8724,-769.0312500000002,0.007512040827016854,0.18771756284505442
8725,-149.36517857142863,0.023430440106472727,0.24603816495925215
8726,107.06785714285718,0.03822828761595558,0.2882542580888665
8727,-125.62321428571428,9.590832731989098e-05,0.0674508154185926
8728,-9.042857142857141,0.11677048312139618,0.4393717768924604
8729,-16.131249999999994,0.02728445674530785,0.25705071245256855
8731,37.045535714285734,0.3308692889214869,0.6543525847504805
8732,32.559821428571425,0.16244795458184033,0.4965529108717012
8733,40.29374999999999,0.015039499261301057,0.218576454575129
8735,-18.75446428571429,0.012710136743752227,0.2104514998795099
8736,-1024.3080357142858,0.014459302989436247,0.21716162281049847
8737,36.40625,0.12896548058472876,0.4551859957102143
8738,5.252678571428575,0.8185700843040778,0.9323830620054886
8739,-14.278571428571428,0.004111623957483736,0.1646908717036068
8740,-2.490178571428565,0.705924465313725,0.88291021711147
8741,169.6482142857143,0.005150567636507163,0.17182093284629854
8743,234.4696428571428,0.055418734528782425,0.3306076716160588
8744,-1.9500000000000028,0.7504670315360064,0.9023428755194541
8745,-44.78571428571428,5.022978037706653e-05,0.05251032209654567
8747,-6.231249999999994,0.20227521404976048,0.5400360041100959
8748,-1.9580357142857174,0.5784057241870925,0.8165965081191231
8749,-13.064285714285713,0.14900758855199206,0.479829308528755
8751,17.386607142857144,0.17534694632138118,0.5136334888085675
8754,-59.49464285714271,0.8811569613068956,0.956605672324804
8755,-9.439285714285713,0.04383072279699551,0.3017441431129334
8756,-5.128571428571429,0.12811164920925347,0.45397577531911626
8760,-63.542857142857144,0.23531708816480323,0.5724056500160438
8763,212.45624999999995,0.32881034200390447,0.6528652511392884
8764,49.127678571428575,0.06121623159492438,0.345091621571022
8766,161.57946428571427,0.22176654746679245,0.5603866516960242
8767,38.61785714285713,0.15312978093213023,0.4850736252876141
8772,53.44553571428574,0.027476164860679705,0.25715973243274204
8773,307.2223214285714,0.029152240782718428,0.2622315322798891
8774,-8.862500000000004,0.15188176073488868,0.48341688602747923
8775,20.445535714285715,0.019612396613768276,0.2363066358162577
8776,-50.4053571428571,0.18389200472568715,0.5228581132072038
8777,-198.80357142857144,0.005229310554133386,0.1719788252615874
8778,4.383035714285711,0.5171277440295827,0.7815451641876726
8780,-287.60892857142846,0.18171934018705907,0.5208865266562832
8784,-14.897321428571427,0.0033142338460141843,0.15408650980512376
8785,5.652678571428574,0.4961876343482724,0.767870273159289
8786,-3.9178571428571427,0.22431976693367597,0.5629665970621878
8787,-6.9125,0.049130479380187636,0.3152730127679657
8788,-86.96785714285713,0.011948515172907011,0.20765577465946944
8789,-371.8696428571429,0.030243650627369258,0.26599946501880245
8790,7.9169642857143,0.6009821953251064,0.8299709026995961
8792,36.98482142857142,0.4164319314305196,0.7179604058237206
8793,199.68124999999995,0.18560607985903776,0.524417984408707
8794,6.795535714285714,0.4710415272982379,0.753105988126673
8795,357.39375,0.012371175565142544,0.20882804076078068
8796,-2.5205357142857157,0.5571692660689389,0.8052996730281861
8797,19.19464285714284,0.461376779932504,0.7472079741054998
8798,37.44642857142857,0.09827251508483704,0.4102961815872072
8799,18.84910714285715,0.5189913396553135,0.7825232739075632
8800,-41.03214285714287,0.21574674880559722,0.554745626535272
8801,-390.55535714285713,0.03622227575142491,0.2830027045883333
8802,-635.0687500000001,0.04163102485617711,0.29732403488641435
8803,-767.1294642857142,0.0097061437090706,0.197522152584313
8804,385.725892857143,0.22346323645531346,0.562192185040466
8805,-68.62767857142853,0.016761679611147582,0.22537717459029546
8807,25.384821428571435,0.3881419069173388,0.6971464837859465
8808,-1.1357142857142852,0.6791488984545265,0.8692997683830828
8809,10.371428571428574,0.24380259854631642,0.5810549208636551
8811,2.4455357142857155,0.36866644724897263,0.6826033551025585
8812,3.8267857142857338,0.8764190872948356,0.9551537152065747
8813,-261.5205357142854,0.2203503796708264,0.5590177911486577
8814,18.357142857142858,0.1031690906693408,0.41749463639598905
8815,-81.66517857142858,0.17602017189533303,0.5145599940931233
8816,-88.14732142857143,0.015282702885342149,0.21956638362997427
8817,-80.66428571428568,0.19945542850128223,0.5376085236881978
8818,14.760714285714293,0.11502310045889681,0.4367249682457871
8819,150.74553571428567,0.005665560350877089,0.17598813874566982
8820,1.0374999999999996,0.771178233523268,0.911791708905934
8821,-126.58035714285717,0.06694027913491982,0.3565103189112392
8822,-22.6625,0.04705662244170002,0.30873857118422776
8823,-4.258035714285713,0.4107559296745645,0.7137253052487387
8824,-27.462499999999977,0.15893809762160416,0.4918463033428349
8825,-18.060714285714283,0.5841005353364905,0.819681871300293
8826,505.84017857142874,0.004715592673719925,0.16997001039451554
8828,237.60178571428568,0.07244822424787307,0.36612502641209543
8829,-126.0714285714285,0.2300016906674343,0.5678774761653801
8831,4.574107142857141,0.5885745578054435,0.822752382788654
8832,556.4232142857144,0.08456571131811184,0.38759969399170396
8833,-12.364285714285714,0.05663391395876144,0.3345819913648862
8834,-41.594642857142844,0.044999674310581224,0.304419953119964
8835,-283.17857142857144,0.0025630465431909395,0.14867468905820463
8836,165.92053571428573,0.007129423259691113,0.18463030824512597
8837,120.92767857142852,0.09525404047031756,0.4055663125528845
8838,76.47857142857143,0.0321857410322768,0.27211309586202787
8839,215.13482142857143,0.09614949099451654,0.4067290847292218
8840,891.7946428571429,0.03394072271047424,0.27742424891936757
8841,38.44553571428568,0.0467313082607589,0.3080420674476154
8842,-16.17589285714286,0.016194607427416394,0.2234849265334801
8843,-5.65625,0.7980937250993289,0.9242321907060727
8844,-52.81785714285715,0.05168121995014886,0.3210989432698169
8846,-2.9044642857142833,0.8337656773215942,0.9393199894409381
8847,-10.964285714285722,0.35645410880784756,0.6728490345939591
8848,-547.8205357142851,0.2506528144597134,0.5881987480400372
8850,-355.3294642857144,0.013971693811376947,0.21551775732576597
8851,5.572321428571428,0.21128189511071566,0.5494281337579963
8852,-5.650892857142859,0.23101482229870524,0.5689957706846819
8853,-490.5723214285713,0.19357368736538538,0.5324307280907629
8854,-8.87142857142857,0.072005081279972,0.36530368553238096
8856,-1.6223214285714285,0.6573311387742136,0.8590587057194791
8857,-13.75535714285715,0.6640331543326995,0.8619007163885327
8858,-5.19017857142857,0.21859238763369174,0.5577793808686282
8859,19.380357142857136,0.2502573180554546,0.5877707261711625
8861,15.35357142857142,0.01700129839027886,0.22665323021742162
8862,-19.86696428571429,0.04688618142777606,0.3083515439259879
8863,-150.12589285714284,0.23460478714521932,0.5719466524997161
8864,-141.84642857142853,0.5971493665385929,0.8280279385112241
8867,18.68214285714288,0.5511331390760789,0.8016708624822978
8869,-10.016071428571422,0.8071710474404686,0.9276276175553069
8870,1394.8312500000002,0.01562950726658527,0.22054348366594084
8871,26.64375000000004,0.4554936474897961,0.7433546647757661
8872,71.28928571428571,0.18514545166576396,0.5242358308535995
8874,-216.3633928571428,0.0006017823647095264,0.11191309792684814
8875,113.14375000000001,0.4004252280407348,0.706256632250304
8876,20.89017857142857,0.3367647579123961,0.6587074722337485
8877,37.441964285714285,0.037567778918845864,0.2866338699955202
8878,-121.79196428571424,0.2201096923105865,0.5588343360613567
8879,95.93214285714288,0.01789576989173657,0.23022381619545812
8880,-55.382142857142924,0.42556279928475965,0.7232715589336101
8881,-154.2285714285714,0.0910865792144631,0.3987353793861496
8882,17.090178571428595,0.3212391021280761,0.6467096460442103
8883,-238.38571428571436,0.02226695073962603,0.2426291168780445
8884,20.45446428571429,0.1034759627626691,0.4179939611414062
8886,72.17410714285711,0.02159490967671515,0.24091036249222628
8887,-283.19196428571445,0.11276045135684229,0.43288707189547476
8888,31.902678571428567,0.25372419239578925,0.5909422883595219
8890,49.38392857142864,0.40938330888351193,0.7127138123433838
8891,-89.60982142857148,0.08827003276813065,0.39406908153813536
8892,-9.206250000000011,0.7500809535295323,0.9020777833413693
8893,-9.810714285714283,0.018949099204584093,0.2341143615618767
8894,-154.6196428571427,0.4960023336116244,0.7677417135108103
8895,101.4607142857144,0.2328289448196241,0.5702859312791393
8896,23.5830357142857,0.587567800745657,0.822017591816197
8897,-44.816071428571405,0.23597118508558174,0.5730035384752181
8898,158.17857142857144,0.18947310947960824,0.5284081744859771
8899,-57.29642857142852,0.30155549994024555,0.6311505937002996
8900,3.0196428571428555,0.5953750734948707,0.8268832477807945
8904,23.30714285714285,0.33840288451950556,0.6597433906925745
8905,-365.37410714285693,0.27304052342220775,0.6077943812465328
8906,30.946428571428584,0.04192874462275592,0.2975529404363619
8907,81.6910714285714,0.011817641795194124,0.20706627471402037
8908,-220.86964285714288,0.5338722470834085,0.7913070144876233
8909,-3.6508928571428574,0.10518442431578216,0.42123821210151285
8910,-168.96428571428578,0.10252453809540356,0.4165249864253265
8911,-20.63928571428571,0.021471088463097813,0.24021521623079042
8912,-1.227678571428572,0.25380028718240694,0.5909681114454501
8913,-9.499999999999998,0.14224418665844574,0.47186026608121107
8914,2.072321428571435,0.7774134028292041,0.9149337623972004
8915,517.3000000000002,0.045437932986200275,0.30551607987696994
8924,-68.88035714285718,0.17385234085060572,0.5117846732357113
8925,-275.99285714285713,0.040088763945832454,0.29369598937939023
8926,-118.69642857142867,0.36577410572664165,0.6799503342378667
8927,-1.647321428571427,0.6664681699256637,0.8631538034156768
8928,-18.354464285714286,0.03178417018438952,0.2706852811264014
8929,-7.547321428571433,0.4007371755260907,0.7064143030662935
8930,213.66517857142856,0.08190547438907851,0.38275058224127073
8932,330.888392857143,0.015319590924963935,0.2198104452758496
8933,50.09285714285721,0.5493006065915748,0.8005289190970541
8934,232.2499999999999,0.03170043815423518,0.27041411074932875
8935,110.10089285714275,0.2558675295325675,0.5930542700917006
8936,16.69285714285715,0.22755243067153685,0.5658331876815069
8938,8.58392857142857,0.12021326669209541,0.44259021379282415
8939,-26.109821428571422,0.5374301181349307,0.7932839172296862
8940,-5.04732142857143,0.23392507980181743,0.5712561408800915
8941,-7.843750000000002,0.1809141909884093,0.5203180980660497
8942,585.8133928571428,0.006427997833308678,0.18069057216695386
8943,146.7883928571428,0.08264567165278404,0.38378224032749847
8944,-1978.5571428571438,0.15415266201932645,0.4864857754205777
8945,-4.490178571428569,0.35846987361480304,0.6743510989502256
8968,17.83571428571429,0.527695032642322,0.7877714701824339
8970,-6.007142857142856,0.44798889662628627,0.7383268897350441
8971,85.46607142857144,0.1297118152768384,0.4561060840093343
8972,39.48928571428572,0.48407550443288366,0.760803386365066
8973,-5.14910714285714,0.41413213476793725,0.7165856848040055
8974,12.063392857142844,0.4228514661637948,0.7215018152987338
8975,-1409.0133928571427,0.013987491406302255,0.21551775732576597
8976,-433.64375000000007,0.0024817112702311037,0.14794037881322922
8985,109.48839285714286,0.11481891734406051,0.436316674019079
8986,9.20446428571428,0.42209108298711395,0.7210139882796925
8987,-5.339285714285712,0.30922317710477343,0.6379193754746062
8988,-164.75535714285712,0.007940369908480707,0.18798333344091506
8989,-4.795535714285714,0.31601761383847127,0.6430796127965764
8991,-26.42946428571426,0.4891024837222181,0.7636354574944747
8992,1683.3937499999997,0.021261423396621265,0.24012979223513067
8993,-0.15446428571428505,0.9024158495484241,0.9645680828522851
8994,-42.30535714285722,0.4231264361835867,0.7215947880547782
8995,-6.625892857142858,0.15573623562176508,0.4882664535019213
8996,-31.705357142857125,0.03607754096270285,0.282760830294693
8997,-97.1035714285714,0.024750512161621205,0.24965268134325228
8999,-12.160714285714288,0.14967614038968682,0.4807627174131199
9001,-5.7160714285714285,0.5142207521686752,0.7798679544207461
9002,-6.710714285714285,0.14524278314353514,0.475788852725583
9013,49.18749999999999,0.011993071391264631,0.2078355557265907
9014,7.61339285714287,0.41465791088879067,0.7168887681128934
9015,10.093749999999993,0.2612985855104824,0.5977944638352031
9016,46.69017857142859,0.26896568202362653,0.6043253735627381
9019,62.61696428571426,0.052176646046928433,0.32260071498539095
9020,3.4232142857142804,0.7021625835327711,0.8806831357738635
9021,490.6508928571428,0.045283786947993475,0.30518905869773266
9022,6.600892857142857,0.2536300843784544,0.5908272444423953
9023,45.433035714285715,0.11335614300616018,0.43377289465718144
9024,-5.901785714285715,0.04018655786593283,0.294023592523516
9025,-5.36964285714285,0.7115864487329415,0.8853336917618291
9026,4.425892857142859,0.7555906178973492,0.9045744916474177
9028,0.06785714285714306,0.9721174190254985,0.9901908249494901
9031,-6.601785714285715,0.45033394823836936,0.7395773344927563
9032,-6.983928571428573,0.04629240209936826,0.30723591089700425
9033,3.059821428571425,0.7051037748072468,0.8823480016384285
9034,49.86517857142857,0.009835157913047841,0.1979263415238281
9037,-126.86964285714294,0.7032096582662638,0.8813898506649849
9038,-4.236607142857144,0.28215567956578363,0.61579113719558
9039,98.5080357142856,0.5136645168756547,0.779567261858263
9040,10.881250000000003,0.2509401798227451,0.5884710596346142
9043,-371.60267857142856,0.002243339910572323,0.14441564549074604
9044,86.31339285714284,0.5919485301951599,0.825008773907676
9045,-785.6526785714286,0.3548618238448987,0.6716447438846118
9046,54.307142857142864,0.025965687765545115,0.2535584887624896
9047,-7.416964285714286,0.31142462734544796,0.6394324171611538
9048,-6.811607142857143,0.03823382719140773,0.2882562743643433
9049,63.59017857142857,0.026459575738497186,0.25501098246119047
9050,-11.320535714285725,0.5265379640139534,0.7870434850412854
9051,24.41160714285714,0.0226146968384069,0.2434688068451274
9052,-31.072321428571456,0.5116044934418187,0.7783181412652393
9053,-12.867857142857138,0.06275176723872355,0.34810804319979816
9054,-7.590178571428567,0.49600257057782077,0.7677417135108103
9055,73.54017857142856,0.06944623415915313,0.36106626594253494
9056,257.0330357142858,0.017853368928541405,0.23005725811171374
9057,-84.68660714285716,0.1690310859269369,0.5055443201326902
9058,8.421428571428573,0.21814202527179077,0.5572023000109863
9060,1115.557142857143,0.008470857463922154,0.190663035587055
9061,473.8223214285715,0.0006960464338647065,0.11428329961427276
9063,-56.59821428571429,0.005968684814475342,0.17809876130299268
9064,28.231250000000003,0.014722273980299981,0.21752154060372378
9066,-5.609821428571429,0.5187774678491164,0.7825232739075632
9068,-411.95178571428573,0.030713850008094533,0.2675682287977123
9069,5.173214285714295,0.8851742063297717,0.9579519877150234
9070,6.009821428571286,0.950262848950934,0.9829149325551291
9071,-10.583928571428569,0.0309288745873106,0.268375847970355
9073,-12.025,0.10160766038983929,0.4152637787273481
9074,-4.263392857142855,0.1309349517081444,0.45797487357996197
9075,-0.030357142857143415,0.9959330037980603,0.9986728469997056
9076,7.919642857142861,0.7138708056180438,0.8865215957745598
9077,-7.436607142857142,0.37585072737947617,0.688314805542551
9079,-128.19107142857138,0.09509071808875055,0.4052603485464523
9080,-8.741964285714282,0.21068874946255794,0.548847447746874
9083,0.10267857142857162,0.8990652728565693,0.9631666000820925
9085,-3.6071428571428568,0.20009468991613164,0.5383803187525795
9086,-59.826785714285734,0.4989222869638519,0.7697207709883856
9087,-24.605357142857144,0.006850681012619769,0.1821044248782734
9088,3.4312499999999986,0.6706107508870354,0.8653260042268329
9091,-57.92321428571428,0.0028183221184797406,0.1514456901580904
9092,10.858035714285734,0.3253718277949016,0.6500554183495653
9093,-125.19732142857134,0.04189000315111445,0.2975529404363619
9094,16.372321428571436,0.07435242458209791,0.3699466140707414
9095,-10.475892857142867,0.40780015175103296,0.7115407501780917
9096,-14.258928571428577,0.26155826620913486,0.5980052774518879
9097,-103.81696428571428,0.03809495781781445,0.2878870261757969
9099,-58.60357142857141,0.007912690739306246,0.18798333344091506
9100,-39.96607142857147,0.3851172965198023,0.6949767216777353
9101,73.2714285714286,0.003641243671739278,0.15914068565335335
9103,80.35267857142856,0.1814079524288088,0.5207371134060546
9104,-24.73839285714287,0.07175595243366553,0.36498688020788056
9107,239.65357142857135,0.06639838052677205,0.35548034012547214
9108,-7.394642857142859,0.04884618524802332,0.31449734467196166
9110,112.93928571428569,0.10021815684702545,0.41321252926814883
9111,279.8473214285713,0.01593544384243912,0.2222061698763986
9112,22.5830357142857,0.15392694356112224,0.48627466569621297
9113,28.67500000000001,0.5244824305734376,0.7857966429617378
9114,56.01517857142855,0.052434447953233515,0.32304992795134885
9117,100.73749999999995,0.12287278473977235,0.4465209835111745
9118,-1.4625000000000004,0.7240329083073446,0.8912936080273496
9119,-8.227678571428577,0.1214007536512365,0.4443505617534008
9120,196.2071428571428,0.005511100698753235,0.17479173462291828
9121,-13.975000000000009,0.35022347253685526,0.6683149754841685
9122,90.1508928571429,0.23073345817787205,0.5688484387372121
9124,-323.8071428571427,0.31479027049248703,0.6420480854197855
9125,44.540178571428584,0.009572594962279116,0.19669047889675625
9126,-117.96607142857141,0.005866050276422524,0.1778115939156476
9127,-14.545535714285712,0.20457027965389735,0.5419305812916984
9128,40.91071428571428,0.027039034981180366,0.2567041565542692
9129,12.245535714285722,0.5470652643357363,0.7990274437024197
9130,2.7875000000000227,0.9073219854922736,0.966490782530694
9131,-47.78928571428571,0.08757378037057063,0.3924669214558155
9132,-10.09375,0.07163732328266584,0.3647579298267606
9133,63.80535714285715,0.06641509025020081,0.35548034012547214
9134,26.76428571428572,0.006755032976020179,0.1816491869911561
9135,-194.34375000000006,0.05875074137971009,0.3400949481138856
9136,-1.424107142857146,0.8394615091958932,0.9416428955579472
9138,9.245535714285708,0.8130317021241852,0.9300439758164599
9139,-27.44910714285716,0.014697886453941812,0.21752154060372378
9140,68.53392857142853,0.32766798015875637,0.6520201226417013
9141,-22.354464285714286,0.11852598800490963,0.44075248554718016
9142,0.29107142857142865,0.88877548112816,0.9594369371488244
9143,8.776785714285712,0.1705045884701634,0.5072509490673548
9144,17.891071428571422,0.54777746113341,0.799543957224681
9145,-27.483928571428564,0.012862051944417854,0.21116205700008894
9146,34.14196428571429,0.07180337081544629,0.36500410966670754
9147,-107.7803571428571,0.1253494128861328,0.45080829077208356
9148,-6.102678571428566,0.18856441115969416,0.5275923930282438
9149,-2.49642857142857,0.5845473404615353,0.8199992017203834
9150,-9.113392857142859,0.24544900680620968,0.5829174027942626
9152,-10.724107142857147,0.31107857237013636,0.6392385817392869
9153,-11.808928571428568,0.035025533270949955,0.28062428919199944
9154,-9.35089285714286,0.2860441909100427,0.6193044187222324
9156,-7.868750000000002,0.3328003242464188,0.6556814269397537
9158,69.40714285714284,0.04623017640705654,0.30710802159242095
9159,40.7044642857143,0.07262247622698464,0.3664912611086791
9162,-1.5991071428571395,0.8747295831699867,0.9544408397971099
9166,102.8830357142856,0.5798593583023425,0.8170663990304772
9167,231.96964285714307,0.052649395296066936,0.3233328346563685
9168,1171.4330357142858,0.24133475111256333,0.5780768619440273
9169,99.28214285714284,0.4715596303276877,0.7534723543491091
9170,20.406249999999993,0.06623673660722294,0.3552225182932726
9172,-1001.9991071428572,0.01680295204425772,0.2257057613740702
9173,-15.485714285714288,0.05413304949375248,0.3269330035425734
9175,36.571428571428555,0.26436120830647103,0.600497677772235
9177,-0.9821428571428568,0.8025825898519594,0.9257831957770101
9179,7.809821428571425,0.2155414641016322,0.5545622262383121
9180,425.7955357142856,0.06509253527901208,0.3528588505234965
9181,132.7196428571429,0.028207977750316627,0.25916630777344796
9182,-41.54374999999999,0.0015924494045807002,0.13006794080487133
9183,-17.792857142857173,0.24675519206487417,0.5842526122247792
9184,297.39017857142846,0.006775759491554604,0.18195709734810803
9185,6.90446428571429,0.25041917041486744,0.5879272009275958
9187,-4.335714285714289,0.716900154462913,0.8881041823502953
9188,-41.18660714285693,0.7824831871884511,0.9174050748279917
9189,16.4785714285714,0.6706573283788211,0.8653260042268329
9191,45.7392857142857,0.09821797905195234,0.41022006881945206
9194,345.19196428571416,0.0926790276857083,0.4012690718020353
9196,2.4160714285714278,0.7212620960686097,0.890080241565314
9197,163.00446428571428,0.08476308647144315,0.38798083295265356
9200,-96.46071428571429,0.0031963337982491738,0.15311040996027905
9201,45.06517857142859,0.7267691653636561,0.8921793350652559
9202,-76.91517857142861,0.06583335726805448,0.3544811272483247
9203,-10.127678571428575,0.5466258048398777,0.7988666964316642
9204,32.078571428571436,0.03386144760708707,0.2771104098065388
9205,4.998214285714283,0.4887993724391724,0.7634653817486574
9208,-565.9035714285715,0.007019924179783922,0.1832924329177106
9209,-136.57946428571435,0.045232184728967936,0.3051288957503173
9210,-3.7196428571428566,0.5092029541298984,0.7765661074182643
9211,-32.82142857142857,0.11926985364313455,0.4416669830274791
9212,-9.821428571428568,0.025764334104884618,0.2530405540424541
9213,93.01160714285714,0.004084478133656971,0.16443054443009622
9214,23.256249999999998,0.20057839882295211,0.5388012603515933
9215,-44.66428571428571,0.05538223646246791,0.33057028150496
9217,-337.73303571428573,0.011331827761747673,0.20553197646077173
9218,-177.54017857142856,0.011446333778173981,0.2062716873176211
9219,3.8553571428571436,0.24433783560144648,0.5816853764707156
9220,6.859821428571429,0.31004057268389396,0.6384200342234663
9221,-106.13124999999991,0.4875036727574105,0.7628525681430952
9223,-103.1178571428571,0.0011735520026717465,0.1240993704425147
9227,1.1133928571428564,0.7481715935996534,0.9011362909697307
9228,-14.135714285714286,0.029681190564679796,0.2636789899658488
9229,-12.967857142857142,0.17008696371992774,0.5069528944390908
9230,-17.37321428571427,0.4449426569869025,0.7365250503905982
9231,-51.38571428571436,0.7408734573748754,0.8984598154580822
9232,164.8517857142857,0.02731296876211507,0.2571044919035216
9235,-20.153571428571432,0.15900200533494718,0.4919268173796457
9236,58.691071428571405,0.06949429616156719,0.3611444389918911
9238,-18.237500000000004,0.004912551759702506,0.16997001039451554
9240,140.7508928571428,0.02598952573835075,0.25370064626751065
9241,-9.25,0.4914419623631801,0.7651447815077277
9242,14.839285714285715,0.026127858856172116,0.25409830717915516
9244,250.43482142857144,0.2019735626569185,0.5398697390758939
9245,-0.5928571428571487,0.9228276974568823,0.972876219238752
9246,149.25803571428577,0.05304156186139178,0.32416393490124623
9247,1.029464285714285,0.7103340883500812,0.8850668918449788
9248,0.8955357142857139,0.5722471663821138,0.8135056994100172
9249,-12.200892857142833,0.6521526959266475,0.8563354562380536
9252,-158.35000000000008,0.00374458876621969,0.1604485441098942
9253,-573.7910714285713,0.3709648753541094,0.6847187619735126
9254,-9.158035714285713,0.18145096038326247,0.5207512077557543
9255,-79.70089285714286,0.023840456333893242,0.24714446269033988
9256,-7.996428571428567,0.3809620310611417,0.6923689795506142
9258,71.90892857142858,0.11013493959351833,0.42916596874296553
9260,-38.25982142857143,0.0026368425149454573,0.14884518441352512
9261,35.133928571428584,0.46271105100870713,0.7481105757976693
9262,384.9419642857142,0.04142703143059157,0.2967797357792969
9263,125.83928571428571,0.001497078395346664,0.1290963936360878
9265,9.40982142857149,0.952619666443203,0.9837177987533324
9266,16.464285714285722,0.2446918297783319,0.5821812790744255
9267,127.13571428571424,0.04903361820033857,0.3151486780414718
9270,161.9785714285714,0.0574088329021092,0.33638009769163446
9271,-20.427678571428576,0.017413230529607557,0.22840259077191843
9274,14.125892857142848,0.19517275152746488,0.5341789438922651
9275,3.5705357142857252,0.8726710599854857,0.9535792270506521
9276,163.71607142857147,0.06894785683610065,0.3601569044357763
9277,5.902678571428574,0.5630400930496714,0.8086426511726282
9278,3.429464285714289,0.5636880629588892,0.8089247946041952
9282,-90.54642857142858,0.007186267763083647,0.18463030824512597
9283,-4.242857142857142,0.33180812887402433,0.6548703254747938
9284,4.874107142857042,0.9574613534748704,0.9853410537049867
9287,-6.323214285714287,0.11324437335345545,0.4335879631022533
9288,1.5500000000000003,0.5429360132488251,0.7965366970163292
9289,5.262500000000003,0.6497782112755518,0.8548709417834153
9290,6.275000000000002,0.040559359187101754,0.29526133403382776
9293,-0.7366071428571437,0.35697103986501166,0.6730667235002986
9294,19.984821428571436,0.06985090713873032,0.36175981318651895
9295,-801.360714285714,0.1412862553068595,0.4705257989194863
9306,-49.34107142857141,0.1947693521614188,0.5337957058455661
9308,74.20892857142854,0.08758192921986245,0.39247127121514463
9310,-7.032142857142858,0.20486251002419895,0.5421002615402253
9312,-13.769642857142859,0.18995418236297765,0.528884959926754
9313,0.30982142857142847,0.6991850976674904,0.8792152176504067
9314,-803.3392857142853,0.5427847877509124,0.7964947182817148
9315,-137.61874999999986,0.5740201287879709,0.8144215938728023
9317,-97.35714285714289,0.002282697717847265,0.1453621672449485
9318,-180.44821428571436,0.36521748451896285,0.6796914249351704
9319,12.835714285714282,0.2793090975795408,0.6136472277650644
9320,47.51428571428568,0.5347810418097166,0.7917490971273946
9321,14.818749999999994,0.23383008504500152,0.5712256362622321
9322,-19.486607142857146,0.11143220504764324,0.43111773358193417
9324,-1256.8571428571427,0.0012374899748315783,0.12532423491627354
9325,37.03571428571425,0.1893724424198682,0.5283430264482468
9326,-73.76071428571427,0.1130622749968253,0.4333763239940706
9328,3.9830357142857196,0.8530536927214161,0.9463823578551973
9329,38.0723214285714,0.1081978757895302,0.4264581821236756
9330,-40.118750000000006,0.05356210318253894,0.3253454013547106
9331,-10.896428571428558,0.46792723786235935,0.7510986357267483
9332,1786.472321428571,0.04814640058625702,0.3123032924491165
9333,-8.423214285714288,0.43124674093187015,0.7268091476973583
9334,-56.02410714285713,0.4635112171592853,0.7484182621844085
9337,48.131249999999966,0.10681485182039774,0.4243502217687326
9338,-145.27232142857144,0.004387065064309324,0.16595406639301308
9340,-1.4714285714285715,0.4519150607605319,0.7407721764977389
9341,46.72589285714287,0.26313791941367154,0.5993362109536551
9342,35.15982142857142,0.09181891653879058,0.3996941444141217
9343,86.23571428571435,0.09646008303164992,0.4072237695741996
9344,-16.78125,0.042266641355522355,0.29818429748925734
9348,-1.5026785714285733,0.7808611102398993,0.9166342003266512
9350,-6.998214285714283,0.3373578454486861,0.6591063055378172
9351,-1.6678571428571427,0.4787304930075415,0.7578709704139714
9352,-185.12589285714287,0.0008721507787659618,0.1180986166525225
9353,-705.326785714286,0.06287156103643059,0.3483071401800438
9354,54.40267857142862,0.5148089559640071,0.7801548526761178
9355,-14.386607142857141,0.15680456605035353,0.4893150875408413
9356,-3.6223214285714302,0.3713573037729851,0.68500645326407
9358,-2508.757142857143,0.09315384447394472,0.402206053047282
9360,-58.88303571428577,0.013958890898545993,0.21551775732576597
9361,13.228571428571428,0.5012850420950508,0.7713325549924549
9362,-5.453571428571431,0.1229706490204171,0.4465608551535139
9363,0.45982142857142705,0.941495902573259,0.9795668018767955
9364,108.60714285714266,0.6276382011878926,0.8437767747989473
9365,-28.520535714285714,0.02309261396159718,0.2448670156367019
9366,-3.652678571428572,0.11583308157068418,0.43822126590625227
9367,56.09910714285715,0.07864729331208085,0.3776497675676145
9368,2.7232142857142776,0.9168998533043974,0.9706905821458085
9369,-24.59285714285714,0.13326069500130341,0.46020897544190653
9370,-1817.4401785714285,0.006144469103328546,0.17898180512759096
9371,71.13839285714289,0.07952781163062748,0.37912173710019875
9372,-38.8544642857143,0.0023833911785215386,0.14716488559292665
9373,-33.607142857142854,0.0017843239910937242,0.13493487443022043
9375,514.6491071428571,0.03273507840672784,0.274059394206436
9376,-4.504464285714286,0.013618053008809014,0.21361457352179491
9377,-981.5928571428576,0.07212721608662444,0.36538200732016884
9378,-48.87946428571429,0.0019575392085785744,0.13973184654505375
9379,-6.713392857142857,0.19346228624605466,0.5323377202064942
9380,23.09374999999997,0.6494129896999431,0.8546964641899811
9381,-2.4196428571428585,0.25709881050714456,0.5940178895571216
9382,9.175892857142856,0.14092769481813505,0.4701255923940546
9383,-10.26428571428572,0.23203062008467076,0.569630597082694
9388,-14.870535714285715,0.013495342738254664,0.21294599255817426
9389,-7.996428571428574,0.5802757630332402,0.8173102732462566
9390,0.3767857142857145,0.7751793517698197,0.9135331820154118
9391,20.158928571428568,0.23873008864343323,0.5755048473305879
9392,-38.165178571428555,0.05882969583243639,0.34019109599831376
9394,-23.15089285714288,0.07634695319221226,0.37342465618344856
9397,-49.47321428571428,0.19192787635611191,0.5307117159348059
9398,-4.598214285714288,0.456934703816923,0.7441913881261328
9399,24.09553571428573,0.12819643959550187,0.45407570557569793
9400,-12.14017857142857,0.13613336337828308,0.4642603076501241
9401,11.048214285714284,0.11015405179050963,0.42916596874296553
9402,0.05982142857142758,0.9822532184704997,0.9940711655691731
9403,674.7598214285715,0.07681571257385739,0.37440535084240406
9404,381.6955357142857,0.002311392118707624,0.14558381924032737
9406,-58.14285714285734,0.8504051462943661,0.945403740746314
9407,-8.75535714285714,0.2572032654978932,0.5940184060338628
9409,65.04910714285711,0.017835281926690948,0.22991555957666704
9410,10.966071428571428,0.1917922688445926,0.5305728748774591
9411,-424.17499999999995,0.05672746198553841,0.33487086850132936
9413,-160.8955357142857,0.004336101136915799,0.16576162857571458
9414,-87.41607142857146,0.1589149143309795,0.4918302355398112
9415,-12.920535714285712,0.06623246855571789,0.3552225182932726
9416,39.75446428571425,0.2109197921785583,0.5490140270108391
9419,50.24285714285716,0.04526691753985452,0.305145775420415
9420,67.34910714285714,0.10286655035649615,0.4169380227788771
9421,-10.174107142857142,0.01265198189541181,0.2104514998795099
9422,71.10178571428574,0.15650770016569895,0.48880718076999824
9423,-13.804464285714282,0.01700489509851913,0.22665323021742162
9424,21.809821428571425,0.07039662603112581,0.362404876637167
9425,38.18214285714282,0.5073451345044485,0.775463230802346
9427,-8.330357142857146,0.14415366945333835,0.47398449003684384
9429,-11.17232142857143,0.3647611156895611,0.6793838869128515
9435,24.1776785714286,0.8383074496817299,0.9412946380660173
9436,-17.085714285714275,0.08476325650881475,0.38798083295265356
9437,-4.264285714285713,0.2006393338897446,0.5388186849545494
9439,35.14375000000001,0.22855206722912738,0.5668868572339916
9440,33.16874999999999,0.36480371171281123,0.6794400782769435
9441,18.003571428571462,0.4867388862045156,0.7624688022012976
9442,22.9776785714285,0.5428539244752936,0.7965149966638939
9443,39.641964285714295,0.3547828648246471,0.6715950904484068
9444,-467.9321428571425,0.13945538171178917,0.4683778484607208
9445,-2432.070535714287,0.44811930628728186,0.7383478214825691
9446,1353.9437500000001,0.009826879202327372,0.1979263415238281
9447,207.66875000000002,0.021986337650258828,0.24158128810580906
9448,123.31696428571429,0.048249972771913896,0.3127154174139868
9450,178.33482142857144,0.01318773274046548,0.2115725609110769
9451,105.53482142857146,0.06647986241944129,0.35548034012547214
9452,-272.60982142857154,0.05673438716883355,0.3348755930536515
9453,-57.5116071428572,0.2297734477760063,0.5676957065700855
9454,31.49196428571429,0.08060729137280047,0.3806861584009559
9455,-68.0982142857143,0.07574247951248243,0.3724243073423383
9456,-230.71874999999994,0.01620670652514005,0.22353725511151168
9457,-75.20089285714285,0.0003462296248536172,0.0946505236943576
9459,-496.6839285714284,0.0016848690904905125,0.13181696481672592
9462,30.688392857142844,0.3723330865709641,0.6855838761991583
9463,-1.5767857142857196,0.7994560523460661,0.9246843267316598
9464,-2.4276785714285722,0.31677381863843224,0.6437120733005972
9465,-66.50357142857146,0.12994896029876815,0.4564717978604833
9466,95.94642857142857,0.0024338549990369105,0.147757366547422
9467,-462.52142857142826,0.33119036269466545,0.6544921054082783
9468,9.250892857142857,0.0587641885222225,0.3401292957075143
9469,29.88303571428571,0.3160810545704235,0.6431398458500266
9470,299.9642857142858,0.012979483444767594,0.21137711545547824
9472,-60.39553571428571,0.0015280456944144756,0.1290963936360878
9473,83.15803571428572,0.01892930475494955,0.23410082277241948
9474,-64.09285714285716,0.015491227745604982,0.2199109272557993
9475,-211.0821428571429,0.00012250292516894672,0.07442052704013513
9476,-4.935714285714287,0.4114672556084925,0.7142722265985507
9477,-4.3964285714285705,0.33744733990000314,0.6591851552049973
9478,-5.87142857142857,0.3297679298503417,0.6534821196109041
9479,-0.11160714285714235,0.9731170193216483,0.99037096884096
9480,-8.763392857142858,0.28780586998130664,0.6211770695054765
9481,-111.92321428571431,4.377185291566633e-06,0.019920790171365544
9482,-156.39374999999995,0.0669463455740593,0.3565103189112392
9486,4.425000000000004,0.6126545689535627,0.8355422438896494
9487,15.230357142857137,0.001517164933729147,0.1290963936360878
9488,93.58839285714285,0.021229605149001206,0.23992793853191094
9489,33.07321428571429,0.09257790644575445,0.4010732052933579
9491,-52.16874999999999,0.4976666940491157,0.768956593874571
9493,14.317857142857141,0.23323611806775246,0.5706952228845096
9495,5.482142857142856,0.34430866743341015,0.6636831188099154
9496,-0.03035714285714164,0.9886962199562076,0.9961038736289789
9497,156.93125,0.005478903623557141,0.1746836135676968
9498,-10.490178571428572,0.1296711610711257,0.4560969999686835
9499,-3253.903571428571,0.013101950154038705,0.21137711545547824
9500,874.8482142857141,0.03900115191525471,0.2904519102625357
9501,-9.2625,0.15626299111939393,0.48860225019121417
9502,-1.9160714285714278,0.8724090401305488,0.9535597191063483
9506,-9.93571428571429,0.060176597750469185,0.34314751753866973
9507,3.5267857142857153,0.6706036377863788,0.8653260042268329
9508,-8.816071428571433,0.8809420245853403,0.9565222146907794
9509,448.93482142857147,0.048374774279372985,0.3130789279977175
9510,31.691964285714164,0.8404216107186876,0.9420704601401712
9512,-85.68124999999998,0.1928041943626049,0.5317042936939081
9513,-14.212499999999999,0.18178650530124094,0.5209563777078557
9514,-1.838392857142857,0.064071806688094,0.35090107550100513
9515,-6.547321428571429,0.08332863539397334,0.38528483214930165
9516,563.3625000000002,0.018142881292294445,0.23095740038561088
9517,40.01339285714286,0.0492186038846071,0.31546130546326645
9518,7.694642857142853,0.3074147120719591,0.6363976896949893
9519,94.5830357142857,0.05848475566573305,0.3394537171999952
9520,-373.14464285714274,0.00042060828716578794,0.09857317454390956
9521,45.68749999999994,0.1838404512912715,0.5228064430640939
9522,417.6964285714287,0.02056471194921739,0.2382045204675808
9524,-12.700892857142858,0.11854684199862732,0.44075248554718016
9525,302.69375,0.052278465360020746,0.3228651410323206
9526,-21.591071428571432,0.025573010033113467,0.25238923537661384
9527,23.753571428571405,0.18428929340216146,0.523323612460096
9528,716.9642857142858,0.032699437059784925,0.274059394206436
9529,-3.5723214285714278,0.6224342071190624,0.8416369549705636
9530,61.39285714285717,0.23952728817173535,0.576389880761834
9531,-556.7651785714286,0.01742000555132876,0.22840259077191843
9532,-51.80714285714285,0.012166178580000185,0.20849517196955838
9533,30.49732142857144,0.2788022715323048,0.6130855504775135
9534,-26.220535714285717,0.10976646893320015,0.42908300846754155
9535,239.8464285714286,0.040806265772656815,0.29578186147686747
9536,322.3928571428571,0.04261739094681958,0.2988464601792177
9537,6.058928571428574,0.4790968026974405,0.7581000802813692
9538,-63.54732142857142,0.07669820090252363,0.3741500833641577
9540,40.16517857142857,0.04715024519708892,0.3089943253207284
9541,-5.468749999999986,0.6037278718162905,0.8312268969830039
9542,-25.68660714285714,0.18653962924713474,0.5255445057164294
9543,-8.787500000000001,0.3793972969454538,0.6907872480874709
9545,32.53303571428572,0.061225200533847994,0.345091621571022
9546,23.09285714285714,0.06335500684506963,0.3495393541124301
9547,-534.7294642857141,0.03942530212934402,0.29133374698227926
9550,319.711607142857,0.11761681733346119,0.43991650620515743
9551,0.1446428571428573,0.8952900667291376,0.961779108289443
9552,-122.64464285714286,0.07363982992913386,0.3684009780388464
9553,-477.3830357142857,0.010229581557845402,0.1988875360240836
9554,275.08303571428564,0.39604749146331,0.7029137149429225
9555,924.9205357142853,0.003994174736881467,0.1629634942821897
9556,-483.7437500000001,0.18592894204971616,0.5248107515645545
9557,58.01517857142855,0.14182399394631148,0.4714298211273181
9559,-244.1955357142856,0.2897320819091666,0.6227926153361647
9562,119.85714285714286,0.013928465618933092,0.21551775732576597
9563,46.74642857142858,0.01207519761552785,0.2081372728969058
9564,-11.875,0.1750594840986159,0.5133592131485459
9567,37.872321428571425,0.027582780390110032,0.25715973243274204
9568,-12.382142857142856,0.08104732956001864,0.38167637757915757
9569,-36.5,0.09366096844345768,0.4031537747824517
9570,41.39017857142858,0.08734247675685049,0.3921052563166763
9572,37.41428571428571,0.703522617427561,0.881539604616856
9573,0.8258928571428577,0.8974076396831734,0.9626524022906059
9575,-64.39107142857148,0.19073047933655743,0.5295325782294974
9576,0.6044642857142879,0.893269545427719,0.9609599578643555
9577,-20.23392857142852,0.5275095701231269,0.7875480789274744
9578,-9.230357142857137,0.31085710970990627,0.6392385817392869
9580,-22.268749999999997,0.00222390761443809,0.14441564549074604
9581,-312.30624999999986,0.07067422201799892,0.363066155109846
9582,69.76339285714286,0.021521996901220714,0.24048951166446814
9583,191.08035714285722,0.09097031334304687,0.39846659484780134
9584,-413.63125000000014,0.0822617365441158,0.3830795826179569
9585,-20.00267857142857,0.0010953809031010507,0.1240993704425147
9586,-495.34642857142876,0.03139347860476593,0.26944983031438197
9587,13.55892857142858,0.4185550557679416,0.7191498175913119
9588,-917.6580357142852,0.0020136284380851198,0.14078661745818916
9589,767.2419642857142,0.0261494804213302,0.25417435516700815
9590,-570.2767857142857,0.0029740224966272083,0.1515798484623921
9592,273.6330357142857,0.03990216420161734,0.2931932304426056
9595,425.69285714285706,0.01589340030589827,0.2220730032519775
9597,-8.291071428571431,0.04938556794218453,0.3160136404476522
9600,-8.98303571428572,0.3043368537534749,0.633769471680489
9601,251.63125,0.014732185914139719,0.21752154060372378
9603,27.308928571428574,0.0984829547951772,0.4103769189411107
9604,30.91875000000003,0.09714459023610496,0.4084753044409744
9605,14.958928571428576,0.04919462333504805,0.31546130546326645
9607,-21.450892857142858,0.02546117520518144,0.2521444945378184
9609,-5.736607142857153,0.5990780766711904,0.8290623124936046
9610,-1.474107142857136,0.8847878527201952,0.9578602852739718
9611,-51.092857142857156,0.10189599459553142,0.4158515715839875
9612,293.7026785714287,0.008302933847592207,0.1902441948888578
9615,-47.95178571428573,0.006718489433066964,0.18131977139461555
9616,56.8241071428572,0.3480591913924799,0.6667971658592238
9617,-10.73928571428571,0.1256274884192456,0.4512635785639743
9618,13.591071428571425,0.026280053538917023,0.2545821983062169
9619,-127.62232142857147,0.0017111706155795475,0.1322094559402314
9620,-6.140178571428571,0.4522130457654294,0.7408830756499489
9622,-19.74196428571429,0.3647177502749737,0.679382746099054
9623,-0.8124999999999982,0.8109632465534203,0.9292136564158264
9625,-11.572321428571442,0.5425662714612374,0.7962675772765625
9626,-5.491964285714287,0.10285335088440406,0.4169380227788771
9627,-102.65357142857141,0.10313920787016412,0.4174355015398048
9628,-6.036607142857143,0.23101675121933882,0.5689957706846819
9629,-4.0008928571428575,0.10260416209852377,0.416627000574585
9630,-12.286607142857143,0.04883411588476729,0.31449734467196166
9631,-0.9017857142857082,0.900871826822935,0.9638787329317229
9632,56.87589285714286,0.01907461379451718,0.23441324100139957
9633,-7.334821428571426,0.02650176417576443,0.25514772958441984
9635,-13.033928571428568,0.02141100290106164,0.24020584864565522
9636,51.71517857142858,0.30317331703186007,0.6327200972866993
9637,-702.022321428572,0.059330781908749096,0.34124873772994496
9638,-37.386607142857144,0.2576421648683117,0.5942191255000197
9639,-8.881249999999966,0.9215511891126925,0.9722826019972974
9640,-37.89017857142858,0.3544080493985812,0.6714385701486443
9641,15.658035714285717,0.30003632466415775,0.63017039863597
9643,520.3580357142855,0.26506288873679373,0.6011423767218577
9644,60.49821428571437,0.38117240989100054,0.6925342609817796
9645,358.0339285714284,0.15208386401042706,0.4835995354774315
9646,10.195535714285825,0.8493910098740867,0.9450742488475178
9647,52.86517857142856,0.05517845085186363,0.3298130106642631
9648,16.755357142857065,0.7041320255248,0.8819057226828187
9649,-12.962500000000006,0.30557768130074164,0.6347819044497739
9650,-147.23214285714278,0.03422467766924339,0.27835590108526165
9651,-2.256249999999998,0.44660542654161617,0.7375053566884389
9652,-168.34642857142865,0.07553693901955176,0.3721889101647981
9653,128.64642857142857,0.009216149592774068,0.19492717908956222
9654,-16.23928571428572,0.16790239574335608,0.5042762027334073
9655,69.93124999999998,0.14876958933460577,0.47968256748655835
9656,37.10446428571427,0.07324790120171647,0.36785658114126135
9657,37.5392857142857,0.15784148658923142,0.49065557735024007
9658,-6.802678571428565,0.5807591126468116,0.8175967372341948
9659,-1534.7678571428567,0.022397692806396325,0.2426601986928736
9662,22.044642857142875,0.20842701865236704,0.546267579246552
9663,34.79642857142858,0.24714575181580634,0.5845827160983766
9665,5.8008928571428555,0.8991231892167372,0.9631764017795236
9666,-70.64107142857142,0.09910205331945032,0.4113167382755171
9667,60.72946428571427,0.29274229072957686,0.6250755582925726
9668,14.486607142857139,0.5009518441546368,0.77121053299042
9669,-395.5232142857144,0.0786669247899366,0.3776497675676145
9670,-29.248214285714276,0.1729611130626139,0.5102049558510071
9671,-10.754464285714278,0.7538082292661603,0.903642827441422
9672,40.71964285714285,0.14207547256973657,0.4716848125494073
9673,-14.150000000000034,0.6987232566727488,0.8789300370086861
9674,13.232142857142847,0.3591632405496315,0.6749123651722265
9675,24.885714285714293,0.021015364876313856,0.23937255788545253
9677,-7.46696428571429,0.17895328154160067,0.5178506757852767
9678,-9.037499999999909,0.8403712523713838,0.9420704601401712
9679,21.491071428571445,0.20402926918160658,0.5414143026841555
9681,-0.6258928571428548,0.9355946691585247,0.9774082569596901
9682,-12.884821428571428,0.3362893815198903,0.6584600306875409
9683,125.68571428571428,0.071243683471794,0.36413077127289484
9684,18.322321428571428,0.06856613878271434,0.3594769036536477
9685,92.9785714285714,0.47468550199214826,0.7552412238614158
9686,81.48125000000002,0.1718072326090379,0.509023338686385
9687,-7.946428571428569,0.24285404806131194,0.5799032658318658
9688,20.221428571428575,0.3625691006051665,0.6778039584309176
9689,247.80267857142871,0.5655493684131578,0.8102528449109849
9690,-79.67946428571423,0.1615936498148183,0.4952428701583627
9692,38.64910714285716,0.1256531551222758,0.4512962974820873
9693,-209.26696428571404,0.07138403341484825,0.36435045061210125
9694,-197.76428571428585,0.04130432906632394,0.2967316363985899
9695,117.25446428571425,0.019762879001375702,0.2365299129704636
9696,-5.27946428571429,0.22307573428314123,0.5615802244956469
9697,91.23035714285714,0.27045600188087965,0.6056349075539439
9698,-593.2535714285718,0.012126970385171649,0.2084409384275836
9699,5.119642857142853,0.546709930101749,0.7988666964316642
9700,25.26428571428572,0.16556747551547796,0.5007136303893334
9701,-28.797321428571422,0.504248532436695,0.7735437773060533
9702,-10.243749999999991,0.2169042412308613,0.5558970253320127
9703,62.06071428571428,0.01204748211850182,0.20804485924341667
9704,-8.125892857142855,0.3691716881943264,0.6831222310389087
9705,-10.304464285714289,0.5459521225157701,0.798361344206845
9706,-35.90357142857141,0.005787777194888165,0.1774146000816401
9708,-9.89553571428571,0.23732056444586674,0.5742583094574384
9709,657.0133928571429,0.15373640213185244,0.48597162503149166
9710,-13.410714285714278,0.7792877421432862,0.9157401414564171
9711,-10.581249999999997,0.13117955489205274,0.45825849531793417
9712,-24.413392857142853,0.23687349858888607,0.5737316515576145
9715,-12.454464285714284,0.03468698587121941,0.27973357413000277
9716,44.8857142857143,0.019033504417226572,0.23431874601118416
9717,-20.656249999999996,0.02483704745673565,0.25012867056313987
9718,-11.614285714285716,0.07499882414172927,0.3711586449990087
9719,6.799107142857142,0.3990123324889368,0.7052889977638891
9720,-15.276785714285715,0.034959372317080455,0.2803878071639099
9721,-10.744642857142857,0.34173785840584425,0.661961220447089
9722,2.4553571428571432,0.44867609051673907,0.7386494520074494
9723,-50.051785714285714,0.010964571732331195,0.20285382906236638
9725,5.904464285714287,0.39765367254596423,0.7041850865247156
9726,1.0946428571428584,0.5998033618427114,0.829373957496916
9727,18.86160714285714,0.7316696448911997,0.8943233899163636
9728,15.74464285714285,0.7099878601926405,0.8849180353446752
9729,-11.690178571428572,0.01072235168747666,0.20124371728636564
9730,-40.73660714285717,0.2696406577372051,0.6048991860241953
9731,29.109821428571436,0.10990130013844145,0.42908300846754155
9732,63.782142857142844,0.6527013469496453,0.8565582375727532
9733,84.38839285714283,0.04498740649577176,0.304419953119964
9734,-124.4991071428571,0.009745399544064177,0.19763498724164877
9735,17.733035714285712,0.23302982428390995,0.570420553691167
9736,-233.5821428571428,0.48883873003873357,0.763473844582107
9737,-47.31517857142859,0.33592627625447147,0.6582785589899127
9738,-36.49196428571429,0.02810404815477974,0.2588171703856349
9739,-13.325,0.0547368004494848,0.3286191462145142
9741,-98.81071428571431,0.885501896376295,0.9580943532045533
9742,-11.051785714285721,0.20661315840628863,0.5443345268570247
9743,-43.43392857142858,0.006692354159870231,0.18122967135939963
9744,-22.571428571428573,0.006027171353023766,0.17822368508738473
9745,-24.009821428571428,0.02240788986468175,0.2426601986928736
9746,11.412499999999994,0.1193489437670791,0.4416964661922592
9747,-9.13214285714286,0.19232510030309757,0.5310795383369626
9748,-293.35000000000014,0.11902787733058322,0.44129553957768847
9749,76.9276785714286,0.4553379312880627,0.7432854061376614
9750,60.241071428571445,0.481311718302903,0.7592752115952306
9751,0.5803571428571423,0.9138589390772681,0.9693705861797617
9752,-18.168750000000003,0.04414799439256696,0.30271340020851467
9753,37.25535714285715,0.02601848462807431,0.253758598333217
9754,-0.21160714285716153,0.9893337284338566,0.9962945794507784
9755,1.796428571428569,0.6929321670203463,0.8765928114393606
9757,18.736607142857146,0.05572637914354228,0.3316468683654266
9758,-10.24375,0.046128147988435925,0.306951738867754
9759,-234.73928571428567,0.0009060690138458528,0.11859210302321158
9760,23.58214285714286,0.2490326768315783,0.5866838396025773
9761,120.01964285714286,0.19645149977688242,0.5350487564439893
9762,-15.126785714285717,0.26886782562999967,0.6042315083365626
9764,32.50089285714286,0.027779198032163204,0.25782019138395146
9765,22.75892857142857,0.06429793536560907,0.3512912796260553
9766,205.68392857142857,0.00018026492936876518,0.08218894428282343
9767,3.8535714285714207,0.731870190322873,0.8943484367066098
9768,214.98571428571432,0.016529244031841802,0.22447501675135384
9770,111.75178571428569,0.0196781166110315,0.23641453220133712
9771,-44.669642857142875,0.02899557210789694,0.26176249287662695
9774,-369.0366071428566,0.1774368414318594,0.5161121085964203
9775,164.28571428571428,0.0364113074276959,0.2832320869615656
9776,31.05892857142858,0.11474118105084255,0.43613843055465845
9777,43.14375,0.09939669496018885,0.41186163675243087
9778,-685.2508928571432,0.0012253312198950174,0.12532423491627354
9779,32.743750000000006,0.3489645377403517,0.6675404511318912
9780,170.25625000000005,0.007552341004814261,0.18772170189881426
9781,-4.345535714285717,0.8755249726564966,0.9548085744488671
9782,-7.399999999999999,0.4776584262308048,0.757139287082963
9783,7.190178571428568,0.6012783300429011,0.8300582962945454
9784,91.54285714285714,0.01750823266162244,0.22851893511515692
9785,14.861607142857146,0.1627662609078596,0.49711560995668824
9786,11.96160714285714,0.1758563416561443,0.5143332341954472
9787,47.85625,0.011222758650429439,0.20476899164280513
9788,290.38750000000005,0.29230703970859545,0.6247430965871908
9789,960.5964285714285,0.04638299611233475,0.30743002939045977
9790,-24.458035714285728,0.2752194003510339,0.6100808308651934
9791,338.51785714285717,0.0013032533251673255,0.12532423491627354
9792,228.6580357142858,0.04243080384777965,0.2983032275141253
9793,-12.25982142857142,0.2685317544322366,0.6040721527908881
9794,8.006249999999966,0.6212740907498078,0.8407336314567171
9796,-7.0285714285714285,0.1317343829985133,0.4586621078573565
9797,38.66428571428571,0.019837632694317653,0.2365299129704636
9798,72.51160714285697,0.29603216006199695,0.6272013621401877
9801,-63.55357142857139,0.33347319794757396,0.6562046823028111
9802,648.8455357142861,0.038817640555287025,0.289820360147524
9804,111.1508928571429,0.05472298212329749,0.32858691080829305
9805,85.9794642857143,0.06999492571649092,0.36188865849164453
9806,13.98571428571428,0.5687807787400805,0.8114555067270672
9807,1.97499999999998,0.8978162892049801,0.9628483568942003
9808,0.44285714285714217,0.8633122189657866,0.9500742600771455
9810,16.474999999999994,0.19151107201203307,0.5303316380803236
9811,-10.203571428571436,0.2516656368342687,0.5891052634690649
9812,-7.041071428571435,0.3532418861960404,0.6705843591461584
9813,-321.8142857142859,0.03119570012738174,0.26886198072317047
9814,16.44285714285714,0.08601618942188398,0.3903079617852914
9815,86.08571428571423,0.03488611318307787,0.2800467241645548
9816,3.1187500000000057,0.7875481427555922,0.9196606404561553
9817,-75.67321428571427,0.09473545051570423,0.40456617643881343
9818,43.402678571428595,0.21501206512917445,0.5539337510742746
9819,117.75982142857143,0.1219786570552081,0.4452058127165222
9820,32.679464285714275,0.026990528912055705,0.25639246494633033
9821,-231.5035714285715,0.027563660413612235,0.25715973243274204
9823,142.5178571428571,0.06476829314581628,0.3520711342479336
9824,4.533035714285715,0.2683646457249556,0.6040158535838667
9825,-30.404464285714283,0.015418353789635315,0.21981380814831367
9826,-8.649107142857144,0.3450010874386967,0.664261137770975
9827,-4.626785714285731,0.7641554440464995,0.9084824393494609
9828,20.6,0.2579893868435,0.5946448179110645
9829,-7.3607142857142875,0.2105042849349484,0.5487685013502267
9830,227.57767857142855,0.03802111055101826,0.2878831490620307
9831,8.961607142857133,0.5527386963814112,0.802469966609902
9832,-14.975892857142846,0.0918731688472501,0.399742599611921
9833,95.39553571428571,0.021407947149499437,0.24020584864565522
9834,120.28660714285712,0.13015705469883435,0.4568167853934773
9836,-6.7839285714285715,0.45368568538794996,0.741695516343325
9837,15.810714285714283,0.3376471491540042,0.6593405872770903
9839,174.52499999999998,0.18869708968209645,0.5276599514317062
9840,-17.196428571428562,0.08312467026919104,0.38473218885702365
9841,17.341964285714283,0.2823794772035584,0.6159624143668284
9842,15.90892857142859,0.6583795446808044,0.8595130348179731
9843,-19.27499999999999,0.41600164699030534,0.7177151707003665
9844,8.67232142857143,0.33774958278316686,0.6593750781500267
9846,-17.953571428571422,0.4686722487736354,0.7515530821435721
9847,7.272321428571445,0.9634840836260413,0.9876207755246269
9848,-180.31339285714284,0.07077385733299553,0.363147859047151
9849,11.085714285714289,0.6020286234947243,0.8303293221727979
9851,9.48482142857145,0.5651361815539921,0.8098873119748511
9852,-93.17500000000001,0.09103469842373546,0.3986568767194031
9853,2.8374999999999986,0.6865840478680959,0.873154759550209
9854,14.374107142857145,0.08899030226623512,0.3953645988568693
9855,-16.825892857142875,0.29629357145017815,0.6273747282617786
9856,2.8151785714285715,0.38733443800978923,0.6966341274419213
9857,-155.67410714285722,0.1662302507992639,0.5018006335807769
9858,-1.2258928571428669,0.9386821684361639,0.978558307610488
9860,26.2928571428572,0.6047547295695478,0.8315421888856345
9861,-347.57857142857154,0.06753974148363581,0.3575021589305589
9862,-5.704464285714287,0.02301171088583825,0.24473162666469683
9863,-59.24196428571432,0.051675413881618545,0.3210989432698169
9865,-32.8625,0.27950310968523584,0.6139007962897308
9866,17.53214285714286,0.24616505834640426,0.5836292686826093
9867,49.70267857142858,0.6101177015264994,0.8344345319505357
9868,-237.29732142857142,0.1125235618377718,0.4323684565789661
9869,27.545535714285705,0.1609318708701119,0.4944619297456234
9870,-8.588392857142855,0.06305599732517485,0.3487535434836781
9871,182.35178571428565,0.018515934412636915,0.23234639598803716
9873,102.98303571428573,0.018815871380864883,0.2334177894685613
9874,83.10982142857142,0.2825446350650962,0.6161031240726859
9875,17.902678571428552,0.21380026166048158,0.5526180355640727
9878,-65.26607142857142,0.0005179316615957079,0.10469227218526304
9879,-106.17678571428567,0.005226539260481283,0.1719788252615874
9880,-0.9098214285714334,0.9270544821521127,0.9741117490838392
9881,4.608928571428567,0.5500586946934737,0.8010800593184441
9882,-306.1491071428571,0.02016153906125891,0.23744580766467172
9883,-4.7928571428571445,0.5482774870335138,0.7999645505712744
9885,42.35089285714285,0.03429433782167207,0.27860964641900754
9886,-359.97321428571433,0.017395464814103343,0.2283369916124698
9887,51.578571428571436,0.12291922725315403,0.4465209835111745
9889,-9.495535714285715,0.2651220193467111,0.6011423767218577
9890,-84.6830357142857,0.00851006987966974,0.19074068353740092
9891,-238.71250000000003,0.00017806328571998874,0.08218894428282343
9892,-12.723214285714285,0.06147502683671686,0.34528159012321324
9894,22.17410714285714,0.0049496359765091235,0.1699882833012791
9895,30.536607142857164,0.06223337264881737,0.34702801117532783
9896,3.8330357142857565,0.9166146510307831,0.9705991451043732
9897,25.233928571428606,0.2984195009420415,0.6290651197186543
9898,32.70982142857143,0.036800916503904914,0.2841337358476055
9899,-304.6419642857144,0.1113435917740661,0.430988380902447
9900,7.576785714285709,0.44846813440034206,0.7385405910333781
9901,-17.921428571428564,0.05316622256224317,0.32433624078093254
9902,700.6071428571429,0.0263060813608147,0.25459517806064474
9903,-100.5991071428571,0.03226107932785003,0.272413052084973
9904,0.8723214285714285,0.9279836640926621,0.9741490678591165
9905,17.04910714285714,0.25351195670203414,0.5907739357048981
9908,-134.78660714285706,0.3794359257058798,0.6907872480874709
9909,50.967857142857156,0.17253382699737183,0.5097739562778321
9910,156.58035714285722,0.03905624148207688,0.29055493643764524
9911,8.929464285714289,0.42753955959612105,0.724491722328155
9912,42.803571428571416,0.29504052793238,0.6266873202494182
9913,24.358035714285762,0.4310912999438692,0.7267263843748974
9914,-7.854464285714281,0.1403604320821079,0.46980144622523723
9915,-5.975000000000001,0.5648191976620224,0.8096028112460957
9917,-36.37321428571428,0.013767320980230993,0.21472967130563822
9918,43.95892857142857,0.006056790520179589,0.1786165165538398
9919,112.56071428571437,0.04288501616727358,0.29939058850865724
9920,12.183035714285715,0.20214186604846987,0.5399650170828207
9921,-80.04285714285712,0.027930030613980493,0.2581450985712789
9922,79.97589285714292,0.06533094003406749,0.3532755559650519
9923,47.401785714285694,0.018405426018043344,0.2316566914218508
9924,6.201785714285748,0.5809084504528453,0.8176385513839444
9925,25.749107142857156,0.49610985128085644,0.7678400892355798
9926,-119.61785714285713,0.017736390254311788,0.22948976961881462
9927,-108.56875,0.12932899694855374,0.4558286106270207
9928,7.883035714285711,0.5385264826756393,0.7936052143789085
9929,-0.14910714285716153,0.9932698152322466,0.9977398287226005
9931,-49.07678571428568,0.20540354361246407,0.54269057441826
9933,7.638392857142861,0.8213489808601548,0.9336190299088305
9934,-509.59285714285716,0.003116062541615808,0.15238423153370623
9935,1463.6562499999995,0.09089318977481493,0.39838069570203793
9937,3.4642857142857153,0.8047395229046584,0.9267658061928595
9938,64.48660714285715,0.005071872144584864,0.17125077921971654
9939,-64.32857142857148,0.4179126603674695,0.7188748243536113
9940,-7.014285714285709,0.17194163902887513,0.509023338686385
9941,12.024107142857154,0.16838310136625123,0.5049627859931971
9942,-8.321428571428577,0.2979633465907593,0.6288279015937365
9943,-79.54107142857146,0.07567566321023839,0.3724243073423383
9945,240.72232142857138,0.7481378865919344,0.9011362909697307
9946,-35.657142857142844,0.027510561980676747,0.25715973243274204
9947,3.3767857142857114,0.381173691299327,0.6925342609817796
9948,227.19107142857138,0.43514250695899165,0.7295857132960798
9949,53.84642857142855,0.004172908936618497,0.16482405997663963
9950,149.47142857142853,0.095972361693351,0.40638479248863774
9951,-19.317857142857143,0.019915302397007187,0.2368136490988186
9953,200.71428571428572,0.09437239936303601,0.40417223521541845
9955,80.225,0.17505475403248366,0.5133592131485459
9956,26.249107142857135,0.2272670981489198,0.5656334773725286
9957,4.892857142857139,0.6336227749269663,0.8470782089821394
9960,185.42142857142846,0.004630278834589283,0.16877366352077938
9961,110.72142857142856,0.0012969547343966927,0.12532423491627354
9962,17.89553571428572,0.08828775191305337,0.3941160055393691
9963,-2.1874999999999982,0.6929852965494921,0.8765928114393606
9965,4.532142857142856,0.05729814809231742,0.3361347904450059
9966,220.31607142857143,0.1048900844735214,0.42056335831232855
9967,-12.688392857142901,0.8780948705892617,0.9554665409862049
9968,8.638392857142861,0.2639292856430938,0.6001136859575877
9969,-38.84821428571428,0.5622153406369533,0.8080903437562311
9970,-4.144642857142859,0.2797257180350757,0.6139457923635246
9971,-6.4348214285714285,0.166175121291905,0.5017363202590721
9972,87.52767857142862,0.2319805426969418,0.569630597082694
9973,14.558035714285715,0.15699708625235467,0.4897424104075019
9975,-285.52678571428567,0.06061622761630614,0.3439028997531948
9976,212.3901785714287,0.18779317069368565,0.5267742305011789
9978,1.8339285714285438,0.9885094795520302,0.9961038736289789
9980,-4.34375,0.41449037769768476,0.7168058263588047
9982,-22.46696428571429,0.019034895791659824,0.23431874601118416
9984,-15.230357142857144,0.8241455668937877,0.9347760752286735
9985,16.47142857142857,0.016872910296514332,0.22614381693840088
9986,10.9875,0.3493423531515272,0.6677601895796298
9987,-196.78303571428592,0.2608545761843588,0.5972864810804961
9988,-55.069642857142924,0.2979844920419226,0.6288279015937365
9989,208.12946428571433,0.026866099137487873,0.25605232269673545
9990,101.1946428571427,0.14550550657125155,0.47597903385085427
9991,734.2535714285715,1.4431598512918608e-05,0.030444753842458958
9992,0.5508928571428573,0.8499560289304703,0.9452119573227594
9993,66.30892857142857,0.49110071221280166,0.7648966340085156
9994,-32.757142857142895,0.15350874042727544,0.48576747209522425
9997,176.96250000000003,0.027382090905728608,0.25715973243274204
10000,110.44375000000002,0.1743123073260144,0.512404651888142
10001,-11.38482142857142,0.4888921827174747,0.763473844582107
10002,-6.867857142857144,0.07532262043301985,0.37180915706674966
10003,-41.550892857142856,2.724395476877794e-05,0.04250418271681325
10004,5.377678571428572,0.1672266028229124,0.5032789694595592
10005,12.304464285714282,0.20197595816730513,0.5398697390758939
10006,85.48749999999995,0.3470914554846303,0.665988506867288
10007,86.64910714285713,0.02772019943984721,0.25762201448496186
10008,87.89464285714286,0.0841748067029005,0.3870370495737184
10009,116.57499999999993,0.24241767849941417,0.5792672784837826
10010,132.5982142857145,0.31584161038829495,0.6429473471130168
10011,44.65625,0.07905421139172157,0.37837870788828504
10013,-4.943749999999998,0.4214865930215358,0.7207574976840606
10014,6.962499999999999,0.5666595587754288,0.8106251737171295
10015,191.15089285714294,0.011778166886939497,0.20706627471402037
10016,50.47321428571428,0.08980853715924843,0.3967904459944976
10017,-6.009821428571428,0.3279336691867118,0.6522289328040548
10018,50.175892857142856,0.16491953639966675,0.4998046478937852
10019,113.57410714285714,0.019778337569222627,0.2365299129704636
10020,27.985714285714295,0.40555465416090003,0.7098379045300969
10021,-9.111607142857146,0.2669913833026673,0.6027185892413732
10022,4.466071428571429,0.2840727495274985,0.6175064608671764
10023,9.490178571428572,0.5783218255634395,0.8165205800445869
10024,15.160714285714288,0.00710786613133804,0.18444355991025504
10025,22.821428571428584,0.06895334759502907,0.3601569044357763
10026,139.34017857142862,0.3356953334833139,0.6580039295280135
10036,-9.754464285714278,0.3014258098762887,0.6310724164268078
10038,-49.87767857142859,0.03112788591718501,0.26886198072317047
10039,11.198214285714286,0.21129983029335048,0.5494281337579963
10040,-3.5419642857143003,0.8530025807200475,0.9463823578551973
10042,22.025000000000006,0.3420622676052406,0.6622845880277818
10043,5.683035714285719,0.34909778144921877,0.667655002124529
10044,7.375892857142858,0.6681856282312504,0.8641164663040836
10045,4.251785714285713,0.617659141335159,0.8384585127457664
10046,-10.701785714285705,0.3605999263340332,0.6763285636873593
10047,-6.166964285714284,0.11201574375181703,0.4318314643256344
10048,-72.39017857142926,0.8245597043177314,0.9348569180713897
10049,-280.37678571428575,0.025028224210454225,0.2504621285450221
10050,-5.010714285714285,0.18314977071345467,0.5220369989447469
10051,222.58750000000003,0.02017683144973323,0.23744580766467172
10052,35.28571428571428,0.28264440045064154,0.6161463641802004
10053,-6.7526785714285715,0.014511007642920884,0.21716162281049847
10054,-263.7482142857142,0.012025396685137359,0.20793439714101364
10055,54.19732142857143,0.021994757800646386,0.24158128810580906
10056,27.056250000000034,0.8421317111165161,0.9423452086707383
10057,-49.525000000000006,0.010194212564296508,0.1988875360240836
10058,-11.042857142857144,0.414226091328472,0.7166348619872862
10059,-10.210714285714275,0.5957048805794664,0.8270107494523607
10060,-53.41874999999999,0.005950930141438256,0.17799075792294128
10061,-30.434821428571432,0.07832481543266312,0.37690629147868826
10062,42.84910714285714,0.07609943080953147,0.3728267938361636
10063,14.306250000000002,0.20179762186461606,0.5396962062584728
10066,66.09464285714287,0.0823070301645801,0.38312079637735547
10067,130.27410714285716,0.10805826965093109,0.4262073216826329
10068,35.53482142857142,0.06563206155129,0.35398423059635065
10069,-62.69017857142856,0.09683586091372058,0.4079466652348921
10071,0.6928571428571431,0.6413780673554613,0.8505917440672337
10072,42.13660714285713,0.0033575514519592654,0.15465385479012034
10073,11.353571428571456,0.5593122410814395,0.8065088688748505
10075,-2744.350000000002,0.32108930262509083,0.6466135403693127
10076,1.6339285714285694,0.8748211841900754,0.9544408397971099
10077,0.6232142857142904,0.8988021956763936,0.9631666000820925
10078,7.034821428571428,0.0931545331501804,0.402206053047282
10079,-197.9687500000001,0.10796121549135768,0.4260396576679885
10081,19.754464285714306,0.4994614586991953,0.7701079857311953
10082,195.0517857142856,0.19368896657881884,0.5325326484811888
10083,-6.474999999999998,0.12976206331390372,0.4561947538379428
10084,-6.228571428571435,0.4797975480010142,0.7583525363365938
10085,1079.9616071428572,0.08486476553311337,0.3882759820008883
10086,1.6607142857142847,0.6501948007404383,0.855149039726816
10087,91.5883928571428,0.006505466479431766,0.18109948666886078
10089,-1.2035714285714283,0.09092996504242115,0.3983828277503173
10090,-146.60535714285714,0.023899367957245024,0.24734013686586628
10092,550.54375,0.22516036681372256,0.5637791094245223
10093,166.9803571428572,0.0009372040684496864,0.11859210302321158
10094,394.9669642857143,0.0029680141505741514,0.1515798484623921
10095,446.6116071428571,0.006581414543435223,0.18109948666886078
10096,1836.8892857142864,0.03517661508004326,0.2809761036525004
10097,976.382142857143,0.0006282280754324402,0.11215262327362541
10098,95.68839285714286,0.12128663717727453,0.44419230274415467
10099,-418.56160714285716,0.04218656400195507,0.29813177660830187
10100,88.20267857142858,0.1954231666653989,0.5341789438922651
10101,41.707142857142856,0.0777261696875483,0.3759657581087796
10102,-29.941964285714306,0.18161426822384052,0.520837142152556
10103,0.10178571428571548,0.9780360963089552,0.9926503484722007
10105,-26.60714285714286,0.5383601559689822,0.7936052143789085
10106,-20.84375,0.156690121444256,0.48911345525598776
10107,-21.117857142857154,0.22102624537332013,0.5596022211524093
10109,796.8375000000003,0.008814266567264596,0.19242269651444172
10110,-31.047321428571436,0.002186361936968709,0.144389470397508
10111,43.688392857142844,0.05073030770035139,0.3192068745447988
10112,36.936607142857135,0.038296467500908656,0.2885693716389444
10113,25.552678571428558,0.4719288434530002,0.7538262786498816
10114,-685.2339285714288,0.18693112390591748,0.5258972908161155
10116,-22.66160714285715,0.07952708693484105,0.37912173710019875
10117,-17.470535714285717,0.03533283630881351,0.2811940320840402
10120,-16.34553571428573,0.3244902037541913,0.6494912099231369
10121,1.9705357142857167,0.889432669972352,0.9595755656629589
10123,640.3607142857144,0.0027695420958342644,0.15065973465010227
10124,12.763392857142861,0.5191689825716582,0.7825319546260521
10125,115.28303571428572,0.045882119602153604,0.3063887117846715
10126,12.299107142857146,0.24186980649537854,0.578614380666586
10128,-262.225892857143,0.011852740009461975,0.20717664962190968
10129,-156.6866071428571,0.06845012830639927,0.3591176429902528
10130,891.4901785714287,0.051296773409898876,0.3201291046896725
10131,-129.2383928571428,0.02624928660383917,0.2545713347457315
10133,-1352.8991071428575,0.010637083838503104,0.20082270679218137
10134,203.11696428571435,0.029423806809547863,0.26308203390221246
10135,671.40625,0.13143467110285753,0.45841758907427826
10136,-9.853571428571424,0.06940551559728808,0.36092342786622744
10137,58.87500000000003,0.1098080510384923,0.42908300846754155
10138,-11.849999999999998,0.07280534438398094,0.36687854416536014
10139,4.31785714285715,0.48199093944108706,0.7596671840282916
10140,-678.3767857142859,0.0020353601919155914,0.14176218916303815
10141,1.9455357142857146,0.6352885733548052,0.8478749599435459
10142,-234.81785714285706,0.1011920572932148,0.414650058645471
10143,-3.7651785714285726,0.3441046076092001,0.6636262087932797
10144,-291.7910714285713,0.2238755775124015,0.5625934503387561
10146,83.20535714285728,0.35921381717773937,0.6749146204190001
10147,13.387499999999989,0.6619476844135582,0.8609818233584542
10148,0.07321428571428612,0.9899785482732244,0.9966685778676907
10149,-156.54375000000005,0.8384072969143459,0.9413521719841462
10150,-302.6812500000001,0.1343888189114272,0.4616008527960853
10151,-0.5651785714285715,0.9150305667716584,0.9698534722121736
10152,-21.416964285714357,0.8599709004752607,0.948936531019434
10153,-39.11964285714288,0.41033829964680907,0.7135480441255668
10154,641.4919642857142,0.004125171741247791,0.16475074138255877
10155,24.461607142857133,0.2320228885664411,0.569630597082694
10157,-4.269642857142863,0.49455181922303715,0.7666833430239022
10158,3.933928571428571,0.4678564902561062,0.751064321435271
10159,1486.187499999999,0.02413008713900702,0.2477526110470337
10160,59.66875000000002,0.035950201556094435,0.28264835207639216
10161,32.86874999999998,0.8197155330056031,0.9328521098801379
10162,4.851785714285713,0.42631843231996525,0.7238190572000087
10163,56.08928571428572,0.5615603054605744,0.8077502643634032
10164,-11.402678571428567,0.28406624093428273,0.6175064608671764
10165,64.77678571428572,0.031145301947557776,0.26886198072317047
10166,2.729464285714279,0.7460141357441971,0.9004031884033062
10168,-6.724107142857143,0.3533604688741718,0.6706231953797542
10170,342.3008928571428,0.05387654414950871,0.3262598525696455
10171,-9.1875,0.5214036142580146,0.7838688574999161
10172,-4.70178571428572,0.4635120244309561,0.7484182621844085
10174,20.466071428571425,0.3201505582173873,0.6460386299333442
10175,708.3624999999997,0.07344861019981012,0.36808457953021256
10178,-108.65625,0.0969964339298382,0.40825866244140907
10179,26.186607142857156,0.636782655124839,0.8485962854773275
10180,38.73125000000002,0.6202633888103172,0.8398686408293526
10181,55.494642857142935,0.7818345856425238,0.9171235880065539
10184,620.9205357142856,0.017734215136984536,0.22948976961881462
10186,-482.0160714285714,0.08903910466150106,0.3954360366637617
10188,14.343750000000014,0.1800068185016966,0.5190689819946006
10189,27.841964285714297,0.2048940638271019,0.5421002615402253
10190,86.64017857142869,0.20438678243241468,0.5418895999171891
10193,-6.853571428571428,0.539403524607141,0.7941589753310921
10194,-62.90178571428572,0.35293761397890944,0.6702860135571529
10195,37.48928571428573,0.04219229605746439,0.29813177660830187
10196,16.583928571428544,0.37221481697510844,0.6854799242947968
10197,57.29642857142855,0.037567761866838294,0.2866338699955202
10198,33.28125,0.003768835377757893,0.16048370270943366
10199,-50.84196428571428,0.19104304635425232,0.5297700499676202
10200,21.13035714285712,0.4813644357848321,0.7592752115952306
10201,-6.225000000000001,0.3661444609815426,0.6802456218072594
10202,-5.562499999999999,0.044233679313635706,0.30283952122126623
10203,-93.37142857142857,0.005920332373416024,0.17799075792294128
10205,28.16428571428571,0.3261293120564121,0.6504859235621018
10206,62.2598214285714,0.06464901658306856,0.35184998822210567
10207,-286.9982142857143,0.011945366982099095,0.20765577465946944
10208,9.632142857142856,0.05054946431897294,0.3189101006962163
10209,-942.519642857143,0.04651244049887333,0.30764872391166065
10210,24.98571428571428,0.08982914583273263,0.3968283434897666
10211,78.17857142857144,0.37400113509319355,0.6868104479639637
10212,191.93750000000003,0.027468887978310493,0.25715973243274204
10213,-36.34196428571431,0.8496415380603088,0.9451737800450002
10214,-12.179464285714282,0.16125894434883567,0.4948272972428214
10215,-7.081249999999999,0.1261621336042988,0.4518186058043516
10216,-2972.775892857142,0.2690867498842144,0.6043757158082168
10217,-62.66428571428574,0.052235202872618396,0.3227710633819597
10218,41.96249999999999,0.6380415002055648,0.8491494401977118
10219,-5.9151785714285765,0.445010856194531,0.7365250503905982
10220,9.495535714285715,0.0058394505065517115,0.17778091896531587
10221,230.61696428571418,0.4985560302593068,0.7695373201520974
10223,-17.84017857142857,0.06792683719855934,0.3581370321568951
10224,-9.532142857142858,0.15207117283213112,0.48359747423932814
10225,12.672321428571427,0.07875442938063572,0.3779086708194701
10226,68.68035714285716,0.16804631545063892,0.5043880268590076
10227,31.191964285714285,0.007669848691180535,0.1878321840087255
10228,118.41607142857151,0.0014066138073007017,0.12793530972030986
10229,-40.366071428571416,0.019567682249889834,0.23627717027666226
10230,19.413392857142856,0.10254856593088835,0.4165249864253265
10231,-607.2714285714285,0.0034764178140352167,0.1570852429606409
10232,1.8071428571428605,0.7295999281166479,0.8935851292229338
10233,2.4383928571428566,0.44835759137535713,0.7385131457502301
10234,156.25982142857146,0.4364000452572386,0.7305600277920905
10235,-11.651785714285712,0.13606609067208333,0.4642252044023014
10236,381.26250000000005,0.06175029945626,0.3460637169711988
10237,75.02500000000002,0.08566286386435391,0.38965256008447197
10238,-19.391071428571415,0.17740010075966628,0.5160876082278788
10240,106.99464285714282,0.28929359190010323,0.6224764713552989
10241,-71.69107142857138,0.17922236990536383,0.5182453498294779
10242,-10.338392857142853,0.13088129382236371,0.45788410279929515
10243,-87.88125,0.012259935580834571,0.20849517196955838
10244,25.37946428571432,0.2431345192999797,0.5802870456681589
10245,-17.716964285714283,0.3090469819202302,0.6377978603715159
10246,-9.04732142857143,0.11923462769117824,0.4416669830274791
10247,-40.94732142857141,0.236085130795584,0.5731086405257919
10248,14.446428571428584,0.4444724808914356,0.7363431473726401
10249,-30.251785714285724,0.01178034474773665,0.20706627471402037
10250,58.24553571428578,0.5358900265311225,0.7921216361780291
10251,-8.814285714285717,0.19665980723492182,0.5351570257102006
10252,-95.86071428571432,0.1224358481452244,0.44590084072400066
10253,-91.70714285714286,0.008468933031815815,0.190663035587055
10254,35.513392857142776,0.4566171168676934,0.7441197104955575
10255,-3.59375,0.7207228552157277,0.8897762799223228
10256,-35.497321428571425,0.008309269981467055,0.1902441948888578
10257,125.12499999999999,0.07269450491712642,0.3665564932531483
10260,30.043749999999996,0.05946266186106778,0.3417196801822452
10261,134.58392857142857,0.018337488502673204,0.2315478484719763
10262,76.3785714285714,0.025254348035662285,0.2512663758036146
10263,23.88035714285714,0.0030415171864986526,0.15203924887737885
10265,11.275892857142859,0.01866946518597034,0.23299543689635432
10266,-5.228571428571428,0.43090402267518524,0.7266123069259115
10267,-29.948214285714286,0.0038589752004297827,0.16171055949029417
10268,30.577678571428564,0.052169992021021905,0.32260071498539095
10269,371.80714285714294,0.15581172719892605,0.4883204875280645
10270,16.776785714285722,0.2745958437419484,0.6094310848275986
10272,4.5455357142857125,0.7837289622557809,0.9181371946462433
10273,-63.69107142857149,0.5343435912744984,0.791569195104942
10274,-102.18214285714282,0.03032920068419935,0.26634260318159325
10276,-84.37767857142865,0.7202909496400862,0.889524262452775
10277,-77.91339285714287,0.24291350655828156,0.5799493438880561
10278,28.947321428571414,0.44678716475205615,0.7376298648071585
10279,3.4303571428571438,0.6884429572843654,0.8740780185514303
10280,34.563392857142844,0.0605281877377652,0.3436173465436935
10281,-1.5901785714285719,0.1233181110318724,0.4471970512100568
10282,142.9035714285715,0.015159593105946098,0.21898676465652597
10283,-52.256249999999994,0.0048389226358048765,0.16997001039451554
10284,-131.04821428571415,0.4885397461659747,0.7634087137829101
10285,195.62589285714284,0.16362890962671173,0.49853289829619996
10286,-154.4589285714286,0.15701316345739552,0.4897424104075019
10287,44.64285714285714,0.16329160059930556,0.49801797639131096
10288,109.69553571428571,0.021327544050251685,0.24020584864565522
10289,-369.9330357142858,0.0670492793094429,0.35671103884828165
10291,34.37142857142857,0.4710605020815015,0.753105988126673
10293,-6.739285714285714,0.09902092982183167,0.4111146888912329
10294,-348.2696428571429,0.024186331141426477,0.2478513825108395
10295,30.261607142857144,0.1468415293866661,0.4771520634265998
10296,63.74196428571426,0.19563972479876893,0.5342424309945405
10297,8.19642857142857,0.2718870676166276,0.6070378743209132
10298,-15.600892857142856,0.07451162201927741,0.37025597036662655
10299,-608.7133928571429,0.026093461548535236,0.25396498343809815
10300,95.32589285714286,0.011483585138746125,0.20654645416979353
10301,16.691964285714285,0.1608178561152095,0.49427605810120506
10302,-9.125000000000028,0.6690839966188654,0.8645038781503838
10308,129.55803571428572,0.00023603013126693154,0.08348620717944168
10309,8.210714285714282,0.12860777071582538,0.4548203346428591
10311,27.640178571428564,0.13563408301298527,0.46357401317340563
10312,246.3544642857143,0.003834173197970035,0.16150494576195046
10313,85.44464285714287,0.14740891054754268,0.4780581401142948
10314,-168.0062499999999,0.06253460693584523,0.3476440909219459
10316,0.025892857142857828,0.9927755785524502,0.9975656081507396
10317,-4.468749999999998,0.3465229543775771,0.6655050169894505
10318,-30.409821428571433,0.1519104327577548,0.48342476163872444
10319,-11.289285714285707,0.24607221989787859,0.5836116177034013
10320,385.9767857142857,0.021271094059979834,0.2401772398370664
10321,1.0053571428571426,0.6587687184090678,0.8595363713627034
10322,0.43125000000000213,0.948565619569057,0.9822132731703003
10324,-3458.631250000001,0.004879264437116058,0.16997001039451554
10325,-9.791071428571431,0.08081314643421512,0.38112135684372794
10326,-7.3223214285714295,0.13081171964140992,0.45779496712501355
10327,595.4642857142858,0.02213527923656667,0.2422430729101847
10328,49.00892857142861,0.21941659669769492,0.558208114903925
10329,11.210714285714289,0.6775096933365673,0.86851425083278
10330,742.4982142857142,0.006442449669251112,0.18069057216695386
10331,1.7160714285714285,0.8437683606711377,0.9430687092623258
10332,-2.5928571428571416,0.5745418747301225,0.814648251439105
10333,5.4303571428571455,0.36525486332549184,0.6796914249351704
10335,-81.19107142857138,0.03764054997974509,0.28694883855863956
10336,22.803571428571416,0.32605700745076077,0.6504583235738709
10337,-2.1330357142857137,0.13011625089592518,0.4567939085448324
10341,-0.564285714285715,0.9200077532246943,0.971764076803125
10342,295.93839285714296,0.21108251954859283,0.5492430510378973
10343,-1.1098214285714283,0.6666526213825198,0.863250367424138
10344,-4.449107142857141,0.20842107105370755,0.546267579246552
10345,-2459.4857142857145,0.006683044610414723,0.18122967135939963
10346,278.4348214285714,0.11874226685249982,0.44094903946475433
10347,-3.6750000000000114,0.754010124794817,0.9037509552165166
10350,-48.221428571428575,0.008432231148830217,0.190663035587055
10351,-1347.6544642857145,0.0001466655662376551,0.07939544390142368
10352,-10.591071428571425,0.203507487750906,0.5411327639714417
10360,4.598214285714285,0.45350286136795903,0.7415377821651918
10361,-10.600892857142846,0.40188950511934535,0.7070478309724118
10362,38.582142857142856,0.00037187447323261944,0.0960482948572323
10363,9.668749999999989,0.4415058614748648,0.7341646282280484
10365,142.54732142857142,0.45580603352556476,0.743605504655077
10367,-41.94196428571428,0.031706273572441136,0.27041411074932875
10368,-3.732142857142857,0.13275633578323026,0.4596284611795919
10369,-6.288392857142856,0.2932421731890801,0.625408935200296
10370,12.35625,0.23398804416456065,0.5713333473873417
10371,100.97053571428572,0.38886478924651036,0.6976086078466193
10376,910.8053571428575,0.06888781126698562,0.3601569044357763
10379,41.67857142857143,0.06741183305198242,0.35724573476505767
10380,41.56071428571428,0.13167717123779935,0.4586512924397452
10381,89.55089285714284,0.0702787232661435,0.36229042736736966
10382,11.851785714285711,0.15754002153858318,0.4904544082846943
10383,118.03660714285712,0.047743205750649546,0.31068314382489454
10384,53.91875,0.06998257503097037,0.36188865849164453
10385,103.50982142857137,0.06685934645193184,0.3563941471443281
10388,-10.125892857142858,0.05394941791611288,0.3262598525696455
10389,-79.36785714285716,0.19136913689342847,0.5300996838407235
10390,103.85714285714286,0.0015528637829430702,0.12969581044195497
10391,-9.475000000000001,0.24555019700628133,0.5830564154138119
10392,-25.58571428571429,0.3191318034818394,0.645248948299289
10393,10.000892857142873,0.5223392593469737,0.78453673934451
10394,-2.2767857142857135,0.5936387350890893,0.8261024044805938
10395,-352.46339285714294,0.149499874013172,0.4804505200826145
10396,-279.74285714285725,0.01749759282295482,0.22851893511515692
10397,968.0776785714281,0.013954703194491089,0.21551775732576597
10398,-20.697321428571414,0.4526718623452081,0.7411683308994177
10400,-3.4107142857142776,0.6781088334514759,0.8687286299489068
10401,13.72232142857142,0.39168557515270414,0.6997584897880702
10402,-43.28928571428571,0.2747076269980932,0.6095880314185131
10403,53.53392857142858,0.004774637402074829,0.16997001039451554
10404,102.5928571428571,0.15213885838423888,0.48367205966730203
10406,-4.018749999999999,0.5176601916401256,0.7819205176663984
10408,-8.175,0.1440347099763691,0.473832597350059
10409,865.9776785714287,0.0014391326215041887,0.12830640097920887
10410,1103.6250000000002,0.037633568274825925,0.28694883855863956
10411,-24.177678571428572,0.03848042339423241,0.2890847070195864
10412,-514.1151785714287,0.07523452385269655,0.37165229414945644
10413,-244.40625,0.19341453595887,0.5322663740708135
10418,152.1705357142857,0.17912456563289114,0.5181129415187065
10419,35.11249999999998,0.2250557404121837,0.5637477714315363
10420,10.733035714285705,0.17951806956543778,0.5184423438353217
10421,86.16428571428573,0.020384523432653096,0.238009362137482
10422,-106.1053571428571,0.050524406108512256,0.3189101006962163
10423,1160.939285714286,0.02099444954940042,0.23937255788545253
10424,-150.71785714285716,0.14523643658611904,0.475788852725583
10425,-73.8080357142857,0.12248968628350847,0.44590084072400066
10426,39.13303571428571,0.1495058853897656,0.4804505200826145
10427,-96.98303571428573,0.04568602225312128,0.3061877777251848
10428,-56.42500000000001,0.2965653457286313,0.6276012332925097
10430,131.8491071428572,0.024328476959124174,0.2478513825108395
10432,37.59821428571429,0.014346821228252772,0.21702423110789504
10434,253.54107142857146,0.1502500655561721,0.4815312036508622
10435,-7.024999999999999,0.538958504857877,0.7938885784014339
10436,38.25446428571428,0.2632847451730593,0.5994209220211125
10437,1797.0633928571426,0.006266848090554433,0.17961776568128374
10438,-49.115178571428544,0.4525526578169215,0.7410751747268506
10439,-45.022321428571445,0.16200833295267106,0.4957595491788117
10440,-316.0107142857146,0.3017909282898473,0.6314884821020635
10443,-111.14374999999998,0.025587444566850855,0.25238923537661384
10444,-9.359821428571422,0.19242472042887188,0.531193657954588
10445,-0.15446428571428328,0.981389139997351,0.9938405487933908
10446,-10.238392857142852,0.21011788271931123,0.5484268265117354
10447,6.733928571428574,0.27722020103326706,0.611761966883027
10449,-60.766964285714295,0.3558240845443012,0.6725440530459317
10450,-10.435714285714269,0.45936992497996426,0.7456690862569446
10451,170.14999999999995,0.010586109663006474,0.20068338165466024
10452,-14.592857142857127,0.35131757232310523,0.669488280881314
10454,8.399999999999999,0.16846277026426992,0.5051111578941024
10455,-347.2758928571428,0.020299750343813334,0.238009362137482
10456,-11.446428571428498,0.9211316826748449,0.9721789888198352
10457,1448.130357142858,0.04761829372528226,0.31043613512980534
10458,19.54821428571428,0.0333867817135803,0.27569454723208636
10459,17.44464285714284,0.09355507223594707,0.4029459942350348
10460,29.452678571428578,0.005761790997953668,0.1771799340906169
10461,91.22142857142856,0.12057145112321556,0.4429608117977468
10462,42.357142857142854,0.4165113412051211,0.7179604058237206
10463,-140.70357142857142,0.03650306158300175,0.2834678941993909
10464,-8.884821428571428,0.36770599362687517,0.6815949688618592
10465,48.67767857142857,0.08799477246161984,0.3934312608881849
10466,27.962499999999977,0.7030926818248743,0.8813442551935026
10467,25.319642857142867,0.5966941522628042,0.8277563920796445
10468,35.156250000000014,0.7470575762419379,0.9007213790351251
10469,-14.782142857142851,0.024357859252099916,0.2478513825108395
10472,-591.28125,0.016654803300244672,0.22475972927854593
10473,182.28928571428582,0.04238304794476689,0.29823572302079054
10474,11.806249999999999,0.4168069987249999,0.7181419200745276
10475,96.97053571428572,0.06221695589669878,0.34699732348906065
10476,-350.24910714285716,0.099506790349116,0.41200558594001646
10477,-298.0875000000002,0.03916107428728486,0.2907566182315725
10478,11.249107142857142,0.44428422464691264,0.7362320416612096
10479,35.38303571428571,0.4569261713906729,0.7441913881261328
10480,106.20982142857179,0.5715132477684048,0.8131266517894956
10481,-2.5660714285714286,0.07232263407735526,0.36575733854776715
10482,27.31785714285715,0.5409170186283269,0.7951240218713207
10483,447.5491071428571,0.030239543870236175,0.26599946501880245
10484,263.4330357142858,0.1798795190452647,0.5189106053817257
10485,-25.83660714285714,0.03869189377926027,0.2896363140699914
10486,-2436.5482142857136,0.006550404141798211,0.18109948666886078
10487,1396.847321428571,0.002903037579778023,0.1515798484623921
10488,42.50982142857143,0.008005214139721566,0.18807655869710707
10489,25.318749999999987,0.016106116940222168,0.2231631889778629
10490,54.59017857142857,0.32567179645236466,0.6502138203773247
10491,697.8892857142855,0.07513334760346439,0.3714209566202003
10492,-323.4625000000001,0.010570708479942926,0.2005390305832337
10493,108.40446428571425,0.09900937798615385,0.4111146888912329
10494,-45.109821428571436,0.029839262694463964,0.2644490480553851
10495,-20.646428571428586,0.44901674063949515,0.7388436735607495
10497,-53.318749999999994,0.003112427361183848,0.15237507319798263
10498,-4.650000000000006,0.6314418502719125,0.8457885246861342
10499,-49.52053571428587,0.6831855767643524,0.8714142402797379
10500,-3.079464285714284,0.772271243653825,0.9120414138193148
10501,-19.55178571428572,0.1242642145016151,0.4489673186439802
10505,10.49642857142858,0.35056265361838,0.6687489301345009
10507,-202.5598214285714,0.019292457017811158,0.23531535385013844
10509,71.46071428571429,0.021960861751002533,0.24158128810580906
10512,217.03839285714275,0.6347761175560153,0.8476810379109134
10513,-43.05535714285719,0.0870583389397831,0.39179477171229243
10514,-6.395535714285714,0.05960274244486187,0.34190601228092404
10516,-43.627678571428575,0.002526250971585216,0.1481530285803955
10518,-12.153571428571425,0.14349159905185577,0.4732418372638566
10519,229.31785714285718,0.023198985244654476,0.24529191998674985
10520,9.84910714285715,0.6041652841581474,0.8312835768633619
10521,-212.51964285714257,0.8489409570003601,0.9448662734848986
10522,-4.605357142857141,0.05918016518663845,0.34072876654348405
10523,-15.463392857142878,0.7729253991201325,0.912302927267675
10524,-25.037499999999994,0.04232323445411344,0.29818429748925734
10525,110.48124999999997,0.0069414454920888,0.18274528938036788
10526,94.08839285714282,0.11453749394384359,0.43570504066975635
10527,-353.9410714285714,0.07340395814982631,0.3679957282084865
10529,11.991071428571416,0.8774647120125749,0.955386939079996
10531,-48.568749999999994,0.11363623978367553,0.4340911877856134
10533,31.366964285714296,0.02072363398959026,0.238389808462602
10534,19.12053571428572,0.10735933991300177,0.4251681812069659
10535,17.07053571428571,0.031545869390841794,0.27017080340605815
10536,13.016071428571427,0.11008269143806944,0.42916596874296553
10537,153.23392857142858,0.0902454763312508,0.3972957132385543
10538,44.183928571428574,0.02838815518104724,0.26007412609312297
10539,24.569642857142853,0.41791378677786073,0.7188748243536113
10540,-28.409821428571433,0.44403380415615723,0.7359849138294201
10541,194.43303571428555,0.33002551988214274,0.6536076103725922
10542,-201.1383928571429,0.42139102423705954,0.7207041199865869
10544,236.41339285714292,0.33073835895103587,0.6541899926071878
10548,89.36428571428571,0.02770685241611289,0.25762095162495996
10549,1633.4285714285716,0.007725199833607269,0.18786893212895334
10550,464.8553571428572,0.04283193904796438,0.29908509162802716
10551,-9.460714285714287,0.016266678133629284,0.22369163951153315
10552,19.894642857142856,0.4268089956185692,0.7240142300536853
10553,178.71785714285704,0.08675434669122035,0.39162278601242323
10554,12.556249999999991,0.2791232670825228,0.6134114967537656
10555,6.750000000000014,0.594820111309207,0.8266604951411937
10556,-10.785714285714278,0.10709631056893967,0.42448611192749647
10557,-3.9892857142856997,0.7494030778835448,0.9018870809280514
10558,212.30714285714282,0.16315396086620262,0.4978759173053317
10559,65.09553571428569,0.5085586225805352,0.7762048471158467
10560,-427.7071428571429,0.002626042756182716,0.14883781238726526
10561,126.38839285714289,0.345847887093579,0.6648659759013127
10562,-2.1419642857142858,0.7076845038357505,0.8835132760597103
10563,286.5357142857143,0.02333708979241301,0.24574297344509852
10564,126.05089285714286,0.06767475725451344,0.35765933753840085
10565,61.74196428571429,0.10024885499053587,0.41323176617970064
10566,0.16696428571428612,0.875955023021417,0.9550675216160684
10567,294.26071428571424,0.0348050816179757,0.27973357413000277
10568,-0.3491071428571413,0.9096451827863082,0.9672841738888189
10569,-19.524999999999977,0.5305339809438526,0.7892402091830637
10570,-2.7973214285714274,0.3843498226814879,0.6943685660964551
10572,30.432142857142857,0.29242556017189936,0.6247867016170703
10573,22.002678571428575,0.36536879325372346,0.6797059025676556
10574,-143.0428571428571,0.3039856155061554,0.6335051557360192
10575,-117.20982142857179,0.6469651356981742,0.8535528916218151
10576,62.66607142857151,0.7132219865205521,0.8860579893890295
10577,1367.8205357142858,0.00862505681451603,0.19146365462186923
10578,11.754464285714285,0.13858242841666504,0.46742716062191
10579,-1211.85,7.682122316482683e-05,0.0631817094216473
10580,-1051.7250000000001,0.01316113753073743,0.21143764835680035
10581,1231.836607142857,0.014043370964318373,0.21551775732576597
10584,-6.057142857142857,0.32374093153337163,0.6488703923012975
10585,23.522321428571423,0.02636664642165516,0.2546848805012123
10586,-16.375,0.8819202190704076,0.95678747608259
10587,12.83482142857143,0.41606462108665454,0.7177158721086765
10589,11.44107142857142,0.4186822831963388,0.7191506764838027
10590,0.9723214285714281,0.8579066756988938,0.9481140721977042
10591,13.436607142857156,0.5003484749004441,0.770672250195278
10592,34.35982142857142,0.11748258886962792,0.4398055834609316
10594,-23.59196428571437,0.40222678435697373,0.707425915486137
10595,-24.517857142857153,0.33236100329123947,0.655407842997494
10597,8.13928571428572,0.6706404050689163,0.8653260042268329
10598,-70.7071428571428,0.24107180573672168,0.577719425334025
10599,1.341964285714285,0.7088806548077194,0.8842207880275604
10600,-128.3830357142857,0.0852719186485019,0.3889190367501746
10602,-107.33124999999998,0.03192297287619509,0.2713692311169547
10603,-83.09910714285715,0.039795320701508125,0.29283324851622966
10605,-266.8616071428571,0.01793542263052196,0.23028412759518527
10606,165.1571428571429,0.03852396905673518,0.2890883898129283
10607,-3.6303571428571404,0.18092158244499898,0.5203180980660497
10609,77.64732142857142,0.051072187296637914,0.3198970855656597
10610,-27.598214285714285,0.073490085822976,0.3681911887080741
10611,-2338.2803571428576,0.015024802297129096,0.21857614232472455
10612,-6.941964285714288,0.1082158455824049,0.42645966247787137
10613,202.0687499999999,0.004031425313261726,0.16375793388007792
10614,-85.1,0.006449043340434783,0.18069057216695386
10615,19.302678571428572,0.04067194709523476,0.2954216227472296
10616,74.91339285714284,0.03754025759302611,0.2865838570090341
10617,-29.774107142857076,0.5090095537043154,0.7764253836833035
10618,460.2491071428576,0.31637855749098076,0.643407016210503
10620,-4.18928571428572,0.618605021690024,0.8389912167564092
10621,2.2562500000000014,0.7642905360600368,0.9085837767238327
10622,-10.811607142857142,0.18328473114766652,0.522071484799085
10623,-5.528571428571432,0.4779298809187779,0.7573930100354825
10625,333.9142857142858,0.11281055730791953,0.4329458421718915
10626,-3.3553571428571445,0.713256834924253,0.8860811490191891
10627,-827.166964285714,0.014717991292674659,0.21752154060372378
10628,-1142.6964285714284,0.1099812700975331,0.42913971896074593
10629,-12.230357142857144,0.13819450696000166,0.46696856243059065
10630,377.39553571428576,0.21514585680856144,0.5539337510742746
10631,2517.172321428571,0.04977329164437139,0.3171093498213311
10632,-258.3571428571428,0.03862927578393092,0.2895209943093109
10633,9.900892857142864,0.3508645470661966,0.6690147732425572
10634,89.83035714285711,0.1348813515548997,0.46250472852079905
10635,51.88750000000002,0.05976157399138606,0.34202713351904573
10636,-5.077678571428574,0.3907000694899987,0.6989696434428557
10637,-114.09642857142858,0.07177574642880899,0.36498688020788056
10638,-82.96607142857147,0.05225277138483829,0.3227793780890333
10639,-0.31874999999999787,0.9703743712891525,0.9895445332443944
10640,53.49464285714285,0.021862398330283087,0.24158128810580906
10641,-11.644642857142857,0.07451168618096007,0.37025597036662655
10642,-3.0508928571428564,0.31760228969952214,0.6441619240604773
10643,21.385714285714286,0.10749107709055931,0.42535099080309263
10644,47.84017857142857,0.4062065308765732,0.710471595511089
10645,308.71785714285716,0.0047774558066086045,0.16997001039451554
10647,-9.73125,0.0840734070065361,0.38689618113646673
10648,-0.9803571428571429,0.09212966597777071,0.4001499767658937
10650,4.358928571428574,0.5744806556709382,0.814648251439105
10651,-69.32678571428568,0.2608116107668657,0.5972864810804961
10652,44.32589285714286,0.00032384753453503607,0.09222064557657864
10653,56.64017857142858,0.045899722265760945,0.3063887117846715
10654,15.666964285714286,0.3674881829367291,0.6814222479164913
10655,-21.609821428571436,0.026164971241474454,0.2542331264666102
10656,-183.27767857142862,0.002559571360974501,0.14867468905820463
10657,-412.48660714285734,0.03598237932759752,0.28266895879398407
10658,93.70357142857165,0.43204859475574314,0.7273718769546857
10659,-58.70803571428576,0.06713491131030577,0.35695947717235993
10660,0.041964285714285454,0.9720177468972345,0.9901342355021063
10661,-6.287500000000001,0.17813057364067583,0.5170846357209424
10663,21.92142857142857,0.23637276169582874,0.5733664927115988
10664,8.90892857142859,0.8444545934350864,0.9431608868928023
10665,-4.574107142857142,0.07628049328790706,0.3732112725294245
10666,12.64017857142857,0.1106598134929528,0.43019946691746264
10667,-4.96875,0.3064260658017387,0.6357675691298692
10668,3.2125000000000057,0.8769458490202922,0.9553101074952077
10669,10.374999999999998,0.23172048567225773,0.5693563524236335
10670,-82.14374999999984,0.38915581846618663,0.697725620390312
10671,-46.78482142857132,0.2790665288271698,0.6133361122171287
10672,439.3000000000002,0.02943374733274414,0.26309795218712323
10673,666.65625,0.08185954637112655,0.3826330866185846
10675,-5.666964285714286,0.19382758014687068,0.5327797971208162
10677,-110.76607142857142,0.11560548980704503,0.43778872078303877
10678,269.27053571428564,0.015247202365909153,0.21955248600370897
10681,35.050892857142856,0.17848983231181054,0.5174075297625568
10682,26.71160714285714,0.05705871634698751,0.3357749775343388
10683,-9.793750000000003,0.025431931942793,0.2520142331841042
10686,-5.288392857142856,0.33012578968121714,0.653664127433475
10687,78.29375,0.0855132470792492,0.38923050150332583
10690,-27.316964285714285,0.011184451927840256,0.20461183935253394
10691,50.56071428571428,0.06321922949814948,0.3491425629102346
10692,-4.590178571428574,0.3640441280584839,0.6788341696400308
10693,-30.149107142857147,0.007359350303268402,0.18626460794463418
10694,-23.64375000000041,0.9001772145864129,0.963738118868279
10695,38.99642857142856,0.01990301282206634,0.23677050175075656
10699,-11.732142857142858,0.025041942767126114,0.2504621285450221
10712,19.798214285714266,0.2891495631981557,0.6224112198558363
10713,-9.441964285714285,0.4131639228660512,0.7157922432004447
10714,-6.924107142857139,0.44739757905130334,0.7381465042655023
10715,-15.52321428571429,0.01172555650177255,0.2067873233484533
10716,-3.6589285714285715,0.05962015402078335,0.34190601228092404
10717,50.99196428571426,0.0985212128552965,0.4104112238372065
10718,1.5508928571428569,0.3663702921741038,0.6804040265036442
10721,-6.862500000000004,0.6041800965230228,0.8312835768633619
10723,-31.028571428571468,0.7798030462349986,0.9160109905016339
10724,-92.58482142857144,0.49267157062606715,0.7657542804306198
10725,123.24553571428567,0.2333114006946048,0.5707517151220366
10726,27.929464285714232,0.5277050256796779,0.7877714701824339
10728,-2.3116071428569285,0.9921547036761825,0.997363741140018
10730,36.601785714285825,0.8162165031351574,0.9312081323377022
10732,-2.9098214285714334,0.8928668501891045,0.9608986503836172
10733,6.436607142857142,0.22872760138754744,0.5670225167020702
10734,-0.7991071428571423,0.9041435898720764,0.9654522347568655
10735,-190.15982142857138,0.15822930776530264,0.4909260009548895
10736,23.20535714285714,0.16173091439588802,0.4953026239060761
10737,-1.884821428571426,0.6686364633286731,0.8643094931672506
10738,-16.934821428571432,0.05032231752677576,0.3184459155991279
10739,-14.772321428571416,0.10241930477846523,0.4165249864253265
10740,-15.80535714285714,0.08565152499908787,0.38965256008447197
10741,-19.662499999999994,0.3224234942456734,0.6477257696899689
10742,-54.5410714285714,0.03885585646547329,0.28996161951439164
10743,-18.227678571428577,0.3986151862853531,0.7049516531941933
10744,2.7107142857142854,0.3573790591215,0.6733880159033673
10745,10.875892857142865,0.2868141275058238,0.6202675365225577
10746,348.9964285714284,0.05988762213757404,0.3423535439205175
10747,-10.802678571428569,0.3174825956381861,0.6441619240604773
10748,-8.97053571428571,0.20556525704530063,0.5429079523211193
10749,-57.37499999999997,0.08113783294091283,0.3818394746121887
10750,4.41607142857143,0.1892102964014732,0.5282140901583123
10752,-50.29464285714287,0.0086109308841394,0.1913818257931606
10753,-10.770535714285714,0.07035665319519879,0.362404876637167
10755,15.657142857142844,0.14844212267249488,0.4793762901401564
10758,18.668750000000003,0.3005299652507854,0.6305973769078057
10761,1.5151785714285717,0.6702558250805397,0.8652349530543552
10762,177.3232142857143,0.024860115634708017,0.25018105515898037
10763,-25.26160714285715,0.3027553812682863,0.6321857038971722
10765,34.22142857142856,0.19152960939009733,0.5303561100736173
10766,-134.38125000000002,0.064756458240569,0.3520711342479336
10767,-44.534821428571405,0.16106062868448515,0.4946162136256704
10768,95.51696428571427,0.10871999279808309,0.42739902259384477
10769,-6.3125,0.8469407352647265,0.9441600266501515
10771,-540.7348214285714,0.01282597636269256,0.21086974007484077
10772,42.71964285714296,0.6488414241926692,0.8544995873334181
10773,-2.803571428571427,0.45016266301267915,0.7394018415349043
10775,27.6571428571429,0.6572697176148559,0.8590229356113813
10776,-686.5633928571426,0.016971009237880953,0.2264447208726834
10777,-151.70089285714283,0.0032011350900446535,0.15311040996027905
10778,-46.84017857142855,0.005859372948797425,0.17778091896531587
10780,5.333035714285714,0.7316320602883178,0.8943233899163636
10781,-22.09732142857132,0.6412815455119779,0.8505437844821896
10782,32.71339285714285,0.0812963799658006,0.3820922869964882
10783,71.20714285714286,3.816533674146699e-05,0.04439765502850442
10785,41.797321428571436,0.057254284067029246,0.3361128227449882
10786,-8.288392857142856,0.029624687102874935,0.26366277440929675
10787,-845.7133928571436,0.03207692837718,0.2717103135839495
10788,138.88303571428565,0.2628669122869392,0.5991668809165116
10791,29.966071428571496,0.5433482462952688,0.7969256950433978
10793,-19.839285714285722,0.11050682120940963,0.42991037780165586
10794,-8.205357142857146,0.3061540981062716,0.6353826456430148
10795,-9.876785714285731,0.506295714901592,0.7748311336864767
10797,153.24017857142837,0.3194809119695934,0.6456098041816055
10798,-6.0116071428571445,0.18261052334710734,0.5216460676770455
10799,15.133928571428584,0.436247115926303,0.7304183452234151
10800,52.53392857142856,0.11363539709394556,0.4340911877856134
10801,581.0107142857144,0.08945875867080313,0.3961604652085618
10802,418.2410714285715,0.02139189112919896,0.24020584864565522
10803,-11.854464285714283,0.0710990654640227,0.3638129531348096
10804,90.33482142857142,0.26718869274441964,0.6028615787306514
10806,2.2071428571428555,0.8559839188649512,0.9474909744200352
10807,26.00625000000001,0.15783505339602744,0.49065557735024007
10808,171.7392857142858,0.0934835626560058,0.4027749242093867
10809,12.816071428571433,0.3890042442618884,0.6976086078466193
10810,-75.83660714285713,0.2408592818472734,0.5776177124746297
10811,-8.155357142857142,0.5145679742529524,0.7801026326521999
10813,27.81964285714284,0.15559392015991338,0.4880721505876801
10814,4.219642857142858,0.3842810276933363,0.6943685660964551
10815,3.9750000000000005,0.06178903680419954,0.3461168392051469
10816,-0.7303571428571427,0.8832423237877078,0.9573725424493316
10817,-8.424107142857146,0.21959254880222215,0.5583822825813561
10818,-16.854464285714272,0.30003833227785226,0.63017039863597
10819,2.62857142857143,0.8246143948812091,0.9348855812244454
10821,-25.610714285714288,0.05676042778585808,0.33494206846851754
10824,-10.776785714285715,0.019587111551922113,0.2363066358162577
10825,-6.802678571428572,0.7069230355260997,0.8832376966828442
10826,-49.52767857142857,0.04947455355773497,0.31615488730354835
10827,21.291071428571456,0.2664532789469373,0.6022388395460939
10838,57.257142857142924,0.29204046317470456,0.6245060531678872
10840,-60.18482142857144,0.006613562585397876,0.18122967135939963
10841,-14.349107142857143,0.048569524659620174,0.3137080638824256
10842,-5.5169642857142875,0.43628414877724775,0.7304356136324838
10844,25.809821428571425,0.17542154743078406,0.5137874384149747
10845,-107.88571428571427,0.029659463338163626,0.26366277440929675
10846,-47.90178571428571,0.030914587040874138,0.268375847970355
10847,7.1250000000000036,0.35210771816689396,0.6699783559277562
10848,12.724107142857136,0.25242681282099033,0.5898016720631662
10849,3.922321428571422,0.827265330444517,0.9361827201650447
10850,-5.694642857142858,0.11704932800489182,0.4394473672091918
10855,81.16964285714286,0.001359635328230914,0.12621063085063705
10856,21.53928571428571,0.6014747520526906,0.8300685026535569
10857,106.11607142857156,0.6056384923536474,0.8319489572509288
10858,-16.958928571428558,0.05059981936057936,0.3189101006962163
10859,47.78928571428571,0.01822885423547501,0.2311905834666194
10861,-3.940178571428575,0.4225876882726088,0.7213544132471085
10863,85.69553571428571,0.12973562076477332,0.4561332574706255
10864,-19.56875,0.02185602760766068,0.24158128810580906
10865,7.610714285714291,0.5834089634603324,0.81925992236275
10866,76.21785714285716,0.04636217690691599,0.3073665602504707
10867,-15.158035714285717,0.298383795014867,0.6290392902424466
10868,20.40803571428571,0.013837663327886265,0.21493586433300613
10869,-29.849999999999994,0.19598374938310117,0.5346629488985247
10870,39.45446428571429,0.0819735022193989,0.38284508294530273
10871,22.583035714285714,0.05276825561766948,0.32355010479961216
10873,-14.847321428571433,0.2928610340085232,0.6252070217647107
10874,1.5169642857142858,0.7859133552811719,0.9189831194661464
10875,-2233.383928571429,0.012778004702957913,0.21077804466978897
10876,-2.606250000000003,0.4711199654667873,0.753105988126673
10877,-5.091964285714287,0.5413815206379369,0.7954432613371815
10878,-4.516071428571429,0.25095668025051104,0.5884710596346142
10879,-6.012499999999999,0.22084896318045238,0.5593989216077073
10880,0.31517857142857064,0.8871161555731499,0.9587701970253939
10881,-14.469642857142855,0.002379350146003497,0.14716488559292665
10882,-11.44107142857144,0.2335392804995755,0.5709695204159043
10884,-62.20803571428573,0.005203161932023742,0.17189297802622241
10885,-25.761607142857144,0.6350997257438371,0.8478749599435459
10886,-4.334821428571428,0.0013786908084512295,0.12690222214153363
10888,-5.102678571428573,0.16233771651804393,0.4963581353516831
10890,-516.1437499999997,0.1836952450218634,0.522624194698428
10891,-159.02499999999998,0.004088398054679478,0.16443054443009622
10892,10.416071428571428,0.5986581406898004,0.8288769265902058
10893,-6.465178571428577,0.37512627074981675,0.687771330714806
10894,-305.1366071428571,0.006859389045018507,0.1821044248782734
10895,-2.3732142857142846,0.38481350932459235,0.6946998158331271
10896,-7.841964285714285,0.21572382496310616,0.5547314518793072
10897,193.1625,0.026551453228381615,0.2551598488582755
10898,1.4214285714285637,0.931925934301602,0.9759064269586886
10899,622.8660714285711,0.13191003288496653,0.4586622123674078
10900,-13.993749999999997,0.12330976711569384,0.4471970512100568
10902,19.487499999999955,0.7374878721273961,0.8969461951936955
10903,-17.59553571428573,0.42841156276254483,0.7250844413802843
10904,-601.3196428571428,0.012050522881258966,0.20804485924341667
10905,101.89464285714303,0.4318883157287123,0.7272353606106083
10906,49.49642857142855,0.009425262670710203,0.19616964768932868
10907,93.80982142857147,0.5142541313545144,0.7798902925865292
10908,21.83660714285714,0.04434540550568866,0.3029312516039565
10910,254.45000000000005,0.025055197177484737,0.2504621285450221
10911,2.7401785714285722,0.8240568200893511,0.9347573991366238
10912,-64.98303571428572,0.06323850606354549,0.34914322114756635
10913,-4.845535714285713,0.5794145787121316,0.8168741273534944
10914,80.72321428571422,0.4543836891376388,0.7424298785981477
10915,-52.754464285714334,0.33686777356127207,0.658829786788616
10916,133.1017857142857,0.01478453483951567,0.21755971992092024
10917,-2.2535714285714263,0.8065125097860418,0.927329421092944
10919,13.647321428571425,0.06840080446274215,0.3590924047316436
10920,-32.881249999999966,0.609009887855712,0.8337744295500564
10921,-234.03660714285706,0.4670286519579227,0.7505163709952815
10922,-23.03928571428574,0.4938873851812597,0.7664204803674217
10923,1019.2714285714292,0.3050946631228702,0.6343020178501427
10924,71.55446428571426,0.4992592543484154,0.7699489389191213
10926,42.980357142857144,0.08440201942147216,0.38744214806902655
10927,218.0723214285714,0.04930670723180771,0.315746570379373
10928,53.10714285714289,0.1387011672369921,0.46745277190917484
10929,-71.3419642857142,0.29861134686608376,0.6291551209981938
10930,-1023.5071428571426,0.014896766614277053,0.2180087565941108
10933,-525.3330357142868,0.6433867673695778,0.8516931484561466
10935,-538.4,0.045460808790537204,0.30551607987696994
10936,-4.360714285714286,0.29515673256866987,0.6267795996889745
10938,23.09285714285714,0.41485892278565595,0.7170582404960859
10939,-803.4366071428569,0.10281531574256801,0.41692704800303393
10940,6.998214285714283,0.24743196374909965,0.5849195112213499
10942,-4.912500000000005,0.5101192232477979,0.7772652260811878
10943,42.37767857142856,0.5460625231819801,0.7984260205351776
10944,-752.4544642857143,0.004517220486036414,0.16782298714535615
10945,315.3928571428571,0.06602536081041775,0.35480024656052594
10946,-11.808928571428595,0.5279458357901857,0.7878846689375636
10947,-6.286607142857136,0.7119439455437421,0.88553666589176
10948,10.127678571428573,0.0713235378667589,0.36424783277969575
10949,-64.04999999999998,0.07197161571918374,0.36528020098371045
10950,80.30357142857144,0.112749464842188,0.4328752889717456
10951,-212.9705357142858,0.028050072094331774,0.2585799514007064
10952,1575.3508928571428,0.0022312332038043952,0.14441564549074604
10953,16.12589285714286,0.1246713182333978,0.44969021799782455
10955,327.31607142857115,0.06914387600675832,0.36055369653223573
10956,126.97142857142859,0.034105364540331216,0.2777347045341986
10957,-142.48392857142846,0.5429561254888262,0.7965366970163292
10959,1090.7678571428573,0.015155144658895297,0.21898676465652597
10960,101.3160714285714,0.017125657181782484,0.22717478780027187
10961,206.21428571428575,0.03336446467654263,0.27562693358842494
10962,-153.9616071428572,0.3434400282162294,0.6631194807838569
10963,-4.47053571428571,0.6299903998195435,0.8450296537059612
10964,67.22500000000001,0.4591456173370277,0.7454946435796753
10966,-140.9267857142857,0.010422122044367784,0.19919918727710903
10970,1173.2437500000003,0.0136067440966395,0.21361457352179491
10971,-460.41428571428605,0.6621468702502761,0.8610303032615193
10972,447.4062499999999,0.05082701972196346,0.3193608650483494
10973,56.770535714285714,0.1148869912409757,0.43648434758532045
10974,-137.32142857142856,0.004228839195137953,0.16550592912968334
10975,-661.7598214285717,0.1713797905195335,0.5083929274947369
10978,64.39553571428567,0.00018749842526493655,0.08218894428282343
10979,-975.0205357142854,0.0730943625685919,0.367440171537627
10980,-44.08482142857139,0.3387221812265907,0.6599997649255119
10981,43.794642857142776,0.42912620316500494,0.7252740270492076
10982,-82.87589285714287,0.03043195879458032,0.26655997229953204
10983,324.0901785714286,0.1953469892673976,0.5341789438922651
10985,32.59910714285715,0.2899084872685692,0.62289254298774
10987,-213.7758928571427,0.13399294087212787,0.4612131692531624
10988,-284.4937500000001,0.024081365493975052,0.2477526110470337
10989,-224.5125,0.016100965076323245,0.2231631889778629
10990,9.46517857142858,0.6607787373734048,0.8605816313544438
10991,0.5892857142857153,0.9024654926551372,0.9645690401857937
10992,34.571428571428555,0.4665141734626765,0.7502889771456619
10993,20.906250000000004,0.03974966714274024,0.2927020944147236
10994,56.029464285714276,0.0026549095471730577,0.14912403617588452
10998,0.2089285714285687,0.9753824814305784,0.9915224908843892
10999,-6.882142857142856,0.3393796934850958,0.6603209457715999
11000,11.002678571428582,0.5160386590159108,0.780870521468364
11001,8.858928571428573,0.03765204498352758,0.2869674992214993
11004,27.493750000000013,0.07118707188768067,0.3639707443583237
11005,-7.499107142857142,0.30571844546788995,0.63495369443331
11006,21.658035714285717,0.06353148822815188,0.3500185528893797
11007,36.47321428571428,0.07229290804059382,0.36575733854776715
11009,-6.362499999999999,0.28265538374701027,0.6161463641802004
11010,468.0723214285714,0.035483438625334957,0.2815161691869994
11011,-35.010714285714286,0.002215895452500816,0.14441564549074604
11012,6.707142857142856,0.10152858039904696,0.41518753801756875
11014,770.7651785714287,0.0030010041497895187,0.1515798484623921
11015,1350.5241071428568,0.023659212454698195,0.24658167002680592
11016,-19.64107142857145,0.1199830379880767,0.44242034214544973
11017,-205.53214285714284,0.054488806238496265,0.32792245251401025
11018,26.909821428571448,0.276470100439638,0.6110545459791017
11019,-4.4285714285714235,0.6690238218145241,0.8645038781503838
11020,21.742857142857144,0.00551406132526367,0.17479173462291828
11021,11.641071428571433,0.08998163016810834,0.39706278549869634
11022,4.924107142857139,0.5354904132192105,0.7920238520761307
11024,8.24464285714286,0.46691709769981404,0.7505163709952815
11025,107.48482142857142,0.006232611487139844,0.1795384221404072
11026,32.33571428571428,0.11468850101332234,0.43603322389982613
11027,39.76160714285716,0.22921704017770966,0.5673112807161389
11030,-52.4901785714286,0.506704279273351,0.7750730726270247
11031,881.9401785714283,0.02094984904632159,0.23917999511539628
11033,43.20892857142857,0.031133679385082602,0.26886198072317047
11034,-1261.557142857143,0.26369398289038054,0.5999456718616715
11035,17.45892857142857,0.03187009388568831,0.2709949274028007
11036,-2.720535714285713,0.39151890694756497,0.699574639626234
11037,10.193749999999994,0.8123430014046378,0.9297645719447053
11039,2.5607142857142833,0.9022203430376459,0.9644769673165451
11040,57.363392857142856,0.15480324277621674,0.48720107130061513
11041,-127.33928571428567,0.0006593160708221121,0.11428329961427276
11043,-36.749107142857184,0.066906353320152,0.3564248408226574
11044,60.0303571428571,0.5908416767919468,0.8242148338506636
11045,-1.6312500000000014,0.7797797423713657,0.9160032961102273
11046,91.74285714285713,0.006429165626421037,0.18069057216695386
11047,-4.083035714285714,0.7823608624956377,0.9173403422034955
11049,-3.680357142857142,0.2517939815599631,0.5892201225435015
11051,-42.6883928571429,0.46590738111595675,0.7499058589957994
11052,99.74642857142857,0.04448808310872107,0.3033552107012544
11054,10.03660714285714,0.2520074798478255,0.5893962220027406
11055,-12.258035714285715,0.020018184307216278,0.23714629801046888
11056,33.35892857142858,0.20764645634228404,0.545374933972925
11057,267.68482142857147,0.026235742268386552,0.25455886575404346
11059,-483.6696428571429,0.017276565205460274,0.2279790309620908
11060,179.7044642857143,0.21235305353918868,0.5505691958580776
11061,-11.556249999999997,0.04282201969017209,0.29908509162802716
11062,-25.92946428571429,0.002702131968477633,0.14981708025607718
11063,-2.1151785714285722,0.5517090387704685,0.8020283198957916
11064,28.98482142857145,0.39562739449902873,0.7025678029916773
11065,34.50892857142856,0.0413858192110167,0.2967797357792969
11066,-77.16964285714289,0.0250234379134359,0.2504621285450221
11067,178.29107142857143,0.05987957899334822,0.3423535439205175
11068,30.333035714285707,0.07764193913983164,0.37580320666344674
11069,8.791964285714286,0.641779744330442,0.8508148858267524
11070,20.622321428571425,0.02039064271495515,0.238009362137482
11072,101.75982142857143,0.06187892570287295,0.34625220169937354
11073,44.55446428571423,0.15374188471312245,0.48597162503149166
11074,-5.2232142857142865,0.06447311746887611,0.35147029819475134
11075,16.26517857142857,0.0386718372706352,0.2896338321878608
11076,-79.96696428571431,0.031725581982365574,0.2704812404312861
11077,-1.380357142857143,0.820345559563904,0.933088765225065
11078,44.30982142857141,0.6304636231053021,0.8452534086640817
11079,175.8535714285714,0.20831126680022705,0.5462026909793983
11080,-283.51964285714297,0.004806288736058234,0.16997001039451554
11081,-50.40803571428571,0.2237422377246296,0.5624451370315954
11082,4.683928571428567,0.7729918927348945,0.9123223256401589
11083,-34.6357142857143,0.10065376493924506,0.41388297803789925
11085,4.794642857142854,0.4074255135098745,0.7112612136770774
11091,10.200000000000003,0.2803101041964261,0.6144391190690613
11092,-7.378571428571433,0.48310129702213095,0.7601681703365761
11093,-8.55714285714285,0.2207851585676478,0.5593544573785341
11094,-18.160714285714292,0.1102519970620535,0.42938818850596955
11095,-103.89196428571428,0.13613239223010673,0.4642603076501241
11096,634.5232142857144,0.11665204897610854,0.43923351572649416
11097,16.760714285714286,0.2934143169264635,0.625508939757258
11098,763.5999999999997,0.11148200188126783,0.4312148287745215
11099,-52.16964285714289,0.1958885284947681,0.5345611318717302
11100,89.28571428571428,0.40521016672370314,0.709591501685301
11101,-97.08124999999998,0.001570791029806874,0.12991604390721306
11102,-130.32767857142855,0.041119609615185494,0.29624649567930783
11103,-69.7848214285714,0.015532929028486504,0.2201303511229911
11104,-55.876785714285745,0.002543346274448755,0.1485656597815018
11105,-0.6455357142857152,0.7766418880332062,0.9144982066249339
11107,-11.955357142857144,0.0015221943737610904,0.1290963936360878
11108,8.8017857142857,0.6211955566770959,0.840668970107676
11112,-302.8080357142857,0.005829591155159399,0.17778091896531587
11116,28.87232142857141,0.35927532663282163,0.6749374135393597
11117,47.81607142857143,0.007129650038098851,0.18463030824512597
11118,615.6723214285715,0.08628734438645035,0.39086665735950066
11119,111.7178571428571,0.04418094522242317,0.30271340020851467
11120,71.9883928571428,0.06943560230517344,0.3610453215440188
11122,-3.508928571428572,0.27637806902105194,0.6109785415082872
11123,106.38928571428568,0.03433183753172152,0.27870723341453213
11124,-79.98571428571432,0.09316762070130456,0.402206053047282
11126,-3.2642857142857125,0.6764527537617007,0.8682542436925829
11127,47.391071428571436,0.08751749895986294,0.39237550271672866
11128,5.936607142857142,0.698718374475443,0.8789300370086861
11129,22.81785714285715,0.4673458494994861,0.750760520681193
11130,144.08125000000004,0.01543983721076728,0.21981380814831367
11131,1.4517857142857133,0.6592757323402791,0.8596685109874734
11132,1.5348214285714281,0.6156211987100689,0.8372491179412223
11133,19.11875,0.14076708597741974,0.470042127183514
11135,-2.7616071428571445,0.6640363665720063,0.8619007163885327
11136,-0.5473214285714292,0.9354023041159191,0.9773380148204223
11137,176.9999999999999,0.20166112314050694,0.5395557576563356
11138,-87.46249999999998,0.0012355506012028368,0.12532423491627354
11140,-1.5598214285714178,0.921597391292298,0.9722826019972974
11141,-25.589285714285708,0.036692638805602015,0.28388424342982344
11142,-26.151785714285666,0.6102221683452673,0.8344411711104042
11143,-30.81875000000001,0.16104162995448584,0.4946162136256704
11144,-8.96696428571429,0.09551965679626767,0.40592763093518214
11145,-405.4544642857143,0.001722671872895281,0.1325702091106653
11146,-12.483928571428592,0.11711740912921369,0.43949695467151856
11147,-18.05714285714285,0.1902168646406601,0.529063193774742
11148,-5.389285714285711,0.08271736646225607,0.3839687058728312
11149,-232.86339285714288,0.012023362014201205,0.20793439714101364
11151,109.40267857142857,0.13345524556360505,0.46049707957760666
11152,48.121428571428595,0.26387023388938874,0.6001136859575877
11153,47.28571428571429,0.22367738005475302,0.5624451370315954
11154,-39.828571428571436,0.016875806600556723,0.22614381693840088
11155,-3949.5892857142853,0.009506458420942216,0.1962861080683594
11156,-136.76875,0.316270242970813,0.6433542501089814
11157,40.691964285714306,0.05280718800734608,0.32368083007865994
11159,13.823214285714293,0.10266970735656573,0.41680028584201306
11160,18.24375,0.02622574208048212,0.2545070018193752
11161,22.775000000000006,0.2219351270405784,0.5605794636858369
11162,-20.224999999999994,0.2865833836215192,0.6199630647901623
11163,-6.352678571428569,0.2972720782275372,0.6282056254991053
11164,150.01607142857145,0.013032605689927593,0.21137711545547824
11165,-383.1151785714285,0.03308031094703473,0.2750996286274776
11166,1.976785714285711,0.7070122291162962,0.8832376966828442
11167,233.76249999999982,0.8335848883298903,0.9392233314666718
11168,-396.86428571428564,0.002504819767437748,0.14794037881322922
11169,8.688392857142858,0.14231219528704223,0.4719426989336467
11170,-43.42410714285713,0.003430227662067737,0.1563368904093874
11171,-235.05892857142817,0.1288091255611243,0.4550390217777652
11172,-1.50625,0.44398057126809465,0.7359847614045019
11173,-5.803571428571431,0.35985043808703093,0.675484008047805
11174,101.47767857142858,0.12657461877979034,0.452051048747363
11176,19.609821428571426,0.08299001193387602,0.3845321103800569
11177,67.43839285714284,0.18174886937148788,0.5209225955591371
11178,18.108035714285705,0.28902992027145163,0.6223971982789206
11179,40.71339285714288,0.1710895980576516,0.5081008232656802
11180,91.63125,0.03339597597289635,0.27569454723208636
11181,-0.215178571428571,0.9094784582734341,0.9672256830874244
11182,11.095535714285713,0.1034164793730017,0.41787717165906946
11183,91.35089285714287,0.2821102876642038,0.61579113719558
11184,25.452678571428578,0.20460280088998758,0.5419629930071252
11185,-16.560714285714283,0.19935372125370157,0.537511821163139
11186,58.050892857142856,0.043017864854667714,0.29987635922995354
11187,7.383928571428569,0.29151661874934376,0.6242380891442592
11188,22.79642857142869,0.8848899288391037,0.957875959913639
11189,-3.2428571428571447,0.30975331398265504,0.6381702630944933
11190,-14.260714285714286,0.02114176794277838,0.23977010281175182
11191,130.40714285714282,0.043545905543923354,0.3012256115169488
11193,-168.06071428571425,0.0013195269308819409,0.12532423491627354
11194,-3.0892857142857153,0.3694141655563811,0.683232805962178
11196,54.066964285714306,0.050661430571178494,0.3190409717207077
11197,-256.23125000000005,0.0017371577168211996,0.1332105163635331
11198,24.625,0.3452603628681671,0.6644495468749168
11199,-3.3375000000000004,0.408012517549096,0.711581639457634
11200,0.22678571428571814,0.9806543908136448,0.9935013122171663
11201,59.88214285714285,0.14894346444237372,0.479829308528755
11202,-14.57767857142857,0.1625686426240794,0.49675722869483596
11211,-102.4098214285714,0.3082909009747484,0.6371500665580937
11212,-56.788392857142924,0.35357725664578854,0.6708017803223043
11213,75.85892857142858,0.1547517336062321,0.48720107130061513
11214,-102.99107142857144,0.5540555755588574,0.8033832650531642
11215,86.08750000000003,0.13088743745130652,0.45788410279929515
11216,69.91607142857141,0.06130757990081544,0.3451104906612999
11218,-17.838392857142907,0.3396770484571435,0.6606948207025674
11221,5.283928571428575,0.8114518140153353,0.9293778457731673
11222,242.46696428571408,0.2161527693899456,0.5552572729425244
11223,-13.383928571428562,0.054983686988772214,0.32923371877243685
11224,-107.84196428571431,0.7444510845403381,0.8995304560828986
11226,14.075892857142858,0.05122973178828346,0.3199901525347817
11227,66.25178571428572,0.00811548343168611,0.1892170817174576
11228,-69.16250000000002,0.28483408552909134,0.6179882391390107
11230,53.84910714285714,0.014047941676010237,0.21551775732576597
11231,122.8223214285714,0.2342532987351588,0.5716381914208747
11232,5.636607142857137,0.6239656091141,0.8421872143357712
11234,68.30267857142859,0.0032917698548078477,0.15408650980512376
11235,140.68392857142874,0.2623256879516505,0.5984957937227549
11236,-79.29642857142858,0.11238356674656419,0.4322993013872769
11237,40.11428571428573,0.14882734462737715,0.47975561980436565
11238,14.270535714285721,0.40352652275497075,0.7085227838945818
11240,-200.90714285714282,0.011341380392906233,0.20553197646077173
11243,-8.99732142857144,0.7416863168025796,0.8986817553581099
11244,-136.96517857142857,0.030987598446534502,0.2687269311065402
11245,9.673214285714309,0.6527419866073568,0.8565582375727532
11247,13.860714285714284,0.04742106505407436,0.30987770190408936
11248,-28.600892857142853,0.06073881816098422,0.34420552269401034
11249,-3.946428571428573,0.45652984137681574,0.7441197104955575
11250,-4.224107142857144,0.3158420670686024,0.6429473471130168
11251,-9.641964285714286,0.1112587936260979,0.4309778485161798
11252,384.2035714285714,0.1835325017220558,0.522425231877296
11253,55.297321428571436,0.02439307688816913,0.2478513825108395
11254,-8.982142857142858,0.019118789856639014,0.23441328051251287
11255,-5.522321428571427,0.38891444307107004,0.6976086078466193
11257,-10.499107142857156,0.19052482954542538,0.5292629878088785
11258,13.159821428571377,0.8725525225002656,0.9535673509449696
11259,-687.9035714285717,0.01315085364585238,0.2114151493934075
11260,315.16875000000005,0.005453722093056178,0.1743859776179868
11261,13.974999999999909,0.8942925664644261,0.9613733006575403
11262,16.582142857142856,0.1413614150018609,0.4705978248770771
11264,-12.832142857142856,0.30691833112116657,0.6360624924407664
11266,47.99017857142857,0.09297970790877312,0.4019717949211974
11267,12.685714285714255,0.5943149070843275,0.8263961859442489
11269,2.006250000000005,0.815053813043901,0.9310573320420776
11270,11.121428571428567,0.6498293259778859,0.8548774112190853
11273,-13.235714285714277,0.07976394536521822,0.37926354028957737
11274,-1.6589285714285822,0.87845257548332,0.9554665409862049
11275,109.10624999999999,0.05863561642754968,0.3399684335287676
11276,142.61517857142866,0.05215208226814241,0.32260071498539095
11278,-37.197321428571456,0.48835286413224777,0.7633504490404049
11279,-10.411607142857122,0.7842259589322175,0.9182090839448973
11280,-16.251785714285724,0.2796716216637859,0.6139457923635246
11281,-3.2187499999999973,0.4436729352099005,0.7356203824782056
11282,140.34553571428575,0.006086989819442389,0.17879430951723688
11283,-1.84017857142857,0.5502177246017894,0.8011492434781049
11284,22.812499999999993,0.06396993030257013,0.35071304346618665
11285,30.903571428571425,0.011570381006244839,0.2066643213509123
11309,214.7598214285714,0.022832426599582154,0.24448806006671736
11311,-24.86160714285714,0.41384875135294014,0.7163673931558919
11313,27.04732142857143,0.027683198885360184,0.25762095162495996
11314,81.51250000000002,0.035458579595640645,0.2814601973565116
11315,-606.9767857142856,0.4325760223156569,0.7278351031852005
11316,30.928571428571434,0.12110854846849528,0.44383738102520137
11317,-5.398214285714286,0.06622438864100205,0.3552225182932726
11318,-11.508928571428573,0.00786026463013142,0.18798333344091506
11319,-14.349107142857136,0.22726523463480464,0.5656334773725286
11320,234.68303571428572,0.07768535644813913,0.3758543262698112
11321,24.84642857142859,0.61741230583043,0.8383413331258549
11322,24.58124999999999,0.17909199632464684,0.5180875607962998
11325,75.03124999999994,0.39047859135794855,0.6988959563581317
11326,1017.7839285714285,0.03653064498233126,0.2834678941993909
11328,90.19464285714275,0.39878051720145063,0.7050677098981741
11329,104.0455357142857,0.01798419371899164,0.23028412759518527
11330,-16.06875,0.09836487272860579,0.4102961815872072
11331,-153.50803571428582,0.531473833847125,0.7899290998094808
11332,80.48660714285714,0.01224080749646165,0.20849517196955838
11333,-1.2839285714285706,0.45755114600954605,0.7445227261968951
11334,-11.666071428571442,0.5890038628182582,0.8231420443112305
11335,387.23928571428587,0.2959701323201367,0.6271185469153416
11336,-21.849999999999994,0.29831220393830155,0.6290392902424466
11337,393.1508928571427,0.16425677671251157,0.4989366675722999
11338,102.97857142857146,0.02541845504525567,0.25199529095183204
11339,-18.97142857142857,0.05892400184426363,0.3402909860915432
11340,-16.337500000000006,0.3897024459336393,0.6981317572549715
11341,265.6919642857143,0.1619439621661768,0.4956897942898667
11342,149.7714285714286,0.15426208175690173,0.4864857754205777
11343,-300.66339285714287,0.005587494759657921,0.17507163162873565
11344,-7.4303571428571615,0.7328104202488046,0.8946390471609554
11345,225.7562499999999,0.26442524314375165,0.6005670323135721
11346,-184.5839285714286,0.0049413324493126675,0.16998088121185104
22795,149.07589285714278,0.5656415312325885,0.8102528449109849
22796,-12.757142857142867,0.28184977780052106,0.6155850991936973
22797,142.08928571428572,0.0035429030288416695,0.15830078651700105
22798,-5.81875,0.22832816355871632,0.5666467040792088
22800,-265.8571428571429,0.0204197948415752,0.238009362137482
22801,12.979464285714279,0.5391447208678459,0.7940308750032581
22802,-9.495535714285715,0.012221613985954354,0.20849517196955838
22803,12.154464285714297,0.5188667030389897,0.7825232739075632
22806,41.62678571428572,0.06356763671424502,0.3500914186978977
22807,11.431250000000006,0.7063232950092241,0.883002497167505
22808,-10.345535714285745,0.7871018250060212,0.9194657919083643
22809,26.104464285714293,0.14982689502929572,0.48093979698151856
22818,170.50535714285718,0.047482732614351285,0.30998861740579847
22820,11.110714285714288,0.2995757635022105,0.6299235074716636
22821,10.081249999999997,0.435198532283368,0.7295857132960798
22822,138.79999999999995,0.16828818075983323,0.5048368420412533
22823,-49.55714285714288,0.07143891366000527,0.36447142426845375
22824,3.2803571428571416,0.54236094990669,0.796261779655441
22826,28.15267857142868,0.5240195325901523,0.7855586864926888
22827,-16.18214285714282,0.6259859320867228,0.8431868751453973
22828,17.53750000000008,0.8394381689314688,0.9416360330384699
22829,6.151785714285715,0.7884822697170959,0.9200866588712437
22832,-17.125000000000014,0.2866354516640207,0.6200313468270485
22834,-168.16875000000005,0.04694612789639743,0.3084799821021411
22835,15.714285714285708,0.1893655133416721,0.5283430264482468
22836,185.14285714285745,0.5518735006141757,0.8020529823412134
22837,-79.61964285714282,0.2289383285615197,0.5672267530794152
22838,74.84196428571431,0.017523224388030296,0.22855043385557192
22839,-24.865178571428572,0.09125545697539383,0.3987853466683905
22841,14.9580357142857,0.4857128087722991,0.7617781423259646
22843,-10.465178571428572,0.018282065367857002,0.23139659033517157
22844,-3.8928571428571423,0.2794161443910672,0.6137590974481378
22845,39.449107142857144,0.010390958437516555,0.19919918727710903
22846,28.28839285714288,0.12885775513565634,0.45513600642484175
22847,-79.59107142857141,0.007613324129594746,0.1878321840087255
22848,47.18035714285713,0.24372036092131294,0.5810393438648647
22849,-87.31339285714287,0.03309115861950406,0.2750996286274776
22850,44.37678571428569,0.14902883781219248,0.479829308528755
22852,-42.71339285714287,0.04115343398021708,0.29633399221234935
22853,-16.900000000000006,0.08910254722451308,0.39550997657052867
22854,-9.361607142857142,0.0688310190869496,0.36013889785716624
22856,950.4973214285715,0.14442321759929191,0.47431879787791675
22858,-16.183035714285722,0.24845773063812326,0.5858758284117562
22859,-21.011607142857144,0.031131169319427453,0.26886198072317047
22861,-16.634821428571424,0.08165966016174249,0.3826065321313655
22862,241.23571428571415,0.13195139070091194,0.4586622123674078
22863,-40.516964285714295,0.08216409283826923,0.38305097012584793
22864,19.96875,0.532166226611538,0.7903861595421601
22865,-11.266964285714288,0.07428993972371309,0.36980889872626355
22866,-104.76339285714285,0.008212789088536846,0.1897704920352109
22868,-40.587500000000006,0.02844636379846177,0.2601446581970724
22869,-15.177678571428572,0.0073938347182088615,0.18646582713010587
22870,-0.9401785714285609,0.9160323604550759,0.9702478061291149
22871,-12.552678571428572,0.10164700389625794,0.4153173244692755
22872,594.883035714286,0.05299329094331874,0.32416393490124623
22873,24.243750000000006,0.3267662645436446,0.6511291418725216
22874,-27.944642857142853,0.03867611538735385,0.2896338321878608
22875,-144.9160714285714,0.21557773659861287,0.5546003922445641
22876,42.47410714285715,0.20309119659086494,0.5407416834247138
22877,-71.32857142857137,0.09505770314460098,0.40523121698115566
22878,60.13214285714287,0.5065746142111239,0.775008118772826
22879,153.47053571428557,0.08763931481375883,0.39266406108680363
22880,-55.8758928571429,0.3162442994049272,0.6433254109448374
22881,-62.01339285714286,0.08285340858786083,0.38421247875466263
22882,-129.14821428571423,0.1836803689144006,0.522624194698428
22883,95.17410714285711,0.23652661995124538,0.5734344158316044
22884,38.485714285714266,0.47505336557127764,0.7554467629721795
22885,-33.61071428571428,0.0475480606752308,0.31018854759792913
22887,-248.8187499999999,0.18060027476608276,0.5198104876203188
22888,4.605357142857141,0.44432552481615495,0.7362335384829916
22889,34.040178571428555,0.6849293011339002,0.8723359393299632
22890,54.53125,0.5177685048159941,0.7819389183650702
22891,-19.076785714285705,0.6589593640547067,0.8595363713627034
22893,6.458035714285714,0.12928353082293487,0.4558286106270207
22894,-16.716964285714283,0.43527016455242507,0.7296316720392385
22895,-16.339285714285715,0.006820551227510761,0.1820260990734322
22897,49.70357142857145,0.21239509563017017,0.5505998697823505
22898,17.825000000000003,0.5370076614028485,0.7929482266929508
22899,-18.574107142857144,0.0779118424255663,0.37633956174099026
22900,78.72053571428575,0.32655060958893484,0.6509700141931313
22901,18.504464285714285,0.03317566284565324,0.2752092575057233
22902,-129.84196428571425,0.30642653570915757,0.6357675691298692
22903,-75.03392857142856,0.030918113008195802,0.268375847970355
22904,-16.95357142857144,0.07741680285229308,0.3754558396040432
22906,-118.05714285714288,0.07717021878048458,0.3750714334016071
22907,35.15446428571428,0.009302175037366864,0.195072159723324
22908,202.53035714285727,0.12960712330548055,0.45603124182554533
22909,-27.076785714285705,0.2914652341631303,0.62420139748802
22911,-80.95892857142854,0.10093637416432168,0.41419215381524227
22913,31.630357142857164,0.09473074656669708,0.40456617643881343
22915,-7.21875,0.6099065677316439,0.8343752587381181
22916,27.216964285714255,0.5848259421450871,0.8201754062171712
22917,0.12500000000000178,0.9767018218508571,0.9921134438424745
22918,-453.08124999999995,0.03360495164406181,0.2764179898935509
22919,453.99910714285693,0.036552948656680226,0.2835222411640091
22920,0.9089285714285893,0.9745020397280865,0.9910333043021834
22921,-181.43392857142862,0.00286774651225918,0.1515798484623921
22924,-24.382142857142853,0.001275879749414057,0.12532423491627354
22925,-21.929464285714296,0.005634391469429679,0.175833535154719
22926,45.34464285714283,0.1509523383496765,0.48256557909539627
22927,10.356249999999989,0.6549445455240334,0.8579811202362272
22928,46.78035714285704,0.5118651881154439,0.7785039124772928
22929,-62.74017857142849,0.3534594431788676,0.670671353663182
22930,281.6446428571428,0.03147144530939052,0.2698197529912913
22931,30.849107142857065,0.5746065283738401,0.814648251439105
22932,6.051785714285707,0.5489124524523268,0.8003433835000537
22933,-81.29017857142853,0.03873804777057343,0.28976308464809003
22934,-24.058035714285722,0.393851220285911,0.70140333728991
22936,670.4642857142857,0.065086894461288,0.3528588505234965
22937,13.181249999999991,0.27814030782964067,0.6125936560788305
22938,-183.58482142857156,0.0341436506065959,0.2778809313658278
22941,-197.1535714285714,0.023694751118143415,0.2466042590607395
22943,6.34642857142857,0.17785088367247434,0.5165391430511849
22944,13.541964285714329,0.4419861241236865,0.7344122542852901
22948,-63.16517857142861,0.44291897279876685,0.7351282507975404
22949,30.691964285714278,0.7150833252078314,0.8870714502353766
22950,-55.19196428571428,0.01990004138293988,0.23677050175075656
22953,-31.076785714285712,0.00040179977537287045,0.09656838991718651
22954,-49.55178571428573,0.01993904927232469,0.23688994327778193
22955,6.490178571428572,0.33372227271373395,0.656411369302469
22973,-8.151785714285712,0.19072117943560016,0.5295325782294974
22974,27.477678571428566,0.07443756074517742,0.3700894456435914
22976,-19.72678571428574,0.16991159448720874,0.5067165845623166
22977,8.572321428571435,0.30560030597712845,0.6348047843660765
22978,-161.4973214285714,0.04764518125952837,0.31043613512980534
22979,-11.485714285714288,0.4059888428138685,0.7102271703093447
22980,210.3098214285714,0.1337438532242777,0.4608877584165753
22981,-18.963392857142864,0.29631773852260784,0.6273747282617786
22982,-159.94107142857143,0.1309385134668855,0.45797487357996197
22983,11.578571428571427,0.24694541165523098,0.5843644398290307
22984,20.1875,0.03846604129428814,0.2890847070195864
22985,-2.8142857142857167,0.7172557328079381,0.8883288112358229
22986,-7.706249999999999,0.08709139106093942,0.3918007954128043
22987,-17.21785714285714,0.02696313944223185,0.25639246494633033
22989,-24.252678571428564,0.018840601225449227,0.23358500498898788
22990,-199.5428571428572,0.03784427447355581,0.2875397035633218
22992,118.12589285714284,0.332534777902495,0.6555613680615459
22993,14.886607142857144,0.2538153489147867,0.5909681114454501
22994,1.6267857142857132,0.6216459239907716,0.8409454163890302
22995,13.404464285714276,0.1595079184888938,0.4924671997983692
22996,-9.017857142857146,0.11760228074015414,0.4399002966876516
22997,-8.753571428571426,0.24518675144934388,0.5827522344765793
22998,-1085.7750000000003,0.00027538398992267506,0.08554897527853556
22999,-20.91428571428571,0.000593540776094915,0.11115970921555224
23001,-67.71517857142851,0.09409593427357647,0.4036321360746739
23002,-295.01964285714286,0.018113193240790654,0.23084821455483195
23005,23.319642857142867,0.21325425356979189,0.5518589697997147
23007,-2.192857142857143,0.5324856222431102,0.7904770069876268
23008,-11.72142857142856,0.6313584666897766,0.8457714842111472
23011,-215.1116071428571,0.018513182585216878,0.23234639598803716
23012,-155.98571428571438,0.15900910184820263,0.4919268173796457
23013,84.57678571428562,0.3839658950436553,0.6941551867047532
23014,-94.74196428571435,0.1400757790446951,0.4692548447560534
23015,151.4999999999999,0.41595545346397805,0.7177151707003665
23016,-34.40803571428569,0.9070730753464884,0.966413185442133
23017,-3.741964285714287,0.4843096857623456,0.7609745687575437
23019,73.27589285714282,0.227013443848582,0.5655682148191571
23020,1.0160714285714363,0.927441229271665,0.9741117490838392
23022,-1231.2383928571426,0.006089019608468001,0.17879430951723688
23023,-153.1553571428571,0.03185303012312035,0.27093410422862557
23024,-240.0830357142858,0.12066527368989242,0.443057614703362
23025,-6.65,0.1760979954872632,0.5146075211804145
23026,-6.199999999999999,0.02455081317253023,0.2485769833718686
23028,-28.70714285714287,0.12874566335080465,0.45492966538676394
23029,2.1866071428571425,0.3108903163697235,0.6392385817392869
23030,42.44821428571427,0.25395722212819194,0.591011664935442
23031,13.523214285714282,0.31931972540475273,0.6453794908511332
23032,77.95982142857167,0.37758421612294896,0.6892960606518276
23033,-41.33928571428575,0.1858498618789575,0.5246738153701216
23034,-490.27053571428587,0.08833972130624744,0.3943059227102141
23035,-5.242857142857144,0.45553917395832866,0.7433546647757661
23036,9.01696428571438,0.9408646090988072,0.9793842308304359
23037,-133.18303571428572,0.025307745283454284,0.25149054405177446
23038,-24.15089285714285,0.12191006652669534,0.44513375766976543
23039,-14.900892857142864,0.2398263349030116,0.5767033848274689
23040,-15.757142857142853,0.004567330690498851,0.16818693840239604
23041,-34.13303571428571,0.3575407570471267,0.6734889339554716
23042,10.546428571428574,0.19044040843000998,0.5292629878088785
23043,-35.75357142857143,0.009201893316312045,0.19492717908956222
23046,7.338392857142857,0.12736923305726514,0.4530115471484412
23047,138.8678571428572,0.15592461947077627,0.4884777481934219
23048,69.96696428571425,0.2008008239673346,0.5388186849545494
23051,-6.640178571428578,0.6490034019789205,0.8545143610872149
23052,-251.49374999999995,0.003575764897055948,0.15830078651700105
23053,12.810714285714297,0.23555588646475667,0.572661399363372
23054,12.012500000000045,0.7911202374098535,0.9211543755366131
23057,-22.857142857142854,0.042332080788506914,0.29818429748925734
23059,-6.5964285714285715,0.2502771329520106,0.5877707261711625
23060,9.36249999999999,0.2949570055081918,0.6266873202494182
23061,47.38928571428579,0.2223686765744239,0.5610265973746771
23062,26.33482142857143,0.05046685580872364,0.31884392666304195
23063,65.88392857142861,0.07507632482726163,0.3712865323508476
23064,71.70357142857145,0.16403438457185932,0.4988996616885126
23065,26.499999999999996,0.04463889681272767,0.3038688511281042
23066,-991.8464285714285,0.009744554852993139,0.19763498724164877
23067,130.6125,0.06028626639060519,0.34332564515788816
23070,14.385714285714293,0.17185092819347084,0.509023338686385
23071,392.77589285714294,0.033993014935107306,0.2774393954641164
23072,-10.613392857142856,0.04117076367590796,0.2963807115181393
23074,16.877678571428703,0.746380575237478,0.9004719841207075
23075,-64.83928571428567,0.15562272935436652,0.48813451479834713
23076,6.345535714285688,0.9254377243395465,0.9735931538367124
23077,-140.82321428571458,0.6980116318096885,0.8785892461231377
23078,-295.524107142857,0.018356418053448485,0.2315677438308333
23080,78.89999999999998,0.01132467786348965,0.20553197646077173
23081,20.80446428571426,0.31286176210015276,0.6406050263676245
23082,14.726785714285725,0.1146120019635517,0.43589393484677164
23085,77.90714285714286,0.2510376053093831,0.5885207559510558
23086,-3.5517857142857157,0.3515518440445962,0.6695650791043106
23087,-0.8473214285714192,0.9255949946550268,0.9735931538367124
23089,-21.512499999999996,0.000638779503171533,0.11271779854219591
23090,113.26250000000005,0.6520582003244262,0.8562609785459218
23091,-85.52500000000009,0.18866902416667494,0.5276599514317062
23092,36.476785714285725,0.09447747978272852,0.40427805510175363
23093,-11.714285714285715,0.22726723787690367,0.5656334773725286
23094,21.252678571428575,0.29610484380377516,0.6272503145923813
23095,-1534.2312500000003,0.01144195554458897,0.2062607713156617
23096,-11.89732142857143,0.21625954495156144,0.5552572729425244
23097,58.35892857142858,0.3424402216395128,0.6625471219130318
23098,5.288392857142856,0.3566312430043654,0.6729968226895935
23099,-43.605357142857116,0.06797234536245267,0.3581370321568951
23101,-4.882142857142856,0.02058291344060803,0.2382045204675808
23102,35.14910714285716,0.10703637692569898,0.4243502217687326
23105,-5.5428571428571445,0.06492641661583848,0.35244756041212955
23107,-12.437500000000028,0.5696056862672373,0.811954346686434
23108,10.136607142857144,0.7364673510367138,0.8965611065624405
23109,-42.50446428571428,0.028403478966535417,0.26008325175823493
23111,-54.96071428571423,0.1589283292596522,0.4918439125075838
23112,151.3830357142857,0.3616973990792623,0.6772167450389072
23113,3.0116071428571445,0.7216065813975048,0.8901437140515889
23114,-14.560714285714287,0.08083128787919477,0.38112135684372794
23116,-71.95267857142863,0.22107223315915636,0.5596660366506735
23118,-25.108035714285705,0.00782934369635889,0.18798333344091506
23119,22.347321428571448,0.30036758663704105,0.6304748121329565
23120,6.920535714285709,0.6649237366824463,0.8623441648824126
23122,-201.1464285714285,0.006433576642714295,0.18069057216695386
23125,-8.341964285714283,0.5467031476993894,0.7988666964316642
23126,-57.37053571428572,0.13470356027673408,0.46218494873739796
23127,12.482142857142833,0.8303393535199252,0.9377205798674331
23129,186.23303571428573,0.039932257521089955,0.2933113518652207
23130,-52.25714285714287,0.03446469151855622,0.2791144866442237
23131,-57.42857142857147,0.1507944128789601,0.4824556453951163
23132,9.920535714285727,0.3712520184670277,0.6849332442146581
23133,-4.977678571428571,0.2860535463503943,0.6193044187222324
23135,-17.290178571428562,0.1404683396045292,0.4698174874825738
23136,399.35267857142856,0.056499891635884696,0.3343234735477179
23137,-50.50535714285715,0.20955201040772387,0.547746793762523
23138,-7.624107142857145,0.19274606063838007,0.5316865644491741
23139,-82.87053571428572,0.006221699015507003,0.17952850950194416
23140,56.999107142857156,0.0346925361682672,0.27973357413000277
23141,50.21517857142855,0.0102304953543531,0.1988875360240836
23142,-169.72589285714292,0.0009777078779744336,0.12012624320955542
23143,6.655357142857127,0.8639131581170281,0.9502766651923009
23144,-9.752678571428572,0.13283736527157158,0.4598216490169786
23145,-1.1624999999999996,0.5851342973221385,0.8203974178399817
23148,-6.803571428571431,0.4202226830556219,0.7199697667355893
23149,-0.11250000000000071,0.9862427045343988,0.9952933138778727
23150,170.19196428571428,0.05913137365705739,0.340560684565906
23151,24.7392857142857,0.19110054102755042,0.5297700499676202
23152,7.33214285714287,0.5345644205214579,0.7917490971273946
23154,11.916964285714286,0.05252700245976207,0.32304992795134885
23155,38.56160714285714,0.04506637497127213,0.3046671998636769
23157,41.661607142857136,0.005401753681542136,0.17383218513143983
23158,273.94642857142856,0.08177670239563606,0.38262403352194096
23160,-5.174107142857139,0.8732423173934607,0.9538659838101036
23161,-90.55803571428561,0.12613776521289433,0.45179052165181766
23162,-9.10446428571429,0.27888453765015403,0.6132072748339971
23163,55.724999999999994,0.007454898946189657,0.18731461391678286
23164,-108.81607142857149,0.06978429388978005,0.3616956176646243
23165,-9.799107142857167,0.6483208774571607,0.8541893460864002
23166,169.1741071428571,0.10271871908775097,0.41685074476919876
23167,203.9571428571428,0.2504359131040103,0.5879272009275958
23168,-104.25357142857143,0.021507546765912156,0.2403771707739671
23169,-53.03928571428568,0.02573173891065625,0.25299097733143866
23170,15.879464285714292,0.3045590739077628,0.633894223834441
23171,-606.25625,0.0199683403996386,0.23696562421687223
23172,-64.72053571428575,0.0944237128552472,0.40417223521541845
23173,-27.049999999999955,0.2971837296940998,0.6281950401248485
23174,39.509821428571456,0.41133952837860477,0.7141550215646927
23175,-553.2366071428572,0.0034114311773782695,0.15595317694243888
23176,-85.63660714285714,0.19673449805933038,0.5351974741558844
23177,-662.4964285714284,0.00022074263902781846,0.08348620717944168
23178,48.37946428571429,0.11591125141523317,0.4383562570795798
23179,612.5714285714287,0.11698097770870683,0.4393717768924604
23180,61.704464285714266,0.2048880084917418,0.5421002615402253
23181,-146.81517857142862,0.18320762636082147,0.522071484799085
23184,524.6857142857145,0.028041882370113163,0.2585480469790788
23185,-41.59732142857143,0.015382254276941563,0.21981380814831367
23186,-8.428571428571473,0.7568037870140375,0.9052497585099128
23187,-0.2705357142857139,0.9038473160913869,0.9653432569014022
23189,-126.73303571428576,0.11806060053233584,0.44043145019824387
23190,88.6973214285714,0.21628995436634843,0.5552572729425244
23191,-129.5071428571423,0.7811890636399063,0.9168708581167756
23192,19.587500000000006,0.27174364673650486,0.6068035076707536
23193,48.484821428571436,0.03305399738597127,0.2750996286274776
23194,6.58839285714285,0.823659977087448,0.934578700187943
23195,-37.69464285714287,0.29759596138642685,0.6284521447032839
23196,271.0133928571431,0.4017816993761592,0.7069614911141989
23197,144.44017857142853,0.010701640541763485,0.20115514806731286
23198,-310.47321428571433,0.02303196395330956,0.2447895981990307
23199,-20.28214285714286,0.0012673249276998735,0.12532423491627354
23200,90.05982142857147,0.20248325143838952,0.5403275793056737
23201,44.694642857142895,0.11105798942142173,0.4306756203713904
23203,-6.775892857142878,0.8531375153903422,0.9463823578551973
23204,256.84285714285727,0.06127428042142168,0.3451104906612999
23205,-8.716071428571432,0.22070437223520967,0.5593544573785341
23207,-6.2437499999999915,0.5846543035907922,0.8200609042797989
23208,39.16607142857142,0.01717473881644987,0.2273677590289096
23209,0.5589285714285719,0.8543899572772469,0.946913467992351
23210,82.03124999999997,0.0323839801622311,0.27290291543927025
23211,78.29107142857163,0.4998679333528595,0.770344417838311
23212,-4.984821428571479,0.8762493265703339,0.9551302882030008
23213,602.2151785714286,0.2077983481677527,0.5456112262783736
23214,111.77053571428573,0.005025659526561062,0.17066952460541993
23215,583.6142857142859,0.20066248844506604,0.5388186849545494
23216,-14.50357142857143,0.006926147042823236,0.18274528938036788
23217,2.6366071428571427,0.1771444591150479,0.5156111251129716
23218,12.441071428571426,0.01673669284242418,0.22516699831681644
23219,-63.91071428571428,0.03258206086320695,0.27368630783466585
23220,-33.71964285714287,0.010719832385504141,0.20124371728636564
23221,9.036607142857143,0.2961591949381469,0.6272517522077545
23223,-39.44553571428572,0.059683988643078424,0.3419851267093181
23224,-453.61964285714294,0.017938685671623402,0.23028412759518527
23225,13.386607142857141,0.22113415848130877,0.5596940151358928
23228,-168.75714285714287,0.08730368299375725,0.3920898238043352
23229,-6.763392857142854,0.5748357207777977,0.8148062506530888
23230,-125.57053571428571,0.0034641329595003633,0.15691687101322732
23231,647.0267857142857,0.05829064728280263,0.3389387578631537
23232,-29.321428571428555,0.7525298157362431,0.9029664152082494
23233,-6.241964285714289,0.3935440689796626,0.7013142326346289
23234,69.30089285714286,0.02264435783897223,0.24359674303253095
23235,-102.82767857142858,0.0009449718538820504,0.11859210302321158
23236,-655.125,2.7986293146872922e-05,0.04250418271681325
23237,1.7741071428571438,0.7242527097246997,0.8914762751867717
23239,-25.55892857142858,0.15541731512031198,0.4878260350308891
23240,-47.675892857142856,0.04421042241503766,0.3027623114582267
23241,-47.422321428571394,0.2076128526879015,0.5453541235715188
23242,-3.817857142857143,0.8031445496335509,0.9260603199463155
23243,186.85446428571424,0.18452531037784756,0.5235558559890408
23244,197.84464285714296,0.04689259356215053,0.3083515439259879
23245,-27.714285714285715,0.04324930237918443,0.30050268237157307
23247,0.6312500000000085,0.9570282148499093,0.9851252338532617
23248,-35.47589285714287,0.3049087128463874,0.6342075219472706
23250,-4.503571428571428,0.27015920824650913,0.6052598331986985
23251,9.027678571428574,0.22480538867037014,0.563507914246859
23252,-11.42410714285716,0.2778341286115039,0.6124121992274583
23253,-111.62142857142857,0.06777451839942635,0.3578716181698462
23254,-83.66428571428571,0.4631565022987578,0.7483521564574572
23255,3.1258928571428584,0.8540515993624007,0.9467816544026614
23256,11.380357142857179,0.8265231191648365,0.9357568142468073
23258,171.36696428571418,0.2932328761535427,0.625408935200296
23259,-102.97321428571422,0.37941985841634446,0.6907872480874709
23261,-31.683035714285708,0.016233769075729924,0.22368480953012443
23262,97.49553571428572,0.03921409039962782,0.2908253177192432
23263,-25.300000000000004,0.18689569868220582,0.5258915491470336
23264,-63.63035714285718,0.8059702130142333,0.9271545671300044
23265,35.97678571428571,0.15109111896634492,0.48259583384938215
23266,-60.011607142857116,0.10447155383282765,0.41981347977435335
23268,-15.750000000000028,0.44231698897556654,0.7346643590813263
23269,26.88928571428572,0.009108190402266117,0.1945932706398352
23270,-5.405357142857099,0.9346337253075431,0.9770017385131141
23271,-43.90625,0.6171753910086526,0.8383410226677122
23272,186.30357142857167,0.232821606640862,0.5702859312791393
23274,-9.29285714285714,0.03681770129113217,0.2841337358476055
23275,7.016071428571436,0.7568719332716937,0.9052561186452399
23276,-55.85982142857142,0.018434961765665312,0.23190925420468747
23277,-46.97678571428568,0.3389518205122864,0.6600985197631525
23279,31.108928571428578,0.09806742007775471,0.4100830740153911
23281,-57.80714285714288,0.5328048089626628,0.7906821629626682
23283,-24.778571428571468,0.5616382188806955,0.8077517031533992
23284,-52.8169642857143,6.605617013638059e-05,0.05920690331486244
23285,-9.048214285714295,0.41937173175846276,0.7192369897264435
23286,9.258035714285715,0.2301536777719627,0.5679695741955471
23287,-124.10000000000002,0.04404811919221796,0.3024401502994496
23288,9.404464285714289,0.09124704858633943,0.3987853466683905
23291,-36.64464285714291,0.6125681637376992,0.835466261081747
23293,-10.837499999999999,0.12650779809079066,0.45195916229294497
23294,-61.00357142857146,0.042598249025154626,0.2987505471331874
23295,-10.858928571428578,0.4963752186067438,0.768035857972711
23299,52.207142857142856,0.3224173486180071,0.6477257696899689
23300,-41.790178571428584,0.009561305482924455,0.19669047889675625
23301,-198.61428571428576,0.18722626655495128,0.5262760847201666
23303,48.026785714285694,0.054712813698497044,0.32858337971938995
23304,-252.46874999999994,0.005358523021664305,0.1733593172837254
23305,-7.17678571428571,0.15423052034601256,0.4864857754205777
23306,13.00803571428574,0.560713630308622,0.8074247642056056
23307,139.29107142857137,0.0034409578924444466,0.15646836577448028
23308,-14.13214285714286,0.1509380569833457,0.4825653653651375
23309,15.824999999999989,0.32671901666840264,0.6511291418725216
23310,8.225000000000009,0.48267510531035646,0.7599841019458289
23312,253.81517857142853,0.03155254942505713,0.2701791074411704
23313,248.19107142857143,0.0011768532897566575,0.1240993704425147
23314,30.269642857142863,0.17987564128659317,0.5189106053817257
23315,9.798214285714284,0.2502644932934161,0.5877707261711625
23316,-9.688392857142858,0.11501916896913324,0.4367249682457871
23317,72.80089285714297,0.2110603709728013,0.549223063297221
23318,-17.18303571428575,0.4702593689518132,0.7524782028547169
23321,-196.39464285714286,0.013443023824473665,0.21281174758909507
23322,18.255357142857143,0.06640767870918607,0.35548034012547214
23324,81.30803571428572,0.009993637637970666,0.19811535092677524
23325,199.89374999999995,0.05395595037832162,0.3262598525696455
23326,36.38928571428568,0.46537964418929983,0.7495409005819224
23327,-43.75178571428572,0.0008606136290184911,0.1180986166525225
23328,-750.9651785714284,0.12680602304884098,0.4522856220799939
23329,-12.2,0.034529979203342887,0.279369652054153
23331,-29.036607142857235,0.748028288458234,0.9010850152342897
23332,-43.16428571428568,0.21336427994507481,0.5520702985394246
23333,33.28839285714284,0.10196478949922139,0.41594262696084144
23334,13.791071428571431,0.07902053360069339,0.3782566691138076
23335,-37.81517857142859,0.44916775774233664,0.7388436735607495
23336,-2608.5910714285715,0.006861181806113273,0.1821044248782734
23338,20.108035714285734,0.686713880094536,0.873154759550209
23339,33.400000000000006,0.05955886451880627,0.34190601228092404
23341,28.25535714285718,0.4063408906475332,0.710522278087689
23344,35.40178571428572,0.11614959651264001,0.4385110311046827
23345,33.03660714285712,0.6184583754508689,0.8389374206762332
23347,54.233035714285734,0.2580703926081573,0.5947404317614886
23348,-123.38839285714283,0.12672926221661585,0.4521527497380486
23349,-4.973214285714283,0.3150137741425837,0.64215971732302
23350,-87.37053571428572,0.005677971225374697,0.17598813874566982
23351,71.88214285714287,0.015584083348336577,0.22019860356290608
23352,12.533928571428476,0.8610053472582373,0.9491978498103463
23353,-785.4580357142859,0.0011451140092514512,0.1240993704425147
23354,22.826785714285705,0.5248364904471153,0.7858784182313796
23355,-7.589285714285712,0.23086022617271595,0.5689813769380294
23357,34.87589285714283,0.007149296749583887,0.18463030824512597
23358,-123.63839285714283,0.07599539929329217,0.372638639592663
23359,-0.5107142857142852,0.8320192954659755,0.9382952496023179
23360,-69.86250000000001,0.31465202464471276,0.6419253525167787
23361,-0.9500000000000028,0.9565197641141384,0.9850024127573834
23362,465.0214285714285,0.4514834951463683,0.7402332294041384
23363,-22.964285714285722,0.020112732336245918,0.23744580766467172
23365,-388.3285714285714,0.012365865032261123,0.20880286307562596
23366,0.006249999999997868,0.9988701726068279,0.9995866725490787
23367,294.65535714285727,0.06482941686958855,0.3521657592990317
23368,-32.80446428571429,0.050029785384378044,0.31770303029989316
23369,301.2732142857144,0.03302687082857617,0.2750981356722124
23370,174.79374999999993,0.007541609704360471,0.18772170189881426
23371,-14.563392857142873,0.1832327040435549,0.522071484799085
23373,-5.585714285714285,0.3431622307380609,0.6631194807838569
23376,115.64732142857139,0.14817694689234892,0.47918463188851823
23378,37.39107142857142,0.008053390580170938,0.1884121223666436
23379,-137.24464285714294,0.06481460120291821,0.35215525397690084
23380,8.519642857142856,0.5944568263702072,0.8264532504841733
23381,-1.7526785714285715,0.8009057784891982,0.92527422282614
23382,-38.93303571428572,0.0802685429239241,0.3799637983654813
23383,-14.571428571428555,0.7101908750073334,0.8849869197517083
23384,57.56696428571428,0.013439517136477596,0.21281174758909507
23385,49.47589285714287,0.1333283432266457,0.4603009729869297
23386,27.056250000000006,0.2719414011370755,0.6070378743209132
23387,-87.85982142857142,0.02594656169469165,0.25351568199783814
23389,170.35892857142858,0.11718376919469307,0.43954105748377154
23390,-121.88482142857151,0.1409936851959888,0.4701255923940546
23392,-505.4160714285715,0.0127590247522081,0.21062792220017448
23394,-32.96785714285704,0.3882599072936821,0.6971464837859465
23395,2.778571428571432,0.7096850912477529,0.8846994314501219
23396,14.255357142857136,0.49913006543691085,0.7698725693484618
23397,10.526785714285714,0.048509248432038556,0.3134602875832512
23398,8.12589285714286,0.19959255928662187,0.5376085236881978
23399,-40.74821428571428,0.08872560450500729,0.39507064307445827
23400,-2.2089285714285722,0.7325418862046034,0.8945414793373827
23401,13.50892857142857,0.709358777197787,0.8845346578623168
23403,46.704464285714266,0.3267472123966036,0.6511291418725216
23404,-9.539285714285697,0.2358428880142062,0.5728265752286785
23405,766.7276785714289,0.23346618000519348,0.5709152276551955
23406,378.7089285714286,0.020805248894768282,0.23889916147861728
23408,-79.0705357142857,0.02180512911598077,0.24158128810580906
23409,-16.986607142857146,0.200099249334635,0.5383803187525795
23410,11.454464285714286,0.01386560079069805,0.21508841205530554
23411,-47.10089285714281,0.20495409815954477,0.5421843098932219
23412,38.936607142857156,0.8320292537955177,0.9382952496023179
23413,-10.79821428571428,0.44122737313277294,0.7339295286523666
23414,-201.49374999999995,0.0025016974841138356,0.14794037881322922
23415,3.182142857142858,0.2930392905855025,0.6252838768072582
23416,-9.695535714285715,0.2777498571975479,0.6122882607159073
23417,-55.93482142857144,0.03237405168397496,0.27290291543927025
23418,-3.125,0.6153928114709158,0.8371102535744261
23421,120.97410714285715,0.03289103668182714,0.2747620214788234
23423,185.71339285714282,0.008832924618985645,0.19250835708334307
23424,-2.096428571428561,0.925283353897881,0.9735560652445278
23426,-12.06428571428571,0.08533875482013817,0.3890114620444228
23428,21.777678571428567,0.2839068986148352,0.6174457269776327
23429,164.28571428571433,0.06017852749653845,0.34314751753866973
23430,-7.680357142857143,0.19651938289690526,0.5350678382495042
23431,-7.367857142857147,0.176657797083591,0.5149629941549936
23432,-11.818749999999998,0.06757208713929481,0.3575129270817463
23433,-779.1866071428576,0.032722496224774515,0.274059394206436
23434,-1.4321428571428574,0.1141031509811844,0.43488470321247247
23435,83.982142857143,0.4825233883529379,0.7599586996455964
23436,-9.31785714285714,0.12211056410619105,0.4454790880433706
23438,-32.5526785714286,0.2974405097931021,0.6283347451100324
23439,-700.3428571428572,0.015401545261629963,0.21981380814831367
23440,-11.711607142857138,0.027935721755878384,0.2581450985712789
23443,41.76339285714289,0.030866710187063273,0.2683048298056732
23446,314.78928571428577,0.0036695327677715665,0.15958327779014342
23450,21.378571428571462,0.14553722765956414,0.4760258388541918
23451,-623.8160714285718,0.012343245860018207,0.20877515845362288
23452,567.9223214285715,0.1452872224455266,0.4758343648741564
23456,-59.084821428571445,0.05361261545256821,0.32551579676503795
23457,-23.774107142857147,0.24562101061509659,0.5831232633686672
23460,-17.752678571428568,0.32781464779562347,0.6521820052480064
23461,-207.56964285714284,0.0016847761704985719,0.13181696481672592
23462,-361.71428571428567,0.0021140129250866607,0.1434502124029874
23463,-46.12053571428578,0.3896874515908179,0.6981317572549715
23464,-5.491964285714289,0.555805014900362,0.8045282005103594
23466,46.38125000000002,0.49384150243299846,0.7663985982116442
23467,-18.512500000000003,0.014626500503191,0.21752154060372378
23468,303.8205357142858,0.22763287640190252,0.5658737618111312
23469,-64.17232142857148,0.04540881847328397,0.30550122625276593
23471,743.0142857142855,0.06411616451009164,0.35102406523191204
23473,-12.533035714285717,0.023491452970150647,0.24618049758656588
23474,55.22589285714284,0.002384784428629776,0.14716488559292665
23475,25.989285714285707,0.1746844817417043,0.5129267841856464
23476,61.2705357142857,0.5570423796404184,0.8052396971778489
23478,241.30178571428496,0.6655349837610997,0.8626461266037211
23479,-187.76517857142858,0.2903478975680684,0.6233377802778147
23480,334.4249999999999,0.012569750181348111,0.21020770866237104
23481,-2.021428571428572,0.06369413009266015,0.35018070559545844
23483,31.615178571428572,0.10778054692834102,0.42572615252904533
23484,87.63928571428573,0.24592878904453624,0.5834207135114653
23491,-31.24732142857144,0.06601384848458552,0.35480024656052594
23492,-67.2571428571429,0.02340425458861943,0.24598762392017826
23493,-35.58125,0.09501500537789472,0.40519958292285607
23495,3.372321428571432,0.7498707875642548,0.9019914688493147
23498,0.025892857142860493,0.9965903344867314,0.9988946638357044
23499,-85.31785714285706,0.5201620737549264,0.7830789521050333
23500,-7.975892857142853,0.621314748578396,0.8407365452436967
23503,57.844642857142844,0.018668712995269256,0.23299543689635432
23504,-7.827678571428571,0.22306733537028742,0.5615802244956469
23505,-23.62232142857141,0.7092662318010767,0.884501946529124
23506,50.60982142857148,0.3827267849722165,0.6933255858301457
23507,27.210714285714275,0.381393558909084,0.6925744531509087
23508,-10.808928571428574,0.42559503436670904,0.7233038607441428
23509,-6.758035714285715,0.3487432046733319,0.6673858019391232
23510,2.683035714285708,0.7767869511395941,0.9146092883659419
23511,21.627678571428568,0.08578762845222052,0.3898648440622969
23512,151.28125,0.1325709202346199,0.45944886048686057
23513,-9.743750000000006,0.7145349864139386,0.8868142374029385
23514,8.883035714285718,0.2817674924619823,0.6155850991936973
23515,-6.883928571428555,0.9448671323307086,0.9811779849054192
23516,1835.1928571428575,0.03057037125605575,0.2672174786462302
23517,-90.23928571428576,0.042327295560022085,0.29818429748925734
23518,-70.00357142857143,0.1078016388013781,0.42577870414399677
23519,-0.0026785714285697537,0.9995239124756914,0.9999079649176351
23520,1.3125,0.5749562351469278,0.8148135149478591
23522,-50.26428571428568,0.3236864807408584,0.6488703923012975
23523,20.77589285714286,0.008495239570624771,0.19074068353740092
23524,213.38035714285706,0.040055551416592595,0.29367358863830406
23526,131.8339285714286,0.08120458779317795,0.3819984073190668
23527,133.5133928571429,0.07646409776040718,0.37377510460887464
23528,55.59821428571422,0.17146910161535578,0.5085199138001506
23529,0.29107142857142776,0.9675928204517432,0.9885456384568364
23530,-427.03928571428565,0.02442596479472143,0.2479097132265443
23531,-471.59910714285706,0.20053261880612377,0.5388012603515933
23532,-1.650892857142857,0.6656506603646337,0.862734380832911
23533,56.92767857142859,0.04820175021265987,0.31255107837727447
23534,-24.352678571428584,0.1419740791320285,0.4716501909402754
23536,2.1821428571428427,0.8670209879630081,0.9514476340821035
23538,-17.367857142857147,0.042755659557076484,0.29900724853262506
23539,-4.049107142857141,0.4754767160977236,0.7555644399629732
23541,-11.278571428571428,0.0604044765150225,0.34337853539809265
23542,-13.401785714285715,0.05316713801402759,0.32433624078093254
23543,-159.8866071428572,0.29630944631105016,0.6273747282617786
23544,-10.133035714285711,0.36175202705062287,0.6772167450389072
23545,37.32678571428571,0.0020774573690354723,0.14305164619125957
23546,-4.736607142857146,0.4638209228835318,0.7485847925375207
23547,-22.197321428571435,0.04011787923657169,0.29379119304306955
23548,-58.10803571428569,0.0757833442881569,0.3724243073423383
23549,17.04642857142857,0.3547340746352301,0.6715950904484068
23550,19.692857142857143,0.03634708524427366,0.28322640475940836
23551,-8.514285714285716,0.09306876361375177,0.40219211591699955
23552,6.595535714285713,0.3199681839578397,0.6459260248816603
23553,-35.44375,0.024100178821427173,0.2477526110470337
23554,-130.10625,0.12549579278523668,0.45098752208391085
23555,-10.496428571428567,0.5358086560702567,0.7921084325827733
23556,-4.239285714285728,0.7563381128502709,0.9050334045366488
23557,-27.577678571428606,0.4865579999153091,0.7624281283373435
23558,11.603571428571442,0.44125090221248847,0.7339295286523666
23560,-80.77053571428564,0.1224097940341955,0.44588644162689134
23562,-0.13660714285714093,0.9873773896669585,0.9956999295444494
23563,2.6517857142857153,0.6858276954697188,0.8728295256117612
23564,-14.538392857142838,0.3391529908343251,0.6602116507276707
23566,-16.795535714285716,0.053863094331803224,0.3262598525696455
23567,-9.791071428571442,0.5405306522295173,0.7950005684173842
23568,60.17321428571428,0.025699765537219654,0.2529495374882961
23569,-6.3848214285714295,0.006611415216588431,0.18122967135939963
23576,-175.64732142857156,0.4892926834745042,0.7636904787030693
23580,-6.9803571428571445,0.635852940967787,0.8480779534899557
23581,-1.748214285714286,0.6964384591348097,0.8778809652765581
23582,8.192857142857122,0.8859223151137139,0.9583188950381876
23583,6.611607142857139,0.44670519885460896,0.737558503512199
23584,-8.25357142857143,0.07711084706806201,0.3749586947212994
23585,723.5883928571429,0.012816064041008655,0.21086974007484077
23586,-24.597321428571405,0.4570048947015759,0.7442289455474076
23587,20.94464285714286,0.1352922496845036,0.46289760647686073
23588,-326.59642857142853,0.01102979890229628,0.2034745413576057
23589,13.692857142857143,0.2318191877330335,0.5694709120413177
23590,2.9482142857143003,0.7981758049910733,0.9242880893336214
23591,-11.391964285714288,0.04431297354853434,0.30287408662826065
23592,16.231249999999932,0.829974870402462,0.9375800834556738
23593,-249.3125,0.021034675578999244,0.23937255788545253
23594,31.484821428571436,0.10644217474987348,0.42375041328115065
23595,-43.764285714285734,0.17276430868032214,0.50998210652719
23596,96.95089285714286,0.014535672637547903,0.21716162281049847
23597,64.65357142857141,0.1904012664068035,0.5292150496056114
23598,-6.336607142857144,0.26293875264973454,0.5991668809165116
23600,-18.371428571428567,0.0021151616275818423,0.1434502124029874
23601,110.2125,0.02466908475779604,0.24912859422469494
23603,259.55892857142857,0.06727962352760494,0.3570332918504783
23604,-4.700892857142854,0.5562891911736586,0.8048256191798159
23607,35.43214285714299,0.4429934878341478,0.7351403450187279
23608,58.736607142857224,0.46409386580562306,0.7487893498370795
23609,18.02857142857141,0.36420834650416695,0.678932030050738
23612,16.28482142857144,0.060522967726084294,0.3436173465436935
23613,57.48749999999998,0.13369717878035464,0.4608140484029433
23614,-2.573214285714286,0.15422576585086914,0.4864857754205777
23615,4.828571428571429,0.46298313321463874,0.7483406022499388
23616,-5.716964285714289,0.32806322671321114,0.6523332456275809
23617,36.682142857142864,0.0037876805029403,0.160651413363456
23619,0.2678571428571317,0.9749176795866092,0.9912527268084551
23620,-1.2232142857142856,0.10860996583060735,0.4271507611702242
23621,41.65446428571429,0.0404571244550288,0.2950393375294835
23623,-1.3410714285714391,0.9457562569914029,0.9814976719877941
23624,11.64375,0.06994001528872093,0.3618543890832443
23625,14.07678571428572,0.19405688603045895,0.5329657393874001
23626,-9.962499999999999,0.017283074374101846,0.2279790309620908
23627,-3.9357142857142833,0.6220709187347874,0.8413329906947138
23629,-5.139285714285716,0.5012083784486796,0.7712797098700128
23630,-4.408035714285715,0.2920203063479227,0.6245060531678872
23632,-24.01160714285714,0.002755871267645607,0.15053197737333318
23633,39.10982142857142,0.268690582375258,0.6040785613815024
23635,-60.40178571428572,0.00794753730421337,0.18798922119860817
23636,102.17499999999998,0.00834401503483696,0.1902441948888578
23637,-57.49821428571431,0.601912960170007,0.8302745186894853
23639,-3.392857142857146,0.7115005019967354,0.8853336917618291
23640,0.03750000000000142,0.995925840111519,0.9986728469997056
23641,16.240178571428558,0.3329264500156103,0.6556814269397537
23642,115.56696428571428,0.47715458558236856,0.756948647240481
23643,470.9758928571429,0.020622118026963423,0.23822402347860241
23644,9.18482142857144,0.3817833783331099,0.6927133829245862
23645,-9.762500000000017,0.29012019980759507,0.6231459808790882
23646,204.5133928571429,0.005301589792679597,0.17223304559742367
23647,23.29464285714286,0.04555945056729102,0.30575852232677636
23648,23.162499999999994,0.3438287533052466,0.6634944849142101
23649,13.188392857142855,0.08912608110418359,0.39553077385327806
23650,-17.513392857142858,0.007476959608496061,0.18747939041973874
23654,190.77142857142857,0.006631416102403057,0.18122967135939963
23657,16.26517857142857,0.3065413304387541,0.6357992048606398
23658,96.32232142857143,0.04061562685230862,0.2953183248427034
23659,39.44821428571429,0.012577750300284915,0.21020770866237104
23660,-15.938392857142858,0.022747500089822244,0.24421434498221112
23668,-3.2553571428571466,0.46773340089744253,0.7509933646672707
23670,53.61785714285713,0.02733585016381588,0.25715973243274204
23671,-54.941964285714334,0.767084030244055,0.9097288480671925
23673,123.87232142857147,0.1776410054343489,0.5162452543559453
23676,-1624.6035714285715,0.015433634388641478,0.21981380814831367
23677,-17.5526785714286,0.6508469869467454,0.8554487759628453
23682,-8.421428571428574,0.36049013576965794,0.6762541473830752
23683,32.63214285714285,0.3155083936679417,0.6425934596310192
23704,-66.79642857142858,0.169571734601847,0.5061324702126861
23705,152.0169642857143,0.09614133727458622,0.40672606124172095
23708,1.972321428571405,0.9401897641243929,0.9791634755703285
23710,-21.64821428571429,0.7196672130834144,0.8892815139870255
23729,-17.303571428571445,0.12969418265154994,0.4560969999686835
23731,-301.75714285714275,0.000120622505303901,0.07442052704013513
23732,-15.757142857142856,0.24715526411211844,0.5845827160983766
23741,-119.16339285714298,0.3365828672912193,0.6587074722337485
23742,-1.4741071428571422,0.6248302370678624,0.8426750097524696
23743,-27.51785714285714,0.008378084128507091,0.19027189111609685
23746,-2.091071428571425,0.7378626246277542,0.8971410558958027
23753,118.41339285714284,0.019711437242501566,0.23641453220133712
23759,23.877678571428575,0.009824167651141417,0.1979263415238281
23760,193.1428571428571,0.2944616943258645,0.6263497174473484
23762,-9.649107142857144,0.0577467701363685,0.3374630886282544
23764,220.58482142857144,0.360151355493614,0.6758864337754289
23765,89.23035714285716,0.017473337362489412,0.2284444572678404
23766,-562.2848214285714,0.2872608573233432,0.6206673532564233
23767,-117.35267857142856,0.010183094088139435,0.1988875360240836
23769,-8.282142857142858,0.3228091703702117,0.6480243571005773
23770,8.310714285714287,0.18178924060883733,0.5209563777078557
23774,16.79910714285714,0.5071246444512465,0.7753308663137767
23780,34.44196428571429,0.1011714790412913,0.41462788520969956
23786,-112.72767857142861,0.016343625952937504,0.2241849746414504
23787,370.4321428571427,0.01993652689629666,0.23688994327778193
23788,-80.31964285714284,0.0271276176046496,0.256901229998752
24137,5.481250000000003,0.5115777885793709,0.7783181412652393
24138,61.50803571428571,0.3026167854201511,0.6321135718375076
24139,-18.964285714285708,0.09383017008688475,0.4032831184262577
24140,72.87053571428571,0.04658030930057905,0.30780498078428326
24141,13.559821428571428,0.527415665405024,0.7874723915459103
24142,-0.8901785714285726,0.9235947901269291,0.9731581641821694
24144,-5.025892857142864,0.7939660993575072,0.9225591125594361
24145,8.336607142857147,0.4508030526721996,0.7399032452225178
24146,-11.426785714285721,0.3257748011406665,0.6502716594818175
24147,15.398214285714282,0.3990639728545658,0.705299512064282
24148,17.944642857142853,0.41559204545800865,0.7173713849889772
24149,20.94553571428571,0.2397014022277773,0.5765053828368341
25758,4.085714285714282,0.68135340167335,0.8705123726190277
25759,-19.84196428571429,0.03224208781442748,0.2723181799564303
25763,2.291964285714286,0.41675086875951783,0.7180717808340678
25764,-5.5142857142857125,0.6637951489396463,0.8618174524671403
25766,-10.52767857142857,0.014880453741176308,0.21795848441472968
25769,-3.557142857142857,0.535029116685172,0.7918123905035128
25770,-7.112499999999997,0.37126802143493326,0.6849332442146581
25771,99.11875,0.0717659811011864,0.36498688020788056
25774,1.0982142857142865,0.741858611882393,0.8986817553581099
25775,-0.19464285714285623,0.9768354052071883,0.992156580886528
25776,7.068749999999994,0.8393213756922356,0.9415629737776064
25777,120.50982142857143,0.0007771303435464653,0.11789051123565568
25778,-33.50803571428571,0.11453842797524295,0.43570504066975635
25780,-23.729464285714272,0.4885629752520983,0.7634087137829101
25782,-90.97410714285718,0.04295749296231374,0.29969387874371617
25784,-14.063392857142855,0.006570789001398769,0.18109948666886078
25786,13.296428571428573,0.037038537188013025,0.28478160888125614
25787,-0.6857142857142833,0.9078289209833222,0.9667177862790955
25788,0.7901785714285694,0.897552893837501,0.9627391848736658
25789,0.6991071428571427,0.8242588031756067,0.9347760752286735
25790,4.8535714285714295,0.14128694043123138,0.4705257989194863
25791,81.15089285714285,0.05298030238692431,0.324124206445685
25792,-8.919642857142858,0.13771308443068775,0.46636499790943653
25793,109.22142857142859,0.07305880047612565,0.367440171537627
25794,-4.327678571428572,0.3525049814395909,0.6700446985830274
25796,75.49374999999999,0.004366458161971628,0.16595406639301308
25797,54.464285714285715,0.01564394750620783,0.22054348366594084
25798,327.52410714285713,0.003736424919046497,0.1602882911582296
25799,4.630357142857147,0.47381756390277235,0.754770133915569
25800,718.9348214285715,0.06981144710841039,0.36170037620723333
25801,243.9625,0.18236685204005104,0.5214850330466533
25802,-77.97678571428571,0.0051308222047789865,0.17182093284629854
25803,-26.832142857142856,0.14083198880920791,0.470042127183514
25804,-47.37232142857147,0.3098782787397088,0.6382146130100232
25805,7.816964285714292,0.5370747980580824,0.7929724982805124
25806,-5.929464285714289,0.37532481118149624,0.6878915051707009
25807,-3.581249999999997,0.772030553652508,0.9120305263901171
25809,0.3687499999999986,0.9632838838957662,0.9875744579441426
25813,-328.1544642857143,0.028843281518105626,0.2612977279769292
25814,-334.17232142857154,0.10309777832072176,0.4173914127867799
25816,525.78125,0.014262350848553826,0.21666963952338997
25817,3.5035714285714272,0.555623820782178,0.8044548656459207
25818,-2.658035714285715,0.4403473592428285,0.7331970602247967
25819,7.344642857142857,0.16581403696221267,0.5009328362752226
25820,-83.79375,0.00024140814820702044,0.08348620717944168
25821,-34.77946428571428,0.051148120180556776,0.3198970855656597
25822,-28.030357142857156,0.049085283398942026,0.3151776711494017
25823,-9.239285714285716,0.07382518181692281,0.36861689661896346
25824,107.78125,0.17124080742731304,0.5083391869957835
25825,107.05892857142862,0.0835376931684019,0.38576210928905186
25827,1.6035714285714278,0.9051425973870814,0.9655760933435833
25828,-26.924999999999983,0.4223329123425219,0.7211932023607608
25829,108.57142857142856,0.06056565207552103,0.34370383870130106
25830,-1.2955357142857125,0.8174890031271307,0.9317922624661414
25831,-508.9392857142856,0.07941543581954702,0.3790049667825186
25833,2.1991071428571436,0.5164036704155082,0.781120198084654
25834,17.8875,0.528230402124075,0.7880432545535704
25836,143.74732142857147,0.009902996391612942,0.1979263415238281
25837,9.103571428571431,0.21806881238642928,0.5571634415778626
25839,18.001785714285717,0.3952265734645784,0.7023057383035045
25840,255.1267857142857,0.7707369524750173,0.9115696737166127
25841,-37.691964285714285,0.004266333549753727,0.1656601559416456
25842,-60.47232142857143,0.08625227842601874,0.39074018750042044
25843,-300.7866071428572,0.008813627269129876,0.19242269651444172
25844,33.03660714285714,0.12464740959931105,0.44967761709145554
25845,-4.831250000000004,0.4151121866830041,0.7172146881622136
25847,-255.10089285714253,0.30224313502060457,0.6317725981997186
25849,-52.61696428571426,0.05011093885669212,0.3178440350336011
25850,-9.578571428571426,0.305209544830156,0.6344034706544357
25851,110.39464285714286,0.03465348424820211,0.279703057053383
25852,-220.65267857142857,0.006810431324039017,0.1820260990734322
25853,95.27678571428564,0.13430109085902606,0.46141490936609103
25854,-33.699107142857144,0.0016347599550846303,0.1309387796037227
25855,8.174107142857153,0.620689033115738,0.840187196371039
25858,5.9428571428571395,0.4384577227570409,0.7317518797339265
25859,17.622321428571425,0.1614012595877081,0.49499163631965587
25861,5.333035714285714,0.29876192688610315,0.62922990572025
25862,-9.224999999999998,0.00980886955182071,0.1979263415238281
25864,12.037499999999994,0.5326268583276661,0.7905682886053085
25865,87.56517857142859,0.024289648864318024,0.2478513825108395
25870,-35.408035714285745,0.06893074984250007,0.3601569044357763
25871,48.50089285714307,0.6746589859028672,0.8673990965554852
25873,252.96517857142857,0.1271780263509392,0.4527580798761297
25874,-116.76160714285714,0.11616871530182733,0.4385110311046827
25875,54.037499999999966,0.22460296231838134,0.5633433384879307
25876,-3.8232142857142932,0.6442511877199698,0.8522042100546529
25878,1796.1241071428576,0.0012915473405675254,0.12532423491627354
25879,129.0223214285714,0.19398466530072525,0.5329657393874001
25880,20.893749999999997,0.10131629940125612,0.4148889125508512
25884,-7.918749999999999,0.1590677793899352,0.4919969925974264
25885,-4.374107142857142,0.5536202082053565,0.8030616519028907
25886,8.199107142857141,0.23883088245945053,0.575600744885412
25888,-19.722321428571433,0.02344760909819031,0.24613567125077165
25890,-556.3616071428578,0.6657869082797782,0.8628519236185629
25891,-24.579464285714266,0.49695301988128665,0.7685383934493791
25893,26.72142857142857,0.18130241232202776,0.5205885290956173
25894,-11.857142857142861,0.5800705408561798,0.8172009890577231
25895,27.027678571428567,0.12429608047726037,0.44898838531277824
25896,-8.249107142857143,0.03939131568245311,0.2912006740046138
25897,16.36964285714282,0.8912316383193614,0.9601795566108473
25898,-123.37678571428575,0.16575053984595034,0.5008240268625219
25900,86.33392857142854,0.09291476411110158,0.40184635810058095
25901,79.05803571428572,0.09244430489898504,0.400887719729696
25902,-5.458928571428574,0.14482310111655752,0.47502567961772046
25903,59.82589285714286,0.3321076530178615,0.655168173507183
25904,7.551785714285714,0.3734342440443036,0.6864415442819493
25906,8.344642857142844,0.4461963602732909,0.7374074649922805
25907,68.69821428571429,0.20168500450515803,0.5395753425692195
25909,-105.76428571428568,0.036315370081691556,0.2832235980698634
25911,42.859821428571394,0.1486532302924606,0.479565421868002
25912,-513.1964285714289,0.3044494582841688,0.6338718040548178
25913,80.22946428571427,0.012967331036687511,0.21137711545547824
25914,-19.522321428571423,0.14788304175109218,0.47885739768534724
25915,26.48571428571428,0.25710897771137237,0.5940178895571216
25917,-75.77589285714282,0.1232163824720136,0.4470672049676384
25920,20.659821428571448,0.12290472375556637,0.4465209835111745
25921,31.014285714285677,0.47678276491130583,0.756671727134935
25923,269.9339285714286,0.232322797909329,0.5697775487388672
25924,-36.21607142857144,0.20259959677563089,0.5403996900828535
25925,43.73214285714283,0.40510369139817176,0.7095641302961729
25926,-19.22321428571422,0.6443552271359735,0.8522042100546529
25927,213.2598214285715,0.13106391045303795,0.4580519204556616
25928,-2.7419642857142863,0.41051165965016234,0.7136241507845106
25929,-0.9401785714285467,0.9398231767758067,0.9789638246150095
25930,12.223214285714278,0.2560998167281897,0.5932657181431138
25932,418.50178571428523,0.27173892957061146,0.6068035076707536
25934,43.64017857142852,0.3154014693777636,0.6424953553736671
25936,173.31964285714298,0.2230244995144731,0.5615802244956469
25937,308.8749999999998,0.4665809964666749,0.7502962072921058
25938,15.800000000000068,0.7262598707525884,0.8921021945173775
25939,1155.4062499999998,0.11917344092935062,0.44159851980450837
25940,74.91250000000002,0.5589086411756244,0.8062883893476851
25941,33.377678571428575,0.029658433441706857,0.26366277440929675
25942,12.432142857142878,0.6344279189328981,0.8476454344278432
25943,-58.707142857142856,0.09546549635688352,0.40587069629983763
25945,-32.46964285714287,0.1523008103723397,0.4839757436792981
25946,-16.93571428571431,0.46323570189828045,0.7483521564574572
25948,-26.333928571428714,0.835129773449284,0.9399464853089794
25949,-120.57767857142846,0.03731138418639093,0.2858641311375573
25950,-7.1982142857142435,0.7113218346891022,0.8852982254485615
25953,-35.878571428571405,0.4506986724456131,0.7398207612574726
25956,-3.5874999999999986,0.22259275366319134,0.561238159107251
25957,-719.6535714285712,0.09459982987088036,0.404512241049789
25959,-372.6999999999998,0.23428979680742484,0.5716381914208747
25960,13.153571428571425,0.1431128596518715,0.4727845531103105
25961,-24.624107142857138,0.003855820215102353,0.16171055949029417
25962,-15.49821428571429,0.017771053000045573,0.22973005559210727
25963,-32.93392857142851,0.7747465656691959,0.9134271030742072
25966,22.314285714285717,0.5889323019669876,0.8230753650287953
25970,-13.987500000000004,0.16343508596420808,0.49821371478636267
25972,215.66875000000005,0.02883776006741256,0.2612977279769292
25973,11.574107142857137,0.14334031636999298,0.47299968601179104
25974,3.5089285714285694,0.6903119286738698,0.8750128599305381
25975,67.21785714285713,0.7075295178340072,0.883402064114509
25976,-18.611607142857167,0.670401850550423,0.8652611212490549
25977,63.114285714285714,0.07355844179753883,0.3682299766783039
25978,49.15625,0.318580859541297,0.6449209490462157
25979,-40.13571428571427,0.18718620035429184,0.526217569251422
25980,12.7401785714286,0.3684153250905971,0.6823546036357857
25981,-8.195535714285713,0.04060322874953471,0.2953183248427034
25983,-85.8544642857143,0.02038516724248313,0.238009362137482
25984,0.47946428571428434,0.9090795207404047,0.9670023890366074
25987,-15.143749999999997,0.5979610163586484,0.8285650202597471
25988,18.175892857142863,0.2073687347930318,0.545175765313973
25989,-16.44375000000001,0.30706294693645825,0.6361080670858051
25992,212.36160714285717,0.06768506179658314,0.35765933753840085
25994,-459.5562500000001,0.3599903738597541,0.6756538975930128
25996,490.8196428571425,0.1435529249891653,0.47332988624910216
25998,-136.72500000000014,0.18839379124379824,0.5275508597313531
25999,12.59910714285714,0.1601017129104804,0.4934285017278676
26000,22.55357142857143,0.1397174487669696,0.4688260409558158
26001,10.817857142857122,0.53852890001249,0.7936052143789085
26002,28.771428571428576,0.022526695833644007,0.24307225078043931
26003,317.33928571428567,0.03365564829286829,0.2764211875524659
26005,26.549107142857125,0.08823952647418622,0.39400052452589457
26007,-9.803571428571423,0.2514165816011622,0.5889546529153189
26009,38.40535714285721,0.30167960625520307,0.6313620084977312
26010,-19.07053571428571,0.9006593023843377,0.9637890809131576
26011,-2.016964285714284,0.7969526703905716,0.9238157982853408
26012,0.11428571428571388,0.9454037396177851,0.9814057392580314
26013,-6.441071428571426,0.11405824249814464,0.43488470321247247
26015,2.4223214285714434,0.8364489352171415,0.9405212448945443
26017,61.07767857142858,0.15772201205990907,0.49065557735024007
26018,-103.25624999999991,0.2308115356211207,0.5689126638754294
26019,-15.177678571428572,0.635446167091067,0.8478749599435459
26020,216.08125,0.004376973133226523,0.16595406639301308
26022,78.95178571428573,0.002945994799158542,0.1515798484623921
26027,4.550892857142854,0.4324313905723739,0.7276393770825884
26030,-9.12232142857143,0.26086152504291116,0.5972864810804961
26031,96.72321428571429,0.04871759088026508,0.31425605018623093
26032,102.87767857142858,0.19954461372391696,0.5376085236881978
26033,-15.225000000000001,0.20309646833060088,0.5407416834247138
26034,16.605357142857137,0.40610051307016537,0.710331612774691
26035,3.334821428571445,0.8262685022974329,0.9356661776688744
26036,84.88660714285714,0.21017390612750017,0.5484709095805769
26037,38.91339285714288,0.13922391335352216,0.4680316934704762
26038,-10.095535714285717,0.05629585735883542,0.3338006724969446
26039,-27.32499999999999,0.1837845674805932,0.5227562806680591
26040,-73.83035714285711,0.6273481898035103,0.8436703629847236
26043,20.5107142857143,0.6013706685774255,0.8300685026535569
26045,-10.14910714285714,0.3387372587678458,0.6599997649255119
26046,51.53035714285714,0.020865249602626722,0.23901065822335496
26047,-14.675892857142859,0.03928525456017247,0.29089823228305467
26048,-10.890178571428578,0.20077673130223955,0.5388186849545494
26049,-7.2178571428571345,0.573298687293963,0.8139297023196748
26050,-5.732142857142858,0.3688411221122472,0.6827962875059121
26051,17.728571428571414,0.45759245324655257,0.7445508755695807
26052,-15.094642857142858,0.1574633746366496,0.4903246974998469
26053,99.02053571428564,0.6694384924552553,0.8646811390433736
26054,-43.90625000000006,0.3172005356596883,0.6440007161973063
26056,-22.69910714285713,0.2138141758735475,0.5526278749118942
26057,-105.76874999999995,0.46836652136894863,0.7513568010135679
26058,-24.09642857142859,0.2980364148438797,0.6288646565911209
26059,4.208928571428572,0.3366633798583428,0.6587074722337485
26060,-73.6392857142857,0.0587067412274702,0.34008863959991975
26061,-27.34107142857141,0.14389941143473514,0.4736725057311345
26062,-11.918749999999996,0.13444278851388292,0.46172484057767266
26063,4.859821428571422,0.851656505151998,0.9458671294981719
26064,-30.663392857142867,0.6981118143297124,0.8785902870756294
26065,174.32767857142858,0.061141836784435036,0.3450449566078529
26069,6.408928571428579,0.5573709426137582,0.8053629854907206
26070,-10.145535714285717,0.19843063396274535,0.5367578403475916
26071,21.98839285714286,0.014332626877974068,0.21702423110789504
26073,-56.09642857142853,0.2547896635930842,0.5919612823249002
26074,-10.592857142857143,0.21858641183485666,0.5577793808686282
26077,-6.6999999999999975,0.03866368088877515,0.2896338321878608
26080,-3.0651785714285715,0.12918407653146238,0.45562762123324124
26082,-5.93392857142857,0.1473346873720143,0.47790246986621276
26083,-0.04910714285714235,0.9934588098742881,0.997789802142825
26084,-26.795535714285705,0.26102261007637284,0.5974801643609514
26085,-9.144642857142859,0.1868659083124988,0.525884987491552
26086,252.20357142857148,0.11284782702601037,0.43297113482143534
26088,212.68839285714296,0.19050608025964672,0.5292629878088785
26090,27.619642857142857,0.07246312696364265,0.36613265564524183
26091,70.79732142857148,0.10088306845645355,0.41409773031956437
26092,-198.21339285714316,0.15985742537297204,0.4929970570821505
26093,-15.1875,0.17841321461166215,0.5173850152457177
26094,21.613392857142863,0.06747101623552988,0.35728598670000933
26095,-12.333928571428569,0.13765107462846995,0.4661895984214749
26097,-90.59732142857138,0.2709565407610522,0.606041829938521
26098,-4.584821428571445,0.8985153511965341,0.9631666000820925
26099,29.990178571428586,0.006370628415602426,0.18050996653594648
26100,177.2616071428572,0.16468661024880482,0.4994130910774929
26102,-4.890178571428571,0.3578165807099066,0.6737829252127804
26103,0.7571428571428571,0.6035792846855557,0.8311680785357333
26107,3.729464285714286,0.2973966198337375,0.6282715139093724
26108,-30.28392857142857,0.0007552007712671059,0.11771810301684014
26112,-88.56607142857143,0.07023068293566093,0.3622170162727348
26115,93.54107142857141,0.012220301965743322,0.20849517196955838
26118,327.4392857142858,0.04032502778760539,0.2947554671507119
26119,110.69107142857138,0.12335079880450271,0.44722844327826167
26120,-33.70535714285717,0.2054882767288273,0.5427833001666087
26121,59.40982142857143,0.008817696231887507,0.19242269651444172
26122,2.5499999999999545,0.9544726321075465,0.98430327738655
26123,76.98571428571427,0.068693014857183,0.35974811342592217
26127,139.93660714285716,0.003546093208188653,0.15830078651700105
26128,-8.383928571428527,0.8483383782578489,0.9447121175136681
26130,51.9580357142857,0.18328361645554828,0.522071484799085
26133,-3.017857142857146,0.6677794828104416,0.8639006880068798
26135,-1110.7169642857139,0.05569364433328807,0.33156032272675584
26136,370.6294642857142,0.03743824374109597,0.2862447177379978
26137,-792.7357142857138,0.059701492098042146,0.3420073613205415
26138,-3.458035714285714,0.2635295695816033,0.599761863311781
26140,-9.615178571428569,0.08924180830560023,0.3957576339612858
26145,-3.716071428571425,0.5840694453347245,0.819681871300293
26146,-46.02053571428573,0.09314580143110322,0.402206053047282
26147,46.99464285714286,0.016570274032182888,0.22471870136888683
26148,-5.346428571428573,0.21169927912299108,0.5496822000308466
26149,-16.02946428571429,0.02493586433560643,0.2503890509732381
26150,1.7401785714285714,0.2148810131993275,0.5538962178937908
26151,19.69553571428571,0.1857489439769478,0.5246308071051424
26152,-31.712500000000006,0.19183320878790977,0.5306592810765984
26153,2.839285714285717,0.5460019496651598,0.79839150057347
26154,0.3285714285714283,0.9030099000643872,0.9648635193672146
26155,-6.554464285714285,0.21196388544369443,0.549951380279694
26156,-116.9160714285714,0.137056903941968,0.4654904483641614
26157,185.0544642857143,0.01159914223589234,0.2066643213509123
26160,-3.4124999999999943,0.5893758427010538,0.823388292101393
26164,15.691964285714292,0.3069703099216868,0.6360624924407664
26166,-14.149107142857144,0.038688859023330906,0.2896363140699914
26167,41.86607142857142,0.39490032491076205,0.7022433898554581
26168,-13.34375,0.22987594066234338,0.5677903937225213
26173,-7.766964285714286,0.17459866765526236,0.5128495838643746
26175,5.758928571428612,0.8225820416688439,0.9338982750164883
26184,-0.38035714285714306,0.9195946342475728,0.9717407206564628
26188,-6.330357142857142,0.26198499542101805,0.5982538191921761
26189,-1.4535714285714283,0.6865986519701367,0.873154759550209
26190,132.64821428571435,0.029023950766937968,0.2618189256199197
26191,34.95357142857145,0.16778929335066706,0.504118482387648
26205,20.340178571428574,0.07981940141057386,0.37926354028957737
26206,-11.840178571428567,0.22637879912382058,0.5649653479137708
26207,34.98392857142855,0.19991468768679327,0.538023139451816
26211,-10.016964285714288,0.0016758965810182614,0.13181696481672592
26212,-8.555357142857144,0.18495741528497775,0.5240497726916237
26219,4.576785714285716,0.11813562288726125,0.44044085791755944
26220,-7.641964285714284,0.3283752110907267,0.6525918159755513
26222,-1.527678571428571,0.6000509000477513,0.8295062750248829
26223,-8.888392857142858,0.000629736723273946,0.11215262327362541
26224,-559.7098214285711,0.036616176426586065,0.2836865079620706
26226,-11.925,0.010695437705776573,0.20115514806731286
26227,4.091964285714283,0.7842019939935491,0.9182090839448973
26228,27.098214285714285,0.13744281078510998,0.4659403323211736
26229,18.595535714285717,0.003920593835306309,0.16251589685016865
26230,85.34107142857144,0.027223000596154283,0.25702448261428906
26231,0.6883928571428566,0.6485254475964147,0.8543093304433184
26232,9.681249999999999,0.3150489109982974,0.64215971732302
26233,-4.874107142857145,0.5456209816588222,0.7981869236515058
26234,-188.88571428571436,0.15519297887735878,0.48764330673675765
26235,13.721428571428575,0.1617049989624834,0.49527874171048
26238,-17.526785714285715,0.003549460391149423,0.15830078651700105
26239,-6.641964285714284,0.10931221161169224,0.4280838984517597
26240,-20.890178571428578,0.17694555432139458,0.5152868776672247
26242,-0.5276785714285719,0.9004821950892528,0.9637890809131576
26245,-3.9303571428571438,0.16720936237522646,0.503258906320992
26246,-8.084821428571432,0.04649805236474821,0.30764872391166065
26247,2.48482142857143,0.44572316201121537,0.7371135899361548
26248,-4.796428571428571,0.017865171471620474,0.23015510136919165
26249,3.5392857142857252,0.9105852150089085,0.9678320139696366
26251,0.1812499999999999,0.8125013517722495,0.9298233659560186
26253,27.07767857142857,0.20336578792201673,0.5409478318946294
26254,-5.397321428571427,0.46192329363765283,0.7475249317241688
26255,16.188392857142855,0.0031129941794631293,0.15237507319798263
26256,-12.512500000000003,0.04241386543152545,0.29825959882084746
26257,-8.338392857142853,0.14665407937429403,0.47682270534727506
26258,146.21785714285738,0.48696425800665527,0.762515989532717
26259,4.870535714285712,0.3116892003527213,0.6396370577298552
26260,-30.603571428571428,0.10338299302897838,0.41780361769971125
26261,-6.316964285714288,0.29636717981021693,0.6273791159222323
26262,-7.7562500000000085,0.44162588569861716,0.7342232087843669
26263,58.3455357142857,0.03327969478155064,0.2755540197613044
26266,2.1714285714285744,0.8161378871380655,0.9312081323377022
26267,-4.933928571428573,0.15007565186208147,0.48126420929857816
26268,163.5875000000001,0.1221911365183206,0.44552788106942165
26269,92.79999999999995,0.05238676667746192,0.3229503290213362
26270,20.055357142857154,0.24085136136214735,0.5776177124746297
26271,21.774107142857133,0.28967181099294403,0.6227926153361647
26272,47.345535714285745,0.008123694001849886,0.18930955627024845
26273,-554.1348214285715,0.012693016991585562,0.2104514998795099
26275,-254.80178571428564,0.005643494601087803,0.1758955047619778
26276,77.4267857142857,0.014372798784031212,0.21702423110789504
26277,83.27142857142854,0.0951317288185147,0.40534952057925455
26278,-182.8357142857143,0.01135690004645561,0.20567688308710186
26279,2.6723214285714283,0.3226636457532013,0.647839016348954
26280,2.5464285714285744,0.6454486736017171,0.8528251867852558
26281,-8.487499999999997,0.19177148843318284,0.5305716801282387
26284,-5.551785714285714,0.4792583225522886,0.7581479558995987
26285,-0.6696428571428577,0.9234022585178232,0.973111657064772
26286,250.39375,0.02201802084618862,0.2417153171223693
26287,-560.2910714285715,0.041713416459272575,0.29743981205417847
26289,-7.958928571428572,0.15033330087956265,0.4816567961084142
26290,-14.094642857142869,0.03929027016144824,0.29089823228305467
26291,-1.3758928571428584,0.7521804619342756,0.9027676789968699
26297,-2.4607142857142863,0.47970816769729074,0.7582770264780528
26298,-10.108928571428573,0.00691138278206002,0.18255065391745487
26301,64.31339285714286,0.006731734065678012,0.18131977139461555
26330,1.2357142857142849,0.5981413381434301,0.8287037169653049
26333,-10.87857142857143,0.05179586108594203,0.3213365147933599
26338,-19.50178571428571,0.012186738638103585,0.20849517196955838
26339,0.21160714285714288,0.9273955341511027,0.9741117490838392
26341,-4.458035714285714,0.07211518227242836,0.36538200732016884
26343,-3.6553571428571416,0.44436464382484914,0.7362428861093566
26353,-1100.480357142857,0.005985504517640317,0.17810639510881063
26354,-4.129464285714285,0.7159281924234407,0.8876611460456749
26355,-32.70892857142859,0.04139821733814965,0.2967797357792969
26468,-30.473214285714306,0.2827221202449563,0.6162190251109512
26469,48.55624999999999,0.008797531684625139,0.19242269651444172
26470,21.666071428571428,0.1723915060466584,0.5096804441277915
26471,11.194642857142867,0.7267126652542946,0.8921793350652559
26472,58.436607142857135,0.025001825707700688,0.2504621285450221
26476,-1.9151785714285747,0.6142054728192545,0.8365574239097254
26492,-6.077678571428573,0.09551942155763504,0.40592763093518214
26493,-13.011607142857143,0.011710498824693964,0.20678342707488462
26494,-4.053571428571429,0.20688950349267785,0.5446553642985366
26495,-5.499107142857145,0.1226344655019877,0.4461515379340851
26496,-2.323214285714286,0.0192849955112528,0.23531535385013844
26497,-12.320535714285713,0.04271325623041936,0.2989435847923936
26499,50.07410714285713,0.03465682961423733,0.279703057053383
26502,21.13482142857143,0.052659575929312426,0.3233328346563685
26503,248.97232142857132,0.11473229725577239,0.43613843055465845
26504,-28.451785714285716,0.11169514424634047,0.4315718655183042
26505,-7.036607142857143,0.41527584382198945,0.7172361843089491
26507,-1.2044642857142858,0.772048105427805,0.9120305263901171
26508,-12.949999999999996,0.12608864413346588,0.45179052165181766
26509,491.19642857142867,0.02856380777711667,0.2606257021170424
26511,-4.966071428571439,0.8280704322392205,0.936725443955049
26512,69.87857142857143,0.2753126751598102,0.610137707540401
26515,67.85714285714283,0.09515486447242863,0.40534952057925455
26517,-17.14821428571429,0.5539973212503053,0.8033578277997148
26519,87.67678571428576,0.2511074516456391,0.5886245070741887
26520,-10.424999999999983,0.7127713705489822,0.8857646200804113
26521,-607.16875,0.1102148492378937,0.4293243717641663
26523,18.97857142857142,0.028900650353693803,0.2615264909116532
26524,147.13303571428605,0.6487367715579573,0.854444088093354
26525,-6.748214285714287,0.09921860109069076,0.4114412550641689
26526,-8.469642857142858,0.06036929113544865,0.34332564515788816
26528,237.45624999999995,0.1035861754467992,0.41819199162325527
26529,-7.993749999999999,0.20268162188390051,0.5404862630425985
26531,-3.4875,0.10383924499781408,0.4185623126125594
26532,-11.713392857142857,0.01649217592257399,0.22438400169096276
26537,-6.395535714285714,0.37433330051847163,0.6870877423662203
26538,-3.4866071428571432,0.04062024915527653,0.2953183248427034
26539,-9.860714285714284,0.202896537414123,0.5406388314789792
26541,-4.441964285714285,0.37727683235143455,0.6891721228430284
26548,-62.054464285714275,0.023573833683312326,0.24618049758656588
26574,60.14999999999996,0.0015772189814480663,0.12991604390721306
26575,17.793749999999992,0.15930043226943952,0.49215289595008704
26576,-109.88482142857143,0.0009290609212339329,0.11859210302321158
26577,-475.1875,0.6058692788533346,0.8321046753987658
26578,71.88303571428574,0.011392824771532691,0.20594344789967978
26579,-12.63392857142857,0.18828142982178236,0.5273712692369852
26584,-13.293749999999992,0.09810590402000006,0.4100871790744269
26585,241.4375,0.2595866805602136,0.5962978503766522
26586,168.2464285714286,0.31505140182118746,0.64215971732302
26589,-75.25625000000002,0.03996555922125906,0.29340035438587886
26595,-2.5205357142857143,0.30533379365825997,0.6344681198033355
26608,185.38928571428568,0.002500784281269847,0.14794037881322922
26610,6.150000000000006,0.7551329356403506,0.9042835445416917
26628,-36.59553571428571,0.06652829325379807,0.35549593761253023
26648,-14.581249999999994,0.061229699512766064,0.345091621571022
26651,-0.9669642857142859,0.24113305144687888,0.5777872551432248
26658,-1.4973214285714285,0.17504514657594303,0.5133592131485459
26659,-2.3848214285714313,0.6554743997930157,0.8583144802577749
26664,-2.27767857142857,0.491935598694463,0.7654492511197997
26689,-8.658035714285713,0.09342375339110684,0.40261241559539424
26692,-0.35357142857142687,0.8700688184328512,0.9526089995144243
26707,1.5616071428571425,0.19162234220321975,0.5304379729074638
26716,3.6776785714285722,0.6581615865209205,0.8594095288581961
26740,-6.828571428571426,0.36457302626089144,0.6793112568862842
26747,-35.36071428571426,0.002642065775294842,0.14884518441352512
26750,-2.805357142857133,0.9321966003089213,0.9760776973378453
26751,-30.808035714285666,0.6606448449418717,0.8605804256772552
26762,-7.017857142857142,0.17068579902564426,0.5074354881043499
26775,-9.53125,0.3473810209866739,0.6662179626233011
26776,-3.679464285714287,0.2941126844907483,0.6260341978208093
26777,-9.283928571428573,0.07440018076040601,0.370041629910268
26778,-219.24107142857156,0.6909303954616166,0.875471595768201
26780,-60.53660714285712,0.5223740757934939,0.7845512194816305
26782,4.775892857142858,0.12394112653271369,0.4482712687233724
26783,-9.483928571428578,0.19834417984176292,0.5367033235832797
26784,254.50892857142844,0.6875248168087567,0.8736359629241818
26795,-2336.3723214285674,0.5121151206503486,0.7785561579993867
26809,-1475.9589285714283,0.13406238072714838,0.4612806743660403
26819,434.2839285714281,0.2868873670173597,0.6203752092894376
26820,-438.8321428571435,0.27824144457453936,0.6126571280591537
26821,-3.7214285714285715,0.058273225646911585,0.3388734963034345
26872,573.1107142857143,0.04041726041197951,0.2950264910688198
26873,-10.732142857142858,0.12577543834922353,0.451394742714269
26952,-1.5473214285714283,0.3815486726909252,0.6926014207451343
26953,-105.3553571428572,0.04368027677941898,0.30160799657356135
26958,-3.838392857142857,0.6123265251494086,0.8353939783644352
26959,-166.9392857142858,0.04374487140210714,0.3016466109509968
26960,-117.75535714285715,0.00012139321806369776,0.07442052704013513
26973,111.15982142857138,0.08276719865556964,0.3839878308437225
26984,24.33571428571429,0.02727187339987488,0.25705071245256855
26985,12.683928571428623,0.7900549331190913,0.9209326196469212
26986,798.6946428571432,0.07720963196018762,0.3751182093451956
26993,10.563392857142851,0.46387895051695416,0.7486330754889808
26994,-321.2401785714285,0.02738388059434581,0.25715973243274204
26995,9.277678571428567,0.515968980668566,0.780870521468364
26996,37.96785714285715,0.23785067568781854,0.574789450692408
26998,-9.224999999999998,0.043748155234073514,0.3016466109509968
26999,46.33749999999999,0.10424551102164072,0.4192132476543252
27000,-40.667857142857144,0.23430744757743496,0.5716381914208747
27004,-7.090178571428572,0.014462559096758235,0.21716162281049847
27005,-14.474999999999994,0.13706320490561746,0.4654904483641614
27006,4.187499999999999,0.24553347848047405,0.5830420384764351
27010,68.51517857142855,0.04070460401437788,0.2955286054611813
27012,-25.87589285714286,0.0972766873111742,0.40871119521450094
27013,-5.693750000000023,0.7903323015572018,0.9209594754398979
27018,1033.9669642857139,0.23157711799926667,0.569298146333532
27019,-9.620535714285715,0.38431752102511574,0.6943685660964551
27020,524.7464285714286,0.512087407899328,0.7785561579993867
27022,-4.129464285714286,0.14485503185661647,0.475066824648988
27023,2.310714285714287,0.43734416866416786,0.7312132609052058
27030,-4.776785714285708,0.4510501281246344,0.7399910715900261
27031,-35.81517857142856,0.0921298195816416,0.4001499767658937
27032,34.49464285714285,0.27170610955928526,0.6067940339904387
27033,1.063392857142858,0.6725471575762302,0.8663592037046253
27034,-10.855357142857144,0.2655383800741955,0.6013537115848755
27035,-13.02232142857143,0.044282341437177734,0.30287408662826065
27036,18.10982142857143,0.2715399462645144,0.6066417787234833
27037,6.675000000000001,0.18189111315455622,0.5210571419745029
27039,-2.208928571428574,0.678727708391121,0.8690531241957926
27040,30.254464285714285,0.08988786519733338,0.3969164133148282
27042,46.77589285714285,0.006597984990858579,0.18122967135939963
27043,-15.563392857142851,0.08154512322512018,0.3826065321313655
27044,104.79464285714286,0.009223693190781082,0.19492717908956222
27063,-12.555357142857144,0.024828023917385422,0.2500869947831702
27065,-15.443750000000003,0.042596077210175075,0.2987505471331874
27067,-266.2553571428572,0.008745237596619293,0.19202645204624896
27068,-63.09017857142862,0.29483011921904545,0.626686191517707
27069,-442.082142857143,0.06671363341260424,0.35613824515076514
27071,128.8160714285714,0.18745576487513135,0.5264069822572063
27072,62.67142857142852,0.15404449656286257,0.4864773782460874
27074,98.65982142857143,0.033367620913064194,0.27562693358842494
27075,403.6812500000002,0.3738853064651245,0.6867627202506446
27076,1.5357142857142856,0.5373236147946642,0.7932239497387574
27077,8.533035714285715,0.06890918631443917,0.3601569044357763
27079,-5.274107142857147,0.4872367646485469,0.762702419467456
27085,-3.430357142857141,0.20106659497439272,0.5389883219596916
27086,528.2928571428572,0.18213574617999548,0.5212837748659616
27087,-15.8375,0.04863334929448492,0.3139546710137993
27089,-349.7848214285715,0.23480151484243159,0.5720650625317268
27090,13.685714285714276,0.24672872634212714,0.5842526122247792
27091,-9.011607142857141,0.023697462772841797,0.2466042590607395
27092,-17.549999999999997,0.5158676052333253,0.7808061710304255
27094,14.853571428571431,0.13607083906266634,0.4642252044023014
27095,32.35089285714287,0.23671792028000577,0.5736184147192003
27097,-12.745535714285715,0.12903993003412678,0.4552954423474369
27098,-64.78571428571429,0.004577394083152305,0.16830465467138686
27099,8.10089285714286,0.5180768370498127,0.78222277327125
27101,-140.0705357142856,0.1727597125389231,0.50998210652719
27102,102.2607142857143,0.135629500720265,0.46357401317340563
27106,-60.652678571428595,0.038428267875148095,0.28904464796722
27107,-10.940178571428532,0.7591774944156146,0.9063085605745441
27109,-35.33125000000001,0.00674339088893908,0.18144433900233473
27112,-13.74375,0.036588375912129954,0.2836338370899908
27115,-65.98392857142855,0.03285068511330639,0.27455078088811175
27120,4.2125,0.3331558890127703,0.6559787945125503
27121,-0.02232142857142838,0.9849748962705198,0.9950166529287795
27122,1160.8803571428573,0.2337484534724292,0.5712075039601799
27123,-16.278571428571425,0.09832807944998014,0.4102961815872072
27124,0.5580357142857153,0.8496804737990941,0.9451737800450002
27125,71.37053571428567,0.5748426430076194,0.8148062506530888
27127,-4.701785714285716,0.24870029824545342,0.586284172231715
27128,42.14910714285715,0.13026236259805285,0.45698393808460314
27129,-236.87678571428577,0.0198011355017664,0.2365299129704636
27130,17.376785714285717,0.03141282071190147,0.2694956805936314
27131,-134.51071428571413,0.4191095140287254,0.7192025961089471
27132,5.081249999999997,0.6975670648909761,0.8784659865697927
27133,-5.586607142857144,0.44485440845006385,0.7365250503905982
27134,5.3749999999999964,0.460069837094135,0.7462152080754028
27136,-7.97232142857143,0.009922367535417637,0.1979263415238281
27141,-1.3187500000000014,0.8575752407470074,0.9479927404548004
27143,20.627678571428575,0.20455806882752217,0.5419305812916984
27145,-668.5071428571428,0.006900619899981129,0.18241289081330567
27146,-12.125892857142862,0.18152144203817944,0.5207621389147582
27147,-30.729464285714293,0.18770873417894918,0.5267257398244158
27148,-5.990178571428572,0.20770229556931186,0.5454167912325116
27151,-6.693749999999987,0.6848470835093391,0.8723359393299632
27152,-9.799107142857146,0.21697229261244833,0.5560067537769784
27153,10.264285714285714,0.19224975204098396,0.5309787428187916
27154,17.666964285714286,0.1685475665472951,0.505143792192806
27156,-3.7089285714285722,0.11594971353877097,0.4383562570795798
27158,-5.878571428571428,0.11839517066673311,0.44057169947906744
27159,-5.8607142857142875,0.3558158256980835,0.6725440530459317
27160,-3.567857142857145,0.32033013300707514,0.6461867279395825
27161,4.455357142857146,0.6660927848736408,0.863044308529842
27163,58.76071428571424,0.22097510084273447,0.5595160147726731
27164,-7.166964285714286,0.26044888695839935,0.5969416430287354
27165,-5.14017857142857,0.15526404090419665,0.48770891855894244
27166,199.24910714285718,0.002629672185936868,0.14883781238726526
27173,27.291071428571442,0.019955602574853088,0.23693215434964007
27175,7.518750000000004,0.4500124828028645,0.7393503684386651
27177,-3.8232142857142852,0.2932987747136861,0.625408935200296
27178,5.245535714285712,0.5963021435915193,0.8275017106095417
27179,-8.318749999999998,0.24419923931198564,0.5815784737188577
27180,8.749107142857142,0.011723547612841318,0.2067873233484533
27181,3.0598214285714285,0.6443110568402188,0.8522042100546529
27183,-84.93035714285713,0.08241966518456985,0.38338330211646515
27185,-4.606249999999999,0.2091428022367835,0.5472020666505351
27189,-23.21071428571429,0.059928964829856254,0.34245570151258264
27190,-1.1357142857142843,0.6585658906998193,0.8595248347346216
27197,-10.948214285714286,0.5467202314909677,0.7988666964316642
27198,-0.35357142857142954,0.8941531853096266,0.9613364392373677
27199,-3.0785714285714274,0.29052659090595295,0.6235443004295333
27201,19.51607142857143,0.02286580088985206,0.24451157122093906
27202,1.423214285714291,0.8172663804343467,0.9316744719719753
27229,-13.178571428571438,0.1827797935070227,0.5217167950924806
27230,1017.2910714285712,0.005171203536008616,0.17182093284629854
27231,-56.24464285714287,0.02398508806726806,0.24758747845446885
27232,0.9062500000000009,0.7136350646347339,0.8863294979533887
27233,-6.036607142857145,0.2182383787152108,0.5572401511350185
27235,-58.366071428571445,0.22692560019500047,0.5655024278553208
27236,187.23750000000007,0.045074585819794837,0.3046671998636769
27237,-14.091964285714283,0.13419543250431096,0.46130998253210953
27238,-14.533035714285688,0.5628469258835498,0.8084268692115961
27239,-1.6919642857142856,0.4563355919233691,0.7440254216141888
27240,31.910714285714285,0.07452578461321169,0.3702599427421851
27241,16.083928571428565,0.15408168668631428,0.4864857754205777
27242,-93.43214285714282,0.38371188243844767,0.6939254183283871
27243,13.947321428571456,0.7855255480518896,0.9187878906756347
27244,-429.3794642857143,0.00950460702049053,0.1962861080683594
27245,-5.268749999999997,0.39383275456126554,0.70140333728991
27246,-301.4321428571429,0.03538243918385829,0.2812641556233574
27247,-282.80625,0.021543874011195705,0.24060361648988332
27248,886.8383928571427,0.04163997906715942,0.29732403488641435
27249,-547.2330357142855,0.20219151717568398,0.5399650170828207
27250,4.923214285714287,0.126456033908028,0.45195916229294497
27252,-36.776785714285694,0.07992191188615752,0.37935496021364623
27253,39.272321428571416,0.36688847072688363,0.6807829048336127
27254,-0.522321428571427,0.9367012520436807,0.9777746694581668
27255,-3.955357142857144,0.433976521997382,0.729072556159375
27257,76.56517857142859,0.3175328524970882,0.6441619240604773
27258,-169.84464285714284,0.03562668375502778,0.2816791796139932
27283,-24.72321428571429,0.022625788890353767,0.2434688068451274
27284,1.8874999999999957,0.8341664762410507,0.9394811537197595
27285,0.47053571428571495,0.8515950539915813,0.9458671294981719
27286,155.92767857142854,0.05384317930457494,0.3262598525696455
27287,3.557142857142856,0.4266863813053074,0.7239434568771972
27288,-6.625,0.05186948673530218,0.3215743493879858
27289,4.528571428571427,0.5145752436506921,0.7801026326521999
27290,-3.8892857142857142,0.4952375176850256,0.7673830602077023
27291,9.527678571428567,0.30493339723785673,0.6342075219472706
27292,-105.62053571428578,0.21411327404498476,0.5530087986399708
27293,3.170535714285714,0.4166540592959563,0.7180320794562166
27294,-4.733035714285716,0.4171045919372387,0.7184095754841396
27295,-2208.4205357142855,0.008201054099779847,0.18975775366308964
27296,-17.64017857142857,0.05090667832368517,0.3195181537535859
27297,14.92589285714287,0.288287352413254,0.6216620011048708
27299,345.89375,0.16510698264508983,0.49991201632220633
27300,67.03035714285716,0.006630300936181737,0.18122967135939963
27301,12.655357142857138,0.0719870903630449,0.36528020098371045
27302,1.7562499999999979,0.7026401823101066,0.8809600825608105
27303,-722.8785714285714,0.1399213940458526,0.4690283194224405
27304,-2.242857142857142,0.5086568337934453,0.7762312266287992
27306,-139.49464285714282,0.2891017167512095,0.6223971982789206
27309,-136.62232142857135,0.28393456381619636,0.6174457269776327
27314,38.60803571428569,0.35235107181283887,0.669986165753214
27315,21.320535714285704,0.022380300942290467,0.24265533126027536
27319,208.0848214285714,0.01734863669221797,0.2283369916124698
27324,-45.58035714285714,0.0677655384296675,0.3578716181698462
27327,-118.37767857142859,0.10457309674671326,0.4199196956669999
27328,-2.9767857142857146,0.44501335234848494,0.7365250503905982
27329,-11.98571428571428,0.022977922176315852,0.2446432540456128
27330,-4.997321428571432,0.3414785379967739,0.661834068237278
27332,21.10178571428571,0.7962790854665279,0.923519557886437
27333,183.2125000000001,0.5815359022329436,0.8179952522404474
27334,54.980357142857144,0.06106846254736604,0.34489378614884647
27335,-161.70624999999995,0.25602424807828206,0.5932026330980246
27336,-786.7732142857144,0.003132549400553844,0.15260771129085
27338,1.477678571428573,0.7998260978140506,0.9249271141008353
27339,72.99017857142857,0.02654927360690863,0.2551598488582755
27340,20.905357142857184,0.1442704971486793,0.4741377467323003
27341,12.063392857142855,0.2065057627638606,0.5442267175982194
27342,40.868750000000006,0.05181566731875132,0.3213670318573611
27343,-0.8857142857142861,0.8250943463095657,0.935100084664625
27344,4.741964285714285,0.2939668986490177,0.6259690630472249
27345,-16.3919642857143,0.2979509947108704,0.6288279015937365
27346,-12.143749999999997,0.18915121165404034,0.5281300427527655
27347,33.69107142857143,0.3684741211653196,0.6824343452412194
27348,31.4267857142857,0.07696722565775393,0.37452492354213657
27349,0.24374999999999858,0.9765959615989668,0.9921096836633506
27350,27.71517857142856,0.029130056468077935,0.26221367095689185
27351,21.39107142857143,0.05188253985524398,0.32161880573531343
27352,12.360714285714286,0.1483118752223219,0.4793609120278119
27429,59.70446428571429,0.027565087276536487,0.25715973243274204
27430,50.90357142857101,0.7982648048086874,0.9243263823421932
27433,16.316964285714285,0.04970518435961162,0.3169252566067404
27434,2.219642857142857,0.40878534629938407,0.7122786616801672
27436,124.09553571428569,0.11871015608849766,0.44094903946475433
27439,1.344642857142857,0.6531696350727677,0.8568902556541925
27440,-22.51249999999999,0.24134907229257085,0.5780768619440273
27442,-5.259821428571428,0.3430275442541082,0.6629938063706204
27443,-142.77232142857142,0.0068713496462974345,0.18219667816063756
27445,-7.894642857142859,0.12062798092255804,0.4430200830328172
28227,-20.82589285714286,0.021550213841721427,0.24060361648988332
28231,16.526785714285715,0.16656750896326802,0.5021270636029486
28232,54.41785714285713,0.053703959407803425,0.32578573370514796
28234,-4.31160714285714,0.218005958236443,0.5571410566783922
28316,-4.057142857142857,0.357303526522575,0.6733153068388292
28378,-10.958928571428569,0.0340031346868778,0.2774393954641164
28387,5.928571428571429,0.19911639213055096,0.5373030230141632
28396,230.57946428571424,0.302687610011387,0.6321788713418647
28407,-0.048214285714285765,0.8548009708585093,0.9470375193558227
28442,189.17857142857142,0.23873819945601338,0.5755048473305879
28461,55.95624999999999,0.17027188478771313,0.507036532074636
28511,24.517857142857125,0.1314813802023756,0.45841758907427826
28512,-101.38839285714285,0.023507508563212456,0.24618049758656588
28513,-58.99196428571429,0.06904706564690788,0.36030556968297234
28514,-3.8919642857142858,0.24421713807308063,0.5815784737188577
28516,-8.708928571428576,0.11725438274450271,0.4395531968841746
28560,5.712500000000002,0.7839110285994173,0.9182090839448973
28571,-1.2955357142857178,0.8217026604080606,0.9336754012596267
28639,147.4955357142857,0.13832962678477215,0.46709315368437604
28673,0.2848214285714299,0.9116702323474614,0.9685516708285531
28683,0.5366071428571413,0.8986295222152917,0.9631666000820925
28755,74.3642857142857,0.04320365842271391,0.3004910347617203
28778,17.983035714285716,0.26675655829895845,0.6025330424273136
28823,3956.255357142857,0.043816028571315876,0.3017441431129334
28831,815.5526785714287,0.23049519558177087,0.5685637959033714
28862,712.9,0.25633669917722596,0.5934299557014008
28951,110.33392857142857,0.20796271239256495,0.5457753808714617
28952,2.9473214285714278,0.6657998520694325,0.8628519236185629
28954,-24.116071428571445,0.08726935481794845,0.3920022982805892
28955,-18.385714285714286,0.1273626878172837,0.4530115471484412
28956,12.720535714285717,0.1940609408271488,0.5329657393874001
28957,-44.46160714285713,0.16409044179874938,0.4989255208493797
28958,-122.16964285714283,0.29223038140487545,0.6246411549830551
28959,107.43660714285713,0.27441893803426515,0.6092267074532267
28960,16.47142857142856,0.09749184084407982,0.40908414414045
28962,158.1071428571429,0.1438174156122991,0.4736725057311345
28964,-8.307142857142864,0.44240089116295295,0.7347548348604783
28965,-0.25625000000000053,0.9200022198921242,0.971764076803125
28966,-22.31785714285715,0.46219631805717903,0.7476426494949405
28968,-40.57499999999999,0.23004966712490857,0.5678774761653801
28969,-889.8812499999999,0.022498036013693642,0.24283920664692815
28970,-59.83392857142857,0.02381121689527645,0.24707150931518487
28971,-532.0758928571428,0.01113425972227902,0.2041475438128554
28972,1235.3687499999999,0.01610554868333759,0.2231631889778629
28973,-126.32946428571427,0.24016256098519057,0.5769789973576455
28974,7.961607142857133,0.8904891167345848,0.9598548382680749
28976,-11.01875,0.04884003562444066,0.31449734467196166
28977,76.37589285714287,0.12873340175319717,0.4549269950788074
28978,214.2580357142857,0.02237840427060245,0.24265533126027536
28981,-56.22946428571427,0.0048540898165167524,0.16997001039451554
28982,13.155357142857149,0.34041886251769876,0.6609743008604083
28983,-13.22410714285714,0.17112264161796548,0.5081263471711434
28984,632.575892857143,0.2671425749441356,0.6028327521741924
28985,174.11785714285713,0.11380028110514726,0.43443865168439644
28986,112.44107142857149,0.11941218886829855,0.4416964661922592
28987,0.13660714285714448,0.991230181670482,0.9970751281769905
28989,-29.974107142857093,0.5216792574922399,0.7840688463330259
28990,20.971428571428575,0.09536432528899288,0.40571392167650555
28991,-31.217857142857145,0.003272289230701308,0.15407914923109772
28992,-158.37857142857143,0.0134207910579444,0.21281174758909507
28994,-2.4991071428571434,0.4042366027433586,0.709024881423425
28996,-103.72589285714281,0.02643940355754362,0.25490643440463717
28998,20.64999999999999,0.46031556782291616,0.7463525301953662
28999,-176.9348214285715,0.008496858798623944,0.19074068353740092
29013,6.041071428571428,0.13692994517926058,0.4654904483641614
29015,45.118750000000006,0.10741346321300174,0.4252173928994612
29018,-0.07678571428571423,0.9819524173997116,0.9939875293231117
29028,25.680357142857147,0.0477091039312133,0.3106460947289612
29034,1.128571428571429,0.5954545175891566,0.8268832477807945
29035,-228.33124999999995,0.008241313018677345,0.1897704920352109
29044,-11.458035714285714,0.3022916307008336,0.6317725981997186
29058,158.70535714285688,0.6077223389286214,0.8330313890583475
29062,24.509821428571428,0.008795594131582618,0.19242269651444172
29063,-12.256250000000001,0.011683643572555844,0.2066643213509123
29065,5.632142857142867,0.8118517814499603,0.9295136774045437
29066,-16.270535714285757,0.7408793065941096,0.8984598154580822
29068,-695.6535714285712,0.013629676227146982,0.21361457352179491
29070,-9.687500000000014,0.5083298746729965,0.7761506206499741
29071,155.19642857142867,0.24574665929667996,0.5832696039696986
29072,35.30446428571429,0.614860786083854,0.8369695164529231
29074,20.571428571428612,0.6855287888589808,0.8726644389606051
29075,-3.8446428571428566,0.04570297892490314,0.3061877777251848
29078,-114.93660714285713,0.011847427535076102,0.20717664962190968
29079,123.5,0.3755417472930532,0.6880024471668571
29080,-44.401785714285666,0.14935624237484013,0.48026024717443944
29081,-359.98928571428587,0.010167918384425769,0.19882419542709448
29082,255.73482142857142,0.013457084675865549,0.21281174758909507
29083,-139.0035714285715,0.10763015050378627,0.42559329419212516
29085,-50.54732142857148,0.6371758953600188,0.8487451171565811
29086,30.712500000000006,0.35755579855373526,0.6734889339554716
29087,48.1357142857143,0.15837973748690987,0.4911469654073392
29088,-206.06517857142865,0.13036123363398006,0.4571547975715387
29089,1.7660714285714292,0.8586610930815394,0.9484493679515377
29090,-587.5267857142858,0.015117861454411156,0.21884275218954988
29091,-28.785714285714278,0.3542171821886882,0.6712195034481634
29092,-4.415178571428573,0.6042378240547838,0.8313412800963857
29093,10.832142857142856,0.6654957948102191,0.8626461266037211
29094,-560.1026785714287,0.002300020159840743,0.14537988698184118
29095,111.45714285714284,0.017996194227883282,0.23028412759518527
29097,157.8875,0.11165093880734582,0.4315364823477756
29098,24.143749999999997,0.18180223837210216,0.5209646744577293
29099,26.45535714285714,0.31443256942335157,0.641764996760555
29100,197.22321428571433,0.0019038489768819532,0.1390753139602297
29101,-82.22678571428571,0.4249100379789926,0.7227462769568636
29102,40.96696428571431,0.5553460055549044,0.8041618426218126
29103,118.38839285714283,0.04830486794181511,0.31288575461660245
29104,-15.20357142857143,0.07517461516463758,0.371485013144675
29105,14.824999999999932,0.796060413622292,0.923466120961875
29106,-1.8723214285714294,0.3550925057487889,0.6719278311004026
29107,24.185714285714283,0.25746589024621375,0.5941896732603831
29108,165.625,0.0010078995007874038,0.12073749023847284
29109,-46.32946428571431,0.058983933692193166,0.3403485781140572
29110,34.41964285714295,0.7295056741412187,0.8935606906109035
29113,-17.99464285714286,0.002686290539334605,0.14941295548130165
29114,-11.824999999999996,0.12027524488654714,0.44265273385648657
29115,-14.102678571428577,0.09787228761754169,0.4096665466666497
29116,-394.91249999999945,0.34073401775372897,0.6611639298264789
29117,-87.5732142857143,0.016394235310581838,0.2241849746414504
29118,-0.2419642857142854,0.9650104572648462,0.98778965381803
29119,-281.6258928571428,0.020653256128386213,0.23824258812783244
29121,38.21874999999999,0.20099310541699814,0.5389883219596916
29122,7.147321428571429,0.2715870313561837,0.6066816756673903
29123,27.87767857142856,0.004253890991255763,0.1656601559416456
29124,1.5669642857142865,0.7544078018506805,0.9039851788366736
29125,4.88035714285715,0.6451319354498078,0.8526447066813433
29126,33.07946428571427,0.1487283664574251,0.4796694886966273
29127,118.04374999999999,0.057622570930888004,0.33699891388037273
29128,38.92857142857143,0.041013904467196924,0.29614986776722746
29760,222.37500000000003,0.028998544478348962,0.26176249287662695
29761,-446.36160714285717,0.0052230869907725986,0.1719788252615874
29763,-47.581250000000004,0.021943016186003438,0.24158128810580906
29765,-1839.5633928571426,0.01778438888380367,0.22973005559210727
29766,170.11964285714288,0.07574359658681434,0.3724243073423383
29767,-43.578571428571394,0.29324275484806617,0.625408935200296
29774,-36.17142857142858,0.12186447983534933,0.44505647151143707
29775,-22.781249999999986,0.4156323068577668,0.7174006521794016
29777,16.975,0.5160304503324535,0.780870521468364
29780,-69.40535714285713,0.0523457746135649,0.322899333785983
29781,-18.859821428571436,0.06671348025482736,0.35613824515076514
29785,9.82767857142857,0.034169741404274624,0.2779763689439271
29789,-90.80089285714303,0.5371655302694672,0.7930850444880946
29796,-563.469642857143,0.04669439548111493,0.3080420674476154
29797,-7.9258928571428555,0.6111878386869932,0.8348521538879855
29798,-8.908928571428572,0.24054982168960407,0.5774272951169647
29799,-12.91517857142857,0.08354538747391514,0.38576505870587874
29800,-7.858035714285716,0.0661352840319017,0.35513127621726825
29801,10.298214285714295,0.16220189018086606,0.4961336137420337
29802,7.222321428571432,0.432840711433711,0.7280592492735932
29803,-161.5625000000001,0.1559306173279451,0.4884777481934219
29841,-11.383035714285718,0.31436655444725553,0.6417021229943511
29842,9.044642857142854,0.4100802688942638,0.7133447456903654
29843,-10.668750000000045,0.5689153629959368,0.8114746809924566
29844,24.15803571428571,0.03967834951273037,0.2922950363255905
29850,-2.029464285714285,0.4231982880199145,0.7215947880547782
29851,18.792857142857144,0.21914455186521112,0.5580619143186898
29855,-141.8946428571428,0.08326765670420441,0.38516574706449885
29880,573.9678571428572,0.020013986300404633,0.23714629801046888
29881,-4.288392857142858,0.2140350040997142,0.5529633723551421
29882,4.101785714285716,0.3936099213799814,0.7013401483281891
29883,-341.2366071428571,0.0745328016428073,0.3702599427421851
29886,-8.071428571428577,0.36133872983961224,0.676821038634268
29887,456.65089285714294,0.002839173889566395,0.1514456901580904
29888,-4.508035714285711,0.5559315002496298,0.8046260794194331
29889,-11.313392857142844,0.8389638727501555,0.9414721300774458
29890,18.410714285714292,0.2111384302398994,0.5493216118661194
29893,-6.9491071428571445,0.26473832077685994,0.6009198016316621
29894,-8.104464285714286,0.18988350986955851,0.5288761343021915
29895,-2537.7580357142865,0.0201240164386422,0.23744580766467172
29896,75.48214285714285,0.10203460785492355,0.41601907360841567
29899,20.88035714285712,0.8518307839953255,0.9459135628620848
29901,75.60892857142858,0.00969404038245887,0.197522152584313
29902,2.104464285714286,0.8472645310110534,0.9442738846473429
29903,-12.041964285714283,0.23401141158261474,0.571364887611283
29906,-7.177678571428569,0.4591026935947176,0.7454470873486527
29907,-1.2589285714285694,0.9356770913846156,0.9774622982128356
29909,42.848214285714285,0.20559206496848784,0.5429104338028964
29911,-25.355357142857137,0.0524045508854539,0.32302354223925506
29914,-26.246428571428567,0.29918482054086004,0.6297275468731447
29915,-72.34464285714279,0.09172482036787988,0.3994786166651133
29916,63.44107142857143,0.34158540133287757,0.6619504908451255
29919,27.842857142857127,0.010552728428887928,0.200354403798481
29922,-278.1642857142857,0.025680965017206753,0.2528100040179653
29923,145.92767857142852,0.1390738914461817,0.46793015475815297
29924,-40.183928571428574,0.013032309994751664,0.21137711545547824
29926,62.61160714285715,0.0003524300842879355,0.09539165771506372
29927,252.49464285714282,0.01736528959032025,0.2283369916124698
29928,21.011607142857088,0.22240090907977783,0.5610820276825791
29929,51.678571428571416,0.07123557308945594,0.36413077127289484
29930,4.339285714285715,0.20219924572023176,0.5399650170828207
29931,-168.40803571428577,0.05554534945559495,0.3310740195666253
29933,-2.3625000000000007,0.7073800649685632,0.8833347530229713
29934,40.108928571428606,0.026343217240355758,0.2546848805012123
29935,-12.042857142857137,0.37111368260079836,0.6848236726247477
29937,7.004464285714278,0.7880752686620951,0.9199138344465471
29940,526.7562500000001,0.0051753679745823655,0.17182093284629854
29941,13.218749999999993,0.33531444055441767,0.6576974721905933
29942,-14.012500000000003,0.11694405978441488,0.4393717768924604
29943,2.1000000000000014,0.5598226225931325,0.8069313663805092
29944,-16.329464285714284,0.08963931187359661,0.396331079295992
29945,-26.762500000000045,0.8658366222016336,0.9510124259879076
29946,-13.066071428571433,0.21002994335205136,0.5483686143342442
29947,-4.627678571428571,0.10022819728680427,0.41321252926814883
29948,-0.17589285714285907,0.962732532393918,0.9873091722368883
29949,-5.060714285714287,0.2784939837689584,0.6128167812036786
29950,76.87232142857145,0.00017770518230111432,0.08218894428282343
29951,31.93392857142858,0.34367830322917226,0.6633287834110234
29952,95.43928571428573,0.006053520819785339,0.17861643325513404
29953,-183.74553571428572,0.009903347281945625,0.1979263415238281
29954,-21.875892857142873,0.01676468164716473,0.22537717459029546
29956,184.47678571428577,0.01584849231722857,0.2220128919919221
29957,228.81874999999997,0.021461233280861688,0.24020584864565522
29958,-15.509821428571428,0.022699235139111696,0.2438792352673283
29959,9.471428571428582,0.42748289346581547,0.7244406037951666
29960,75.37321428571425,0.04155814148374485,0.2970961539780007
29965,-14.24107142857143,0.08268408582627007,0.3839225848141745
29966,-78.96964285714284,0.21063351050966506,0.548847447746874
29967,84.88125000000001,0.04149244974477887,0.29697338906605575
29968,129.38214285714287,0.22971015186895316,0.5676957065700855
29969,281.3223214285713,0.15178951407464353,0.48338783616181646
29974,3.264285714285716,0.7366893782938599,0.8966117970353003
29978,-30.67410714285711,0.7447565412405719,0.8997009189846941
29979,-56.310714285714084,0.5632613233160542,0.8087691804271564
29980,5.726785714285711,0.6242030605399428,0.8423205650719789
29982,37.38035714285712,0.2304793847218991,0.5685553311527628
29984,-4.8830357142857395,0.7664547389002234,0.9094165114880581
29985,60.66071428571428,0.0026434142490266645,0.14884518441352512
29986,-16.48571428571429,0.010907327183147103,0.20239076824216223
29988,-12.319642857142867,0.06203385600687552,0.3467505553661338
29989,1.091071428571428,0.6306291488101919,0.8453587837104284
29991,-3.709821428571429,0.17561871106411983,0.5140808973838003
29992,45.668749999999996,0.007631997669117791,0.1878321840087255
29993,3.1499999999999986,0.4731962426684723,0.7544398147697409
29994,-1.7455357142856656,0.972676671575331,0.9902372493995926
29995,-732.0741071428572,0.018876352510151025,0.23381616979893685
29997,-4.710714285714285,0.3218362669322415,0.6472452251139404
29998,-2.0687499999999943,0.8439445313544364,0.9431306540992092
29999,-7.264285714285714,0.200443611660465,0.5387880471365768
30000,-26.382142857142867,0.2897555642939238,0.6227926153361647
30001,501.99910714285716,0.0955641336174905,0.4059549171114431
30008,202.60267857142856,0.0036474143460105963,0.15928305061352185
30009,3.4044642857142833,0.6303982831074494,0.8452534086640817
30010,5.7642857142857125,0.1125383723013309,0.4323684565789661
30011,-1969.6312500000004,0.17629818478075807,0.5147234180582663
30012,1.4401785714285715,0.7006010902160336,0.8797990015137004
30061,-1409.2571428571428,0.0730404564962872,0.3674242282769755
30062,4.079464285714286,0.1732875619380047,0.5108096532758468
30811,-12.050892857142856,0.07026070847119745,0.3622351943104875
30812,-13.493749999999999,0.26992697702593105,0.6051714557498611
30813,-6.6107142857142875,0.17309208379411475,0.5104260655543512
30814,2.4107142857142856,0.4595209909455889,0.7457276477382706
30815,2.453571428571429,0.7110601807223704,0.8852982254485615
30816,-8.605357142857137,0.4015301151674349,0.706738193839848
30817,57.824999999999996,0.06133627163922284,0.3451104906612999
30818,-12.280357142857143,0.01765194066511483,0.22940178462677363
30819,-40.53660714285715,7.976142017156299e-05,0.06413170070412068
30820,-7.204464285714291,0.30230544931409187,0.6317770216821333
30827,84.62053571428572,0.1168373232613167,0.4393717768924604
30832,-17.308035714285722,0.08317640414372723,0.38493904660219114
30833,4.766071428571429,0.3369092185435559,0.6588401274894345
30834,36.900000000000006,0.10247376261537897,0.4165249864253265
30835,-8.990178571428572,0.2712320449514792,0.6064076637067196
30836,-149.2089285714286,0.08500824244854165,0.38857814311175604
30837,-66.81160714285716,0.00026498932963081736,0.08348620717944168
30844,98.55267857142852,0.2729430703080464,0.6076701021700641
30845,31.668749999999996,0.020785264371028213,0.23884706378435636
30846,32.57767857142858,0.679936439019641,0.8696387006521251
30847,1.3098214285714276,0.7192833724282847,0.8891234289868297
30848,-2.4446428571428562,0.24041877370697834,0.577355443905699
30849,-26.451785714285734,0.4361391279903321,0.7303046313509558
30850,27.57678571428572,0.03812133688235678,0.2878870261757969
30968,-15.950892857142847,0.3619329135918545,0.6773383670698631
43847,2.4383928571428575,0.2659242565673123,0.6015726231047126
43849,9.316964285714285,0.18389687273844588,0.5228581132072038
49854,133.8857142857142,0.15039237143633052,0.48170491554079503
49855,-44.72857142857141,0.007808795794548202,0.18798333344091506
49856,11.637500000000006,0.1693812442675403,0.5059784261526258
49860,2.220535714285714,0.5876384179076035,0.8220359306200888
49861,-12.899999999999999,0.09626639308736996,0.40684587168987807
50484,-29.964285714285666,0.7652253852229771,0.908965726033923
50485,24.32678571428572,0.07672672770546413,0.37418908547821345
50486,-516.1821428571429,0.03511286353079495,0.2809183221460658
50487,-0.1696428571428541,0.9726318996850711,0.9902360969644389
50488,43.35267857142854,0.23673401546966538,0.5736251387885238
50489,-13.032142857142857,0.00017806587838417403,0.08218894428282343
50506,-63.23571428571429,0.005032929240250335,0.1708103080140826
50507,196.60714285714292,0.07239828450888701,0.36599708311821855
50508,0.0035714285714285587,0.9981952499236748,0.9994382641342121
50509,25.037499999999994,0.3440937701106113,0.6636262087932797
50511,-5.6196428571428605,0.3745371841178798,0.687187022410237
50512,-12.516071428571433,0.00314565872198972,0.15260771129085
50514,4.275892857142859,0.23125089160146034,0.5691581230226623
50515,180.675,0.0027819744878935628,0.15065973465010227
50604,-9.811607142857143,0.14197741471669564,0.4716501909402754
50613,-6.627678571428573,0.1905169181396975,0.5292629878088785
50614,-6.428571428571427,0.3560286722482352,0.6727017977263083
50615,106.89375000000001,0.02526387083805845,0.251282906689257
50616,-10.819642857142856,0.07075008368838225,0.3631425812433648
50617,-8.19375,0.044276138054820544,0.30287408662826065
50618,-13.352678571428669,0.9331993404165384,0.9763796991268966
50619,52.14732142857143,0.017115945956666302,0.22713940417008013
50624,-5.856249999999999,0.3317778018534571,0.6548703254747938
50626,17.53839285714286,0.11702850629897038,0.43941085456488543
50628,3.532142857142853,0.5161677432713024,0.7809949820962923
50632,-3.2767857142857135,0.1712304143288081,0.508335934377346
50636,-2.1258928571428584,0.5829067624075963,0.8189406309993776
50640,-54.06428571428569,0.5556366446502524,0.8044548656459207
50649,-2.8205357142857146,0.23196750656589202,0.569630597082694
50650,-11.0,0.869820571578805,0.9524768865972372
50651,7.046428571428571,0.5134875628083873,0.7794262214477671
50652,-4.547321428571431,0.3718498245037127,0.6854289823763381
50674,1.095535714285715,0.8054012448811554,0.9268836023464432
50700,-2.9776785714285694,0.395752928198928,0.7026853943843208
50717,-71.49732142857141,0.04541320077038759,0.30550122625276593
50801,-1.060714285714286,0.4985013248248562,0.7695373201520974
50802,6636.624107142857,0.03022245601986382,0.2659605316088933
50804,-40.45535714285714,0.07133987405998256,0.3642620263129119
50805,-0.060714285714285054,0.984690428751502,0.9949354892073546
50807,382.7946428571429,0.005073446382227695,0.17125077921971654
50808,-870.1821428571429,0.003085620050978654,0.15203924887737885
50809,247.43660714285693,0.3056243583063248,0.634830628006926
50810,81.68214285714282,0.18580614446792829,0.5246308071051424
50813,10.041964285714272,0.7390061021771231,0.897823283217562
50814,20.727678571428555,0.16929600415654697,0.5058341454319474
50831,-0.2651785714285717,0.6828885016341967,0.8713954678707942
50832,-9.26607142857143,0.0874351694430974,0.3922231502930798
50833,-4.086607142857144,0.26412094392945695,0.6002499214125472
50834,2.085714285714287,0.6689027715470184,0.8644916654535947
50835,-3.1223214285714302,0.42057034283325934,0.7201945996012601
50836,1.963392857142857,0.46661954023479224,0.7502991901402014
50837,1.3892857142857142,0.5476582001382342,0.7994876803609312
50838,1.1991071428571436,0.6513729794332125,0.8557928066925602
50839,-17.94017857142857,0.002520903371332554,0.1480874147336442
50840,-7.049107142857146,0.06195769881805767,0.346551118452921
50846,0.5785714285714292,0.8769422015640532,0.9553101074952077
50848,294.15625,0.02962424539060426,0.26366277440929675
50852,27.205357142857142,0.09948787000365426,0.41198964572065416
50853,3.6750000000000007,0.4247462675680345,0.7226674687086545
50854,166.38392857142856,0.05643086868519625,0.3342022993075296
50855,-9.05625000000001,0.2181746472658357,0.5572057619055936
50856,156.22053571428577,0.023656371378363836,0.24658167002680592
50859,-14.005357142857148,0.00014149910114856552,0.07736463355297821
50861,34.75178571428572,0.13405597280990364,0.4612806743660403
50862,-155.51696428571438,0.21759583906992694,0.5566132919036332
50863,-0.375,0.8871902318828689,0.958790439757192
50865,109.61875000000009,0.0973460588526324,0.4088408843673291
50937,-102.90446428571431,0.5926582012495151,0.8253798403758943
50939,-12.910714285714288,0.07795155238405263,0.37633956174099026
50940,-113.47142857142856,0.008200055240371401,0.18975775366308964
50943,-8.95,0.3206835438535209,0.646412755478853
50944,-5.634821428571428,0.19974391040447506,0.5379007191727663
50945,-0.6330357142857146,0.6905639666003477,0.875271457771148
50964,5.371428571428571,0.21494609245284627,0.553903832061996
50999,118.45446428571428,0.049650822967180715,0.31679994698688363
51000,178.49910714285716,0.038771517248582583,0.28976308464809003
51001,-66.39732142857133,0.07414835019418978,0.36937107338872344
51002,-64.81517857142856,0.2416254636181286,0.5783962195367679
51003,72.82589285714286,0.06321877742105127,0.3491425629102346
51004,-17.35803571428572,0.1098829768761804,0.42908300846754155
51006,37.62767857142857,0.029612030585796124,0.26366277440929675
51008,26.347321428571426,0.04462166078534658,0.3038688511281042
51009,254.5919642857143,0.014557975671908028,0.21724806469647845
51010,42.45089285714285,0.009269817024087544,0.19493355607384097
51011,-46.78928571428571,0.15661934245679346,0.48904412043547585
51012,-14.486607142857139,0.3460473776078511,0.6649598374951019
51013,74.59375,0.0565675772659849,0.3344687235879447
51015,-78.50714285714287,0.29461109918810036,0.6264969020306246
51016,-10.65803571428571,0.6535642112568113,0.8570652927461723
51018,-66.98750000000001,0.0008351177328730017,0.11789051123565568
51019,81.4839285714286,0.1852906565207036,0.524352435165308
51020,-116.33571428571423,0.14239188627930707,0.47200657101498206
51021,-8.914285714285725,0.6394765616200797,0.8497958848839334
51022,37.174999999999955,0.39261011004767754,0.7006089548241382
51023,-110.57589285714283,0.06827542084883224,0.3588348202354997
51024,-104.67232142857148,0.2726162773805127,0.6073629829990437
51025,-21.54374999999999,0.03992978076541094,0.2933113518652207
51026,162.43303571428567,0.2753434511847032,0.610137707540401
51027,3.833928571428565,0.6961387542960165,0.8778043519719001
51028,21.92142857142869,0.7065189640469093,0.8831688963914301
51029,88.58392857142857,0.027691108557000046,0.25762095162495996
51030,199.6446428571429,0.070897398128708,0.3634272682061795
51031,25.683035714285694,0.5627595051624729,0.8083781959294931
51032,-2.206249999999999,0.3526771995493735,0.6701213766433924
51035,13.421428571428578,0.6427805775286209,0.8514415345209498
51042,11.11071428571428,0.2502359488189988,0.5877707261711625
51043,5.093749999999998,0.3113365737233898,0.6393842605388701
51046,-7.124107142857138,0.188120520985803,0.5271906450486304
51050,-10.944642857142853,0.5568303611335664,0.8051125618243483
51052,-8.768750000000004,0.3392953796253073,0.6602240330633382
51053,82.31160714285713,0.1117186449140392,0.4315718655183042
51054,-3.7357142857142804,0.671751718657847,0.8660023394312274
51056,724.186607142857,0.07343793235117173,0.3680648044092322
51057,-119.67053571428568,0.1820395435362328,0.5211694854615235
51058,12.081249999999997,0.09059944995600014,0.39781355896289283
51059,-17.199107142857144,0.06505283427137434,0.35274855834448005
51060,308.10535714285714,0.007379448557238111,0.18641221973416092
51061,159.46964285714282,0.13619151484957184,0.4642603076501241
51062,24.22053571428569,0.07690693654901917,0.3744172024017035
51063,73.29107142857143,0.10069340702823358,0.41388297803789925
51065,980.9589285714287,0.01341886043446483,0.21281174758909507
51066,5.553571428571428,0.08019168602203922,0.3798389009144065
51067,26.93214285714285,0.09728990263623553,0.40871119521450094
51068,48.60535714285709,0.5346509382883798,0.7917490971273946
51069,-21.57589285714287,0.2094443935507717,0.5475478290996562
51070,-37.99017857142863,0.675519236869543,0.8677630314219864
51071,79.41785714285697,0.19515902871337504,0.5341789438922651
51073,-10.516071428571426,0.0073393852585286025,0.18595036562096912
51074,-180.70000000000005,0.04520777788240972,0.3051130522196093
51075,60.006249999999966,0.17516674394218484,0.5134424341949797
51076,-789.0330357142857,0.011851154332254341,0.20717664962190968
51077,10.138392857142847,0.5729673494729225,0.8137528267831506
51078,-39.90714285714286,0.04828245241626122,0.31281468015867786
51079,-165.46339285714294,0.3500878196103095,0.6682290690834106
51081,-39.8732142857143,0.06488898132600138,0.3523492952626006
51082,31.71875000000003,0.455472533835693,0.7433497742594704
51083,-7.46517857142857,0.177058278268244,0.5154771759486816
51084,-19.34196428571431,0.45241148337331544,0.7410071482233787
51085,-27.841071428571432,0.00924685406683127,0.19492717908956222
51086,-2.5794642857142804,0.730837617147317,0.894130216622983
51087,-6.330357142857146,0.39559468799113834,0.7025678029916773
51088,70.39553571428573,0.19105782021054837,0.5297700499676202
51090,-12.107142857142847,0.10166200897573666,0.4153173244692755
51091,3.81607142857143,0.4763599349049353,0.7563561984603161
51092,265.8830357142865,0.6888544791388326,0.8743898791417725
51093,8.229464285714283,0.33484736016898753,0.6573249862742657
51094,46.27142857142857,0.41083451099637314,0.7138153789072981
51095,36.314285714285745,0.3204926026915638,0.6462449954697124
51096,142.62767857142853,0.1755826198237064,0.5140350833448923
51097,-38.18035714285716,0.0504666350557021,0.31884392666304195
51098,17.632142857142867,0.5853555983746955,0.8204762565984689
51099,-64.44910714285712,0.014783724818788972,0.21755971992092024
51100,-231.705357142857,0.08899409452458144,0.3953645988568693
51101,29.61250000000004,0.3723406972081903,0.6855838761991583
51102,-18.622321428571432,0.11678049863052506,0.4393717768924604
51103,-77.84107142857141,0.32501710756576224,0.6498352819517205
51104,-72.2919642857143,0.17408149130913794,0.5121283582096916
51105,-37.72053571428572,0.16420157772658503,0.4989296786225704
51106,-34.39910714285713,0.06393861988659787,0.35070697536912715
51107,39.41964285714283,0.37166981845853847,0.6853179321536689
51108,-101.0508928571428,0.415079846061641,0.7172041394121993
51109,388.041964285714,0.09541012871911973,0.40579088888699877
51110,-82.24017857142857,0.12394177904510692,0.4482712687233724
51111,-30.87142857142851,0.5502969759449886,0.8011792927462388
51112,-13.55357142857143,0.46699882933769377,0.7505163709952815
51114,28.917857142857144,0.18546753922628503,0.524352435165308
51115,-68.18303571428572,0.018638812674204686,0.23299543689635432
51116,-8.455357142857153,0.37835710423965496,0.6899698043593868
51117,17.941964285714278,0.09840574988751533,0.4103769189411107
51118,-279.3187500000001,0.03885678382546863,0.28996161951439164
51121,70.64464285714286,0.13843765479434797,0.46725381784027686
51122,94.13303571428574,0.0261803817356038,0.25429248026188267
51123,205.69285714285724,0.18495804588295398,0.5240497726916237
51124,201.42142857142858,0.34131116430462094,0.6617282735454925
51125,47.53125,0.7836744875924032,0.9181062696409363
51126,-8.323214285714243,0.9292051156598116,0.9746813310317741
51127,-5.855357142857141,0.03875500471505573,0.28976308464809003
51128,-460.3473214285715,0.07214475580937789,0.3653959694964922
51129,187.03571428571428,0.12286277646644818,0.4465209835111745
51130,1.9571428571428573,0.7411158240327066,0.8984598154580822
51131,223.1500000000002,0.019280728251231657,0.23531535385013844
51132,1126.2089285714283,0.0031973993096843355,0.15311040996027905
51133,-46.05178571428576,0.11136718594381953,0.43099634287821675
51134,11.396428571428572,0.17514022749933458,0.5134147961778268
51135,4.736607142857146,0.4038290710942342,0.7087620204827059
51136,-4.884821428571428,0.0916753778616721,0.39942356559472847
51138,-413.392857142857,0.013342554619863268,0.21253035310169197
51141,40.31428571428569,0.1310711403334787,0.4580519204556616
51142,-9.327678571428578,0.9650272413008643,0.98778965381803
51143,-96.13124999999997,0.06616955063985844,0.3551662411789686
51144,262.4607142857144,0.14562848699903305,0.4761510040357574
51145,-2.107142857142856,0.6006296536726053,0.8298023073796512
51146,-4.3553571428571445,0.43393345185120585,0.7290450013817005
51147,-7.298214285714284,0.27108459947384234,0.6062975732730234
51148,51.32142857142857,0.017391332009911217,0.2283369916124698
51149,0.6946428571428598,0.959175370912116,0.9858972980098888
51150,464.80625,0.007193100859625561,0.18463980727700824
51151,-3.5214285714285722,0.44187461500200836,0.734320353390605
51152,-16.16875,0.003651879172148655,0.1593340629484036
51154,30.5830357142857,0.1161634089823507,0.4385110311046827
51155,30.28928571428571,0.05144209413291448,0.32043494193397615
51156,-11.741964285714285,0.2540063564976243,0.5910767337238962
51157,25.422321428571436,0.09330857459174884,0.40246797125372863
51160,39.17232142857142,0.34747882086008547,0.6663067558841642
51161,-20.60267857142857,0.1722932442023865,0.5094717753794203
51162,1.682142857142857,0.8417112533576205,0.9423452086707383
51163,46.70714285714287,0.04499428232489865,0.304419953119964
51164,-166.3633928571429,0.27436556361033354,0.6091751143307609
51166,-4.21875,0.32422779376729954,0.6492987555573622
51167,-5.378571428571419,0.6628605902583353,0.8614345744448618
51168,-0.7000000000000028,0.8955118132602427,0.961832990668967
51170,159.06071428571408,0.45951441655290665,0.7457276477382706
51171,21.216964285714287,0.005856125324390583,0.17778091896531587
51172,27.94285714285713,0.00866617466563884,0.1916725455541452
51174,11.811607142857127,0.474716245444138,0.7552412238614158
51175,-3.3026785714285705,0.4831789222453593,0.7602094781055395
51176,135.84732142857143,0.14715023872392768,0.47758751645676994
51177,34.04196428571428,0.05647223712755516,0.3342664896556326
51179,6.577678571428571,0.23489115414677586,0.572103651565547
51181,-11.198214285714293,0.6068070093558466,0.8325023829600592
51182,29.90982142857142,0.15341874494443522,0.4856794557256091
51184,-18.105357142857144,0.7197560004007232,0.889297338568355
51185,-132.44375000000002,0.22447016256544441,0.5631581763991039
51186,162.46160714285713,0.4410694724243837,0.7338088181010355
51187,163.76607142857142,0.5241819966991187,0.7855833197062748
51188,141.03749999999997,0.010214000776506152,0.1988875360240836
51191,7.3410714285714675,0.8288947091092175,0.9371343718061718
51192,123.74017857142863,0.004999309239508148,0.17052781399115888
51193,-97.84732142857138,0.02200261998756177,0.2416134259529905
51194,-4.66339285714286,0.6363574056243151,0.8484104676274796
51195,0.6901785714285715,0.43083293991372307,0.7266123069259115
51196,-6.991071428571459,0.7176731591939742,0.8884277845357682
51198,-7.473214285714284,0.12096632248873793,0.44358374795920497
51199,42.11160714285714,0.003655111278081487,0.1593340629484036
51200,2.3553571428571445,0.6270785497982947,0.8436016664579649
51201,-69.47321428571428,0.35256757011004536,0.6700720208483985
51203,175.20624999999998,0.027965146767252695,0.25829028787181574
51204,-26.10535714285713,0.1281753715966894,0.45407570557569793
51205,-30.655357142857127,0.02649676072105808,0.25514772958441984
51206,-11.125892857142858,0.1578116362633109,0.49065557735024007
51207,-210.39910714285713,0.014063044038756408,0.21551775732576597
51208,-5.369642857142857,0.03346973907160732,0.27588692654004676
51209,-110.46785714285718,0.00105502810866534,0.12354037039350847
51213,-2.494642857142857,0.6505831262264835,0.8553923417824184
51214,-0.5437499999999975,0.8674506406197473,0.9515621276235244
51218,-330.41964285714295,0.060625257344900964,0.343917343784274
51222,-23.875,0.00404709432393799,0.16427236983022245
51224,-5.713392857142853,0.22656583614547018,0.5652007725342348
51225,-15.65982142857142,0.3343613386650652,0.6569592910307412
51226,100.29285714285714,0.32280310393979905,0.6480243571005773
51227,-83.93035714285713,0.38707367912479007,0.6964116425729013
51228,131.71339285714282,0.2172007930427972,0.5561491762101315
51230,-382.3160714285714,0.03459605274216878,0.27968395234727883
51231,30.908035714285717,0.09471328585613721,0.40456617643881343
51232,-387.55178571428587,0.37017740866169974,0.6839731613861794
51233,-7.481250000000001,0.0737119536911654,0.3684009780388464
51234,-118.78482142857149,0.36544026609387187,0.6797059025676556
51236,22.804464285714317,0.26217448850799274,0.5984132152949196
51237,463.7642857142857,0.19434872830581845,0.5332471882431186
51239,9.423214285714288,0.11795553706171513,0.4402391287978823
51241,-35.54017857142853,0.5375022864301531,0.7932899845261614
51244,-6.316071428571426,0.19883517403856316,0.5370936782055452
51246,219.4410714285715,0.009491646848680809,0.1962861080683594
51247,-550.144642857143,0.01269646469485495,0.2104514998795099
51248,67.69553571428568,0.08483785785415222,0.38822479730296056
51249,52.1160714285715,0.3602631924242997,0.6760499054708466
51250,-52.896428571428544,0.06247047115806667,0.3475341621176599
51251,-295.5705357142857,0.0534724437367673,0.3250908460923448
51252,-2.171428571428571,0.7844173012520865,0.9182942777055034
51253,-31.10803571428572,0.2985654297845173,0.6291548644411042
51255,52.52857142857144,0.30717294588144034,0.636208294780547
51256,16.404464285714297,0.1813525499376078,0.5206600854777729
51257,-0.5473214285714079,0.9651682420059776,0.98778965381803
51258,-32.69285714285729,0.7716712591883904,0.9118306123158324
51259,20.615178571428586,0.2445988870191079,0.582010799363292
51260,-34.16160714285712,0.53701962961536,0.7929482266929508
51263,-154.51696428571427,0.027928116969997138,0.2581450985712789
51264,-22.51249999999999,0.6230093230603625,0.84195651527116
51265,-8.003571428571426,0.03780454052975173,0.28735760509720226
51266,-0.29821428571428577,0.9654450304745998,0.9878119902947982
51267,-15.125892857142858,0.18406796993837798,0.5231345788899846
51268,6.599107142857136,0.5101447213154718,0.7772652260811878
51270,0.4580357142857139,0.9005661331599769,0.9637890809131576
51271,16.230357142857144,0.48433853355367645,0.7609913462621094
51272,45.37321428571429,0.0018956123815269598,0.13893110852545112
51274,7.654464285714283,0.4477071125698469,0.7382709746376737
51275,-16.11249999999999,0.07263765718309423,0.3664912611086791
51276,-8.820535714285718,0.3043751366317538,0.633800119285936
51277,-36.80267857142857,0.0004314618820661388,0.09953661772981492
51278,-29.13035714285718,0.684799529278364,0.8723359393299632
51279,90.67410714285714,0.032785045791423884,0.2743376765604685
51280,696.8517857142858,0.0015670021866433124,0.1298118856889744
51281,-11.049999999999997,0.09828779661297786,0.4102961815872072
51282,39.20446428571428,0.07969689721449034,0.379236540922738
51283,-20.025000000000006,0.16431318131271977,0.4989366675722999
51284,111.73214285714292,0.20101512334156685,0.5389883219596916
51285,-46.18125000000002,0.004936668980457077,0.16997001039451554
51286,-13.716071428571428,0.15347648582048695,0.48575370780427046
51287,1.9669642857142833,0.9586493627130239,0.985784350316618
51289,-0.9955357142857144,0.030903343843026572,0.268375847970355
51290,479.23303571428585,0.05580934255740525,0.33192383382205287
51291,25.358928571428578,0.06743221607861741,0.35724573476505767
51292,50.37589285714283,0.21880827671037345,0.5580550667690818
51293,16.584821428571423,0.11303482123962766,0.4333763239940706
51294,-15.341964285714269,0.24514610082366964,0.582704245827934
51295,-18.643749999999994,0.2155066705644759,0.5545622262383121
51296,59.46160714285715,0.005597168945350341,0.17507163162873565
51297,-9.268749999999997,0.3612097608566491,0.6767716132608944
51298,-6.520535714285713,0.22758646867906265,0.5658331876815069
51299,23.00803571428571,0.6257103181117624,0.8430728350167831
51300,8.662500000000136,0.9532359896511865,0.9838259128679305
51301,-0.08035714285714413,0.9851075547553717,0.9950627319732845
51302,-19.544642857142854,0.07526231326145487,0.37172531187403673
51303,2187.8464285714285,0.02025026851249007,0.23800212212944086
51304,-31.01249999999999,0.047211319413819584,0.30928335597299134
51305,-5.973214285714285,0.06895514358726486,0.3601569044357763
51306,-58.248214285714425,0.5301507101733215,0.7890135307381211
51307,-38.474999999999994,0.3292389578455305,0.6532092321723049
51308,-11.427678571428572,0.03256605305113495,0.27365347726501815
51309,-326.80982142857124,0.019615516386527164,0.2363066358162577
51310,8.448214285714283,0.27828666860510237,0.6126571280591537
51311,292.64285714285717,0.02722570915521755,0.25702448261428906
51312,390.78125,0.5054690267935997,0.7743841134237086
51313,455.877678571429,0.39153148555213096,0.699574639626234
51314,-0.9803571428571436,0.7661536711833364,0.9093372196517507
51315,50.541071428571456,0.025587107336677874,0.25238923537661384
51316,30.312499999999993,0.16639962384603807,0.5018992327903112
51317,79.07500000000002,0.032533724835601206,0.27363888521247254
51318,-62.084821428571416,0.021373343709271228,0.24020584864565522
51319,15.258035714285725,0.32372024454871623,0.6488703923012975
51320,91.60000000000002,0.1875965610989352,0.5265271650838689
51321,-167.98749999999995,0.18738645763668485,0.5263475248541354
51322,-96.88214285714275,0.8740001974071572,0.9541544026443896
51324,383.6366071428571,0.0010929686869595029,0.1240993704425147
51327,0.05982142857142847,0.9937880762834278,0.9978946385821197
51329,42.814285714285745,0.2697174706511102,0.6050021088412533
51330,66.13839285714286,0.2837551899246524,0.6173131867392316
51332,-10.338392857142857,0.09900928083130452,0.4111146888912329
51333,-4.5625,0.1965917898109162,0.5351317177267181
51334,-5.891071428571429,0.8215965988622674,0.9336754012596267
51335,-973.2455357142856,0.028856253891626858,0.2612977279769292
51337,6.512499999999999,0.1764993821294055,0.5149455256832465
51338,361.55446428571435,0.1343898010938836,0.4616008527960853
51339,-35.318749999999994,0.08953768639448072,0.3962408621470554
51340,-8.257142857142867,0.7637819785891607,0.9082359268222964
51341,-21.713392857142935,0.758425964182879,0.9060713634366107
51343,-12.152678571428567,0.4219438753620895,0.720975729277525
51347,68.51517857142858,0.14587605082219618,0.4762545672252597
51348,15.365178571428572,0.10809764536079582,0.42623963364355333
51350,4.098214285714285,0.12758518157772322,0.4534104519182332
51351,-10.403571428571468,0.909034660209377,0.9669922963334698
51352,-14.249999999999998,0.05628535402340485,0.3337826694635606
51359,-5.700892857142861,0.5402429948914291,0.7948019137817965
51360,77.34017857142851,0.44333788809809527,0.7354440071532315
51361,18.81428571428571,0.4236477285420639,0.7217667816913046
51362,8.789285714285711,0.17061212316521318,0.5073176264891948
51363,252.36785714285713,0.1693466143941826,0.505930066225995
51364,-1.1500000000000004,0.774301317906616,0.9130990543642532
51365,-4.96964285714286,0.42240345077089814,0.7212425805221216
51366,-39.60982142857142,0.16871966611629344,0.5052164820038526
51367,37.79553571428572,0.02543419366639025,0.2520142331841042
51368,19.63392857142857,0.12953264282040217,0.4560289550473369
51371,153.6276785714283,0.4996932399382154,0.7701635582728865
51372,-518.5687499999995,0.2609751338295469,0.5974215140734582
51373,-17.283035714285717,0.4916992133420339,0.7653055821417589
51374,388.42321428571427,0.1010353351551668,0.4142873068553131
51375,151.23571428571415,0.4780521735306685,0.7574835449552555
51377,-22.614285714285714,0.33651689756558445,0.6586314744022543
51378,-4.028571428571427,0.327630454413648,0.6520201226417013
51379,209.68125000000003,0.022500088554734538,0.24283920664692815
51380,-4.768750000000001,0.3411712966143618,0.6615903756832854
51382,-18.719642857142844,0.9035563292244878,0.9651267372643224
51384,-3.020535714285713,0.230930538102112,0.5689957706846819
51385,-6.188392857142857,0.22777769800732298,0.566027890125915
51386,-797.4080357142866,0.04174076027311789,0.29743981205417847
51388,22.197321428571428,0.1390472949507887,0.4678694597473305
51389,-121.74017857142871,0.47324978329495637,0.7544744017146501
51390,22.808928571428567,0.6999025025870921,0.8795273262242523
51393,81.30178571428574,0.012460364576955025,0.20957631240569885
51397,50.03482142857138,0.40011290637216124,0.7060322822712414
51398,-10.375892857142844,0.8116651510867624,0.9293778457731673
51400,26.865178571428544,0.17766459828566897,0.5162452543559453
51406,155.53660714285718,0.1392712881997743,0.4680327321481335
51409,32.75892857142857,0.014127915574728553,0.2155857616657225
51411,31.263392857142858,0.031692128900598006,0.27041411074932875
51412,2.0723214285714286,0.4220374542578077,0.7210139882796925
51421,-2.0678571428571217,0.9805892156360411,0.9934821093977255
51422,20.617857142857147,0.29632887129834273,0.6273747282617786
51426,24.925892857142856,0.6873687826459908,0.873535241389231
51427,32.76875000000001,0.18292086657330817,0.5218589743534896
51428,88.53839285714287,0.0336940906535038,0.27656369155076993
51429,207.7482142857143,0.30926055069965824,0.6379242665624317
51430,94.39732142857147,0.043406983097001535,0.30095116046229375
51433,45.45892857142849,0.7376982663470016,0.8970546400707915
51434,-6.0196428571428555,0.3385780344094437,0.6599320534503701
51435,212.64553571428576,0.3707529095268811,0.6844949146142514
51438,-5.329464285714284,0.14605927127773338,0.47637745712245017
51439,-98.05535714285725,0.5840763071380677,0.819681871300293
51440,-5.738392857142854,0.29811831287045876,0.6289161074272613
51441,215.83660714285713,0.043243093369778336,0.30050268237157307
51442,-8.643749999999997,0.11697977461375451,0.4393717768924604
51444,89.33125000000001,0.24326454480933,0.5803839673283713
51447,11.25892857142857,0.40704497182839366,0.7111007604239256
51449,-1216.2437499999996,0.000924675163375702,0.11859210302321158
51450,13.886607142857159,0.3527009501214442,0.6701213766433924
51451,-31.211607142857076,0.33199144188230617,0.6550337239593533
51454,-392.44642857142867,0.10155200002536696,0.41518753801756875
51455,-148.5607142857143,0.0035581723228795617,0.15830078651700105
51458,2.015178571428571,0.6645094048421376,0.862093102452161
51460,-9.966964285714297,0.33848524700306826,0.6598217655409567
51463,-26.073214285714286,0.010517154750242938,0.20000884729375046
51465,334.42678571428564,0.07488067570834302,0.3707626183060842
51466,56.30624999999998,0.06464452472358377,0.35184998822210567
51471,-10.937499999999998,0.007855790412252017,0.18798333344091506
51473,-5.771428571428572,0.13153465489695818,0.4585034910873894
51474,-263.4901785714287,0.2752854011669293,0.610137707540401
51475,0.21607142857142758,0.9471869884688872,0.9817658248750379
51477,-21.426785714285714,0.07326973125003236,0.3678722156273826
51478,4.1991071428571445,0.8940484846553163,0.9613364392373677
51479,83.86428571428564,0.4104066926301901,0.7135947183830702
51480,-17.099107142857143,0.001529404877949448,0.1290963936360878
51490,9.19642857142857,0.3046948815480213,0.6339734819977193
51491,-22.007142857142867,0.4053251485291585,0.7096337537491352
51493,12.303571428571445,0.8654780320805271,0.9507570507670188
51495,337.7696428571429,0.012748859711795575,0.21058829710013527
51496,161.225,0.003172521368015886,0.1529916663837872
51497,6.408928571428561,0.738234640407119,0.8972909443457985
51499,-47.94732142857151,0.7236971898939232,0.8910539985013343
51501,16.610714285714266,0.8876298280148612,0.9589622361427549
51503,-171.30892857142857,0.0742882770759302,0.36980889872626355
51504,323.79732142857154,0.21433439805823987,0.5534055480827536
51506,216.1410714285712,0.23521819363771868,0.5723231761990585
51507,-61.62142857142857,0.1099609701701469,0.42913971896074593
51510,121.32142857142844,0.731383583117319,0.8943233899163636
51512,-61.66696428571436,0.39091919496376,0.6990543168235601
51513,4.512499999999999,0.6110169270206952,0.8347469669131417
51514,36.06071428571429,0.06775998595388111,0.3578716181698462
51517,-17.48839285714286,0.19247569293231998,0.5312539003016101
51520,-124.39017857142846,0.20218080184762366,0.5399650170828207
51522,40.799999999999955,0.5286244332552262,0.7883750719603494
51523,-171.482142857143,0.15963404722888086,0.4926893328952335
51524,68.08392857142857,0.0028705974143136037,0.1515798484623921
51526,-19.049107142857153,0.3382760437026879,0.6596943334569787
51527,206.58482142857144,0.012006934203756835,0.20793439714101364
51528,170.3499999999999,0.05664620290343543,0.3345819913648862
51529,202.7267857142856,0.23843827076241772,0.5752788856239147
51530,-27.681249999999977,0.12025009694333526,0.4426197691111387
51531,19.85625000000003,0.1475474846657348,0.47828059074518586
51533,12.325892857142858,0.14385361981025413,0.4736725057311345
51534,-155.12946428571433,0.035941611206570946,0.28262729652225893
51535,114.70267857142858,0.3832170427826221,0.6936391143208992
51537,36.13839285714285,0.004910467493620738,0.16997001039451554
51538,-36.24821428571431,0.16438962634764362,0.4989569248040058
51540,-4.485714285714286,0.37011847673242526,0.6839104976628257
51542,70.32142857142867,0.3755158775059459,0.6879801821037851
51545,21.850000000000005,0.019008913682403053,0.2341848480363648
51547,26.15982142857142,0.2038204155949045,0.5412541270897763
51548,4.277678571428581,0.7444338200190572,0.8995304560828986
51550,-12.136607142857137,0.24802656472540988,0.5855148997559709
51552,240.80803571428578,0.011868671879917754,0.2072329406830945
51554,-30.761607142857144,0.18558981930735619,0.5244012354537226
51555,-2.930357142857142,0.5474161986686693,0.7993478263549794
51557,-10.244642857142857,0.02820691530717803,0.25916630777344796
51559,0.8428571428571416,0.9137300735170192,0.9693279219531428
51560,-32.84375000000003,0.016414229429908854,0.224193853130219
51561,15.45357142857143,0.1114575235044139,0.43118517636763815
51562,-22.57857142857145,0.13918852936124776,0.4680146511716131
51564,9.271428571428569,0.30066017842811327,0.6306635480863998
51566,-77.18392857142851,0.5718134000086067,0.8133379548237616
51567,95.44999999999993,0.3513517707603868,0.6695238540789458
51569,284.2678571428571,0.026838992980837834,0.2560052235218612
51571,355.5491071428571,0.01171740364150388,0.2067873233484533
51573,-5.901785714285722,0.6572373719435374,0.8590229356113813
51574,-53.089285714285666,0.08948887280390347,0.3962408621470554
51575,-21.352678571428555,0.8641134127525061,0.9503933410782216
51581,98.09553571428569,0.08871338181277953,0.3950483914818147
51582,118.09821428571422,0.12443614598220386,0.4492865536272202
51585,-62.720535714285745,0.0985505449820323,0.4104708651552233
51586,27.141071428571436,0.010725636802422852,0.20124371728636564
51588,8.107142857142861,0.12268671100161088,0.4462410806288634
51592,24.856250000000003,0.19708836038607144,0.5352888389492381
51593,148.8642857142858,0.023595569880357898,0.24618049758656588
51594,-24.219642857142873,0.3906776798727884,0.6989627665917769
51596,575.8625,0.08226314365829779,0.3830795826179569
51599,8.416964285714286,0.45643260405185115,0.7440726505422034
51601,-24.165178571428584,0.3289456503122005,0.6529837834146508
51602,17.3125,0.8344535033593605,0.939668924601426
51603,20.55446428571429,0.2852399045250969,0.6183526786050126
51604,154.25625,0.018988057808712332,0.2341143615618767
51605,32.105357142857116,0.19615402451577876,0.534749661278455
51606,-16.1660714285714,0.8079387369279407,0.928023260887427
51608,-33.625,0.006216591164790844,0.17952850950194416
51611,-22.777678571428623,0.3719842586606297,0.6854289823763381
51614,168.1357142857143,0.053337104369240704,0.324682897649074
51616,-96.17857142857139,0.026988380024392584,0.25639246494633033
51617,-6.491964285714287,0.028359219175911898,0.25993969965515223
51619,-159.87678571428575,0.0040055206058640155,0.16319064018302165
51621,123.79285714285714,0.014716914743925944,0.21752154060372378
51622,-28.459821428571434,0.00040408759848396575,0.09656838991718651
51626,6.324107142857137,0.5719762558170511,0.8134667552397464
51629,27.886607142857144,0.09944603706240639,0.41197242585142213
51631,13.590178571428567,0.551431844959182,0.8018706913253882
51633,-28.464285714285694,0.3615260694106636,0.6770295022228926
51634,34.983035714285705,0.03046252443293223,0.2666568241067194
51635,-100.93482142857141,0.1482434082606859,0.47928616561131815
51637,10.542857142857429,0.9612508003527135,0.986585337412187
51639,-12.566071428571377,0.8963478510674038,0.9622287833947766
51642,-37.63928571428572,0.19868592052819806,0.5369797573447489
51643,1160.5625000000005,0.10984368710793717,0.42908300846754155
51645,30.56875000000001,0.22658549175046638,0.5652007725342348
51646,31.827678571428635,0.555751741564046,0.8045194109385108
51647,-66.24642857142851,0.6038698338997411,0.8312541395419912
51649,-17.753571428571462,0.6405981551826367,0.8503476106779077
51650,-150.68303571428578,0.15449635870199843,0.4868664765960323
51651,93.47946428571427,0.09187095011143619,0.399742599611921
51654,-19.486607142857125,0.2195819052150799,0.5583822825813561
51655,-183.98392857142852,0.22373494389525853,0.5624451370315954
51657,71.55625,0.0029639537772345854,0.1515798484623921
51659,20.454464285714284,0.28152227620283715,0.6154993093009379
51660,-445.76517857142846,0.024193598201875253,0.2478513825108395
51661,97.92142857142859,0.06507169176160395,0.35281582180342086
51663,-77.57767857142858,0.6735511527904342,0.8668048627153535
51665,-11.787500000000009,0.35671436735761436,0.6730039055933963
51666,-232.83124999999998,0.013407698997367237,0.21281174758909507
51667,203.89553571428576,0.09391116361606602,0.4034092450273735
51668,421.9374999999999,0.06004387946283086,0.3427183536517671
51669,178.10446428571368,0.6355889629320776,0.8479050403872218
51673,147.66160714285715,0.16372955360318078,0.49862911773000573
51676,-185.85446428571433,0.014532998948074447,0.21716162281049847
51678,-7.034821428571426,0.11888716102005273,0.4411071884345401
51684,-21.591071428571425,0.0370503524545443,0.28479118175415113
51686,5.0562499999999995,0.08934550312972743,0.39589637601246835
51690,34.62678571428572,0.4273320074552279,0.7242971513303548
51691,-25.310714285714297,0.18702327052595782,0.5260336313249883
51692,56.43482142857147,0.07908990134827591,0.3784353284090339
51693,1.6133928571428626,0.7657822757646326,0.9091898646655711
51696,48.968749999999886,0.6772218023803184,0.868472714741242
51699,124.59732142857149,0.1936366520668184,0.5325227076984707
51700,3.214285714285719,0.7130873027484796,0.8859913254805846
51701,115.69375000000008,0.1533025511000379,0.48539593359940775
51702,-0.9151785714285712,0.8509938597935629,0.9456156650302643
51703,71.01160714285714,0.019953823922200024,0.23693215434964007
51704,-113.93035714285713,0.0015541742876751213,0.12969581044195497
51705,-342.30535714285713,0.0027113525027865778,0.14981708025607718
51706,-385.7776785714284,0.028208866251195383,0.25916630777344796
51710,-11.996428571428567,0.38963734223557406,0.6981090412924981
51714,38.5107142857143,0.4608647965275381,0.7467339850677256
51715,-108.80803571428567,0.30718458701614004,0.636208294780547
51716,-23.116071428571423,0.021851084881407443,0.24158128810580906
51719,-588.0696428571432,0.008642759671697644,0.1914997954533542
51720,-5.753571428571462,0.7654165057681347,0.9090272761593338
51725,-838.6464285714284,0.03026338135112764,0.26605919998472566
51726,203.88214285714284,0.12635494510318251,0.45194665861026456
51727,490.2437500000001,0.1398638838272175,0.4689720255276044
51728,-26.572321428571442,0.021690827774805212,0.24153686529276477
51729,44.96517857142851,0.35870089790694504,0.6745072084558474
51733,-5.341071428571423,0.2005557081915227,0.5388012603515933
51734,50.787499999999994,0.30715404233512594,0.6361952973698909
51735,96.81607142857143,0.12890107427467332,0.45515090852604895
51738,-23.608928571428567,0.0037650751182989346,0.1604485441098942
51741,27.196428571428612,0.6477531302355761,0.8539865818088177
51742,354.96964285714284,0.09820980612545437,0.41022006881945206
51744,10.667857142857141,0.13638309926045775,0.46451071818287465
51747,-592.8089285714291,0.12481309160484616,0.4499636631209753
51750,-9.383928571428566,0.1895740971817241,0.5285280589164635
51751,-26.495535714285708,0.07442101227108666,0.3700751471786039
51752,187.5357142857143,0.09397036172167257,0.40347778183597977
51754,11.406249999999993,0.22806876002723375,0.5663136134469778
51755,22.172321428571436,0.14889411833926494,0.479829308528755
51759,-14.052678571428572,0.511825663602246,0.7785039124772928
51760,30.920535714285705,0.3128564744037888,0.6406050263676245
51761,-15.100892857142853,0.28638007581907937,0.6195967965418133
51762,337.4919642857144,0.09748021527655619,0.40908414414045
51763,12.358928571428585,0.23657942193303783,0.5735100851854988
51764,-0.6294642857142847,0.8847353097706991,0.9578602852739718
51765,185.12053571428572,0.026372678841255794,0.2546848805012123
51768,66.20625000000001,0.06827111367188755,0.3588348202354997
51773,-156.87767857142865,0.20745200312461762,0.5453062331917973
51776,-2746.4991071428567,0.0011607251093447323,0.1240993704425147
51778,-1287.0589285714286,0.0214934020007604,0.24026819758568285
51780,19.56696428571425,0.5326122355674124,0.7905680461422091
51802,-3.515178571428569,0.47538399784081575,0.7555644399629732
51804,-255.22589285714287,0.02181810679881672,0.24158128810580906
51805,-113.18125,0.017668238044139802,0.22940178462677363
51806,-2.798214285714284,0.7316330680880963,0.8943233899163636
51807,-4.019642857142859,0.28433263951248006,0.6177582779791316
51808,-45.02857142857147,0.37364659765688385,0.6865482113046123
51809,80.61607142857142,0.07406623480897814,0.36928427760175814
51816,583.6,0.009802319932806575,0.1979263415238281
53335,11.22767857142857,0.6060884383075635,0.8322682147723027
53336,-4.755357142857143,0.08906842354353883,0.39547858670887726
53339,-1280.7294642857141,0.023135924099413428,0.24509913779024012
53340,36.30714285714286,0.004341478554976475,0.16576162857571458
53342,-724.0464285714287,0.004970029664967971,0.17015427171704686
53343,-58.19285714285712,0.28157595382228373,0.6155118364616797
53344,-3.874107142857099,0.8589427030241034,0.9485687912872983
53345,-35.65446428571428,0.013869444547444282,0.21508841205530554
53346,-63.75446428571428,0.1098753528532824,0.42908300846754155
53347,9.228571428571428,0.19075763439978383,0.5295325782294974
53349,8.484821428571426,0.11157581812774346,0.4314901581648305
53353,-98.62589285714283,0.03528463146723751,0.28118163904259014
53354,-91.25625,0.013113775470053192,0.21137711545547824
53358,-22.95535714285714,0.00017999918319948374,0.08218894428282343
53371,44.737499999999955,0.5068848158817019,0.7751697628996019
53373,-12.392857142857142,0.16706446280863027,0.5029596114785453
53405,-5264.0196428571435,0.00015657351228077926,0.08218894428282343
53407,18.316964285714292,0.41673178395706156,0.7180615262000044
53615,15.906250000000014,0.23533713823755928,0.5724245871142283
53616,-61.94285714285712,0.06894694198718475,0.3601569044357763
53630,0.6142857142857139,0.9154787624607318,0.9700779187715218
53632,-42.223214285714285,3.3213859350839886e-05,0.043237327619218356
53635,-16.083035714285714,0.4224424130261027,0.7212659481093208
53637,-5.3410714285714285,0.3078790587755718,0.6368151383026852
53820,-2.0508928571428555,0.6010125073656553,0.8299709026995961
53822,-2.4857142857142875,0.7672651514965094,0.9098235149800878
53826,-43.1455357142857,0.21920324960051543,0.5580619143186898
53827,152.83928571428572,0.005757016546276884,0.1771799340906169
53828,-0.23303571428571423,0.9506665368063935,0.9830728441040324
53829,16.985714285714295,0.44814191642555923,0.7383478214825691
53831,27.619642857142857,0.003819930501942354,0.16115331805069308
53832,-8.589285714285717,0.039309657936566794,0.29089823228305467
53833,-10.280357142857145,0.1739095439479772,0.5119255042185664
53834,3.3526785714285694,0.6571316195133027,0.858962209450364
53836,-5.099107142857143,0.08172568158768445,0.3826065321313655
53838,112.78035714285713,0.026800665677418095,0.2557735025157679
53841,0.5169642857142867,0.7859523770040916,0.9189856866142012
53844,-69.20178571428569,0.04603791371571434,0.30682476894590405
53904,-5.805357142857144,0.33229317390861857,0.655297719872091
53905,-13.40267857142857,0.05442068526590571,0.3276884662710183
53916,-13.686607142857149,0.09092490198912836,0.3983828277503173
53917,61.412499999999994,0.10535248669348593,0.4215255916550562
53918,48.05446428571426,0.07162432100990646,0.3647579298267606
53919,-22.09285714285714,0.008868497338049631,0.1926440571942247
53938,117.98035714285714,0.022382124443503668,0.24265533126027536
53940,-2.435714285714285,0.5363411380520107,0.792504657614517
53942,-11.115178571428572,0.02997525023910739,0.26493643821907475
53944,41.27857142857144,0.028819126686760354,0.2612977279769292
53947,-2.9660714285714285,0.4146613130602699,0.7168887681128934
53981,-68.54642857142858,0.23911050535834696,0.5758748747355416
54014,25.91964285714286,0.25723359273185986,0.5940184060338628
54020,-5.350892857142853,0.5243773056033552,0.7857237696824331
54033,1.963392857142857,0.5622101417778052,0.8080903437562311
54039,6.71696428571428,0.439311403958345,0.732386602372927
54058,5.850000000000001,0.3151033199340374,0.6421990538410368
54059,15.036607142857164,0.2048123667848064,0.5420978919474895
54065,-22.431250000000006,0.2356212316429523,0.572661399363372
54067,-18.091071428571436,0.06539783057754349,0.3533740847706503
54069,22.535714285714278,0.03492117978008232,0.28023781794735947
54072,-0.461607142857142,0.9135876548283294,0.9692144484106352
54084,-2.8339285714285714,0.3946079271402856,0.7019454595226706
54088,-5.263392857142861,0.3122666347598459,0.640212173972348
54089,-1.3482142857142883,0.7948582448023788,0.9232033507789875
54093,-3.956249999999997,0.7392072225359979,0.8978744041375104
54097,-14.60982142857143,0.1638057100372023,0.49862911773000573
54101,4.679464285714285,0.43009020121652686,0.7259444403295111
54102,246.89732142857144,0.04420547453647192,0.3027623114582267
54103,84.4151785714285,0.5293675375703275,0.788563540003239
54106,-10.554464285714289,0.15641018022048772,0.48880718076999824
54107,-24.507142857142867,0.5028610166610145,0.7728819513390645
54108,-29.074107142857144,0.07415795651738485,0.36937107338872344
54112,71.83035714285714,0.07870231603139562,0.37772552045440266
54143,-8.548214285714286,0.0006914158847558259,0.11428329961427276
54145,14.5875,0.21893463248808268,0.5580550667690818
54148,-73.95535714285711,0.15279255811120898,0.48454504752411653
54149,56.53749999999991,0.5823084904781656,0.8185976066874169
54165,-37.537499999999994,0.19945068842451236,0.5376085236881978
54187,268.6723214285714,0.024403142703637623,0.2478513825108395
54205,-1348.6812499999996,0.0684545682727934,0.3591176429902528
54206,-2090.4821428571413,0.25829180837059756,0.5950313614769949
54207,-3.3821428571428562,0.4025957804831419,0.7077106484234891
54209,22.348214285714292,0.2795529258577081,0.6139457923635246
54210,1023.0366071428571,0.009730634373859189,0.197574214708179
54212,-17.94553571428571,0.004337552497777496,0.16576162857571458
54221,-6.914285714285714,0.014531615085322795,0.21716162281049847
54328,-12.770535714285717,0.0027497640590831767,0.15053197737333318
54329,10.851785714285716,0.13805200345086777,0.4667654440987313
54331,64.26428571428562,0.6640999990501562,0.8619007163885327
54332,-69.76607142857142,0.008175599703133179,0.1897287409884578
54344,48.279464285714255,0.23346761161410273,0.5709152276551955
54345,-2.380357142857143,0.41758447929122416,0.7187040051415208
54346,-10.364285714285714,0.01036438114756433,0.19919918727710903
54360,5.43839285714286,0.5184458967629917,0.7824342885479897
54361,-2.4866071428571432,0.04773157083944844,0.31068314382489454
54363,-6.5892857142857135,0.09022103281914706,0.3972957132385543
54386,119.76339285714283,0.1672099001779084,0.503258906320992
54407,-380.63124999999945,0.5396028392962302,0.794291405144195
54413,-9.661607142857138,0.019683253002932614,0.23641453220133712
54414,10.694642857142853,0.17450615552539317,0.512660472481375
54429,-5.019642857142857,0.2919235115481495,0.6244994409587558
54431,113.48303571428562,0.4245383103978331,0.72256356994775
54432,89.61517857142859,0.023176171230179943,0.2452192656258479
54433,12.00446428571422,0.864491777673562,0.9506019578687397
54434,75.84642857142859,0.012493655949342533,0.20966563506148034
54435,4.996428571428572,0.35811159048233315,0.674001385109693
54436,12.691071428571426,0.07115850439450712,0.3639127516387313
54437,6.677678571428576,0.48345676531954573,0.7603555012037211
54438,-92.36160714285712,0.002487240217438838,0.14794037881322922
54439,-40.939285714285745,0.29697810878822967,0.6279645008313592
54440,50.45,0.04709219708988296,0.3088123061588863
54442,63.25089285714286,0.017531605296575558,0.22855043385557192
54443,97.48124999999999,0.13266545467697435,0.45945928513736445
54453,481.6428571428569,0.32930440920412896,0.6532523074257817
54454,-9.3223214285714,0.7211791378167537,0.8900408993534608
54455,-11.600000000000037,0.3577942847719442,0.6737827847305242
54456,-0.9696428571428566,0.6215380319560906,0.8408843746240786
54457,-0.9535714285714274,0.8358758126416607,0.9403557600543072
54458,98.53035714285713,0.021889763989773305,0.24158128810580906
54460,132.90714285714273,0.3489502573403925,0.6675404511318912
54461,-17.294642857142847,0.4075790480324801,0.7113929593352226
54462,-224.79553571428568,0.08017666986077558,0.37980067792738736
54463,-343.7000000000003,0.31092683924318587,0.6392385817392869
54464,199.32857142857142,0.519863181378621,0.7829785178348365
54465,16.17142857142855,0.46859963072701505,0.7515160392467308
54466,-5.121428571428571,0.08685908199254778,0.39170587969769544
54467,101.86071428571432,0.0455862710765448,0.305819554737434
54468,-24.781249999999943,0.6805166206810117,0.8699665715516438
54469,-326.940178571429,0.05985593837715452,0.3423535439205175
54470,319.10625000000005,0.11332869550781957,0.4337285753107963
54471,46.303571428571445,0.16385030870034117,0.498637182911675
54472,24.21428571428571,0.0001322830713990069,0.07694230775256067
54474,-0.7616071428571427,0.857493093115809,0.9479827496382007
54475,8.315178571428573,0.1727343337309333,0.5099747211540007
54476,9.116964285714275,0.4737255826762513,0.7547335576905426
54477,-84.4125,0.27903943251478996,0.6133276835768027
54478,19.1,0.01910973997226057,0.23441328051251287
54480,97.04196428571429,0.0008618551095092354,0.1180986166525225
54482,26.02589285714285,0.5564331660718815,0.8048256191798159
54490,-15.107142857142861,0.31593597006847374,0.6429817357273825
54491,34.54910714285714,0.3054374586957187,0.6346111743943917
54492,-148.31160714285716,0.0902098908212209,0.3972957132385543
54494,-33.39464285714284,0.019511054831049368,0.2359059979848793
54495,32.75357142857143,0.6335654535848381,0.8470782089821394
54496,4.196428571428573,0.6539233004556017,0.8572483384662052
54497,31.280357142857156,0.44654762298500456,0.737479347752828
54498,33.115178571428565,0.17767470848798317,0.5162452543559453
54499,398.15535714285693,0.030389909932254437,0.26649050930970514
54502,213.82678571428573,0.07894635669509624,0.3782256148283588
54503,16.316964285714285,0.22923167718998047,0.5673112807161389
54504,232.5401785714286,0.18423482893410575,0.5232835716475087
54505,-68.8107142857142,0.38989321779210445,0.6982532937396326
54507,-8.231250000000006,0.37361455568474866,0.6865421735586352
54508,-11.848214285714286,0.021672231826374438,0.24142845748499997
54509,6.928571428571425,0.23588430166333876,0.5728678627212298
54510,100.09464285714296,0.7117358605461324,0.8854792858524994
54511,-39.050892857142856,0.009248122589086865,0.19492717908956222
54512,36.13482142857143,0.06614574291769751,0.3551525575984593
54514,-0.4892857142857139,0.8690862404157981,0.9522836284774168
54516,-83.12678571428569,0.0623505550201534,0.3473626040072231
54517,3.1071428571428896,0.9530204956053651,0.9837939125461006
54518,675.4580357142858,0.05626456269770776,0.3337236890320212
54520,43.53392857142859,0.24819622337286215,0.5855844769526218
54521,16.489285714285728,0.621819147215315,0.8410132807420494
54522,9.407142857142862,0.30989156920329397,0.6382146130100232
54529,-277.56785714285706,0.06199394065127118,0.34664744376234935
54531,-9.00535714285715,0.22343415678178064,0.562184193375235
54532,-112.51071428571436,0.46730412673085575,0.7507155529473333
54534,-13.15625,0.4814799654401493,0.7593170447436507
54535,-9.656250000000007,0.29449856377007766,0.6263794045798255
54536,-188.5455357142857,0.006494546472005836,0.18107563914172312
54537,-219.73214285714266,0.32283605516576147,0.6480307407367651
54538,-80.75625000000005,0.04991265893766907,0.3173698771415853
54539,-158.26607142857137,0.21139535430741765,0.5494600177621892
54540,16.06696428571429,0.014576388620728485,0.2173430995309929
54541,433.1178571428572,0.18956712891423558,0.5285280589164635
54542,44.59375,0.03558667478319893,0.28164850809745584
54544,2.703571428571428,0.19548747461177074,0.5341789438922651
54545,-42.3339285714286,0.5850779342418063,0.8203604983805761
54546,2.275892857142857,0.5385823144763731,0.7936123984367524
54549,75.92499999999997,0.07822338060893823,0.37673892664557834
54550,2.6991071428571436,0.573805550257999,0.8142861934270165
54551,3.8160714285714272,0.4521686001296572,0.7408830756499489
54552,13.538392857142853,0.46800368370941275,0.7511551858744208
54554,-4.305357142857147,0.5659790228646207,0.8103517708938417
54555,-4.672321428571429,0.36192085778096655,0.6773383670698631
54556,-21.870535714285722,0.13505110470863652,0.46268056582146133
54557,199.69196428571433,0.014012868351404287,0.21551775732576597
54558,-9.454464285714288,0.09443621956793728,0.40417223521541845
54566,-69.06160714285716,0.122481681493045,0.44590084072400066
54567,1.4526785714285708,0.7719686999247481,0.9120305263901171
54578,-0.9758928571428598,0.837415056391569,0.9410585930587889
54581,-11.958928571428569,0.02935584085321518,0.26292045672093695
54583,-1044.3366071428568,0.011936780545871911,0.20765577465946944
54584,-13.983928571428569,0.012207315900870588,0.20849517196955838
54585,25.503571428571433,0.6585207176161414,0.8595248347346216
54586,-5.792857142857141,0.05374416627679463,0.32591640319251847
54587,227.09375,0.0468258960775848,0.3082526283436764
54596,-14.625892857142855,0.09904742912820412,0.4111934842509158
54602,-172.5214285714286,0.16115433351933456,0.4946451010593172
54606,7.474107142857136,0.5077773167204832,0.7757768125769811
54617,15.441964285714306,0.5210085396758376,0.7836812433764042
54619,-7.658928571428575,0.3106580241879099,0.6390999629878956
54620,-9.922321428571433,0.1422103450544322,0.47179706482317874
54621,-21.671428571428564,0.015680185316306758,0.2207133809107327
54622,70.48035714285709,0.42465629458490045,0.7226142242037695
54623,10.697321428571456,0.7018016369045097,0.8804525939687953
54625,45.84910714285715,0.15493690391981638,0.48737784210272517
54626,-7.422321428571433,0.08329253997476467,0.38521151713259116
54627,-10.612499999999999,0.09703752016522674,0.40833729046669526
54629,-49.00714285714287,0.19092644515577864,0.5297559484455663
54658,-9.30535714285714,0.19950523579856133,0.5376085236881978
54659,-7.3758928571428575,0.04955433982736126,0.31637631419599566
54660,7.869642857142857,0.11181228454549869,0.4316379967483734
54661,-5.828571428571429,0.2388203563174794,0.575600744885412
54662,16.988392857142856,0.005171026191279478,0.17182093284629854
54663,8.902678571428574,0.4007317904385741,0.7064143030662935
54664,-136.47589285714287,0.33900082935332354,0.6601227438077333
54665,96.34285714285716,0.04547401985749074,0.3055420369461253
54674,-21.497321428571425,0.5311517007074168,0.7897508766501146
54675,49.39910714285716,0.29590776655770956,0.6270995701161498
54676,15.263392857142847,0.11195992256894871,0.4318155391169828
54677,108.09821428571428,0.07665632055685112,0.37412790036263255
54680,37.99910714285721,0.2128550248428627,0.5512955226567275
54681,69.475,0.06044586247395661,0.34347095518224674
54682,-80.08839285714282,0.35629353920355256,0.6728250301397063
54700,-19.324107142857144,0.3282678589459798,0.6525571282026102
54704,-342.76607142857154,0.0649136399920255,0.35241319298619744
54707,2.676785714285721,0.6981952784254003,0.8786095297345968
54708,-52.2392857142857,0.021818350213019463,0.24158128810580906
54714,-9.381250000000001,0.1978012954312197,0.536104345475728
54715,-386.4044642857143,0.008462304813060708,0.190663035587055
54716,-10.751785714285717,0.20536993660278094,0.5426280038543009
54718,-6.023214285714285,0.35408848377248336,0.6712179906662075
54726,-224.58035714285722,0.09957249000610953,0.4121188210778185
54729,-8.619642857142857,0.04716797028545698,0.3090734390409109
54732,1793.3080357142849,0.019866673313299988,0.23669870634226994
54733,33.88750000000001,0.012803598301988463,0.2108544389039817
54734,6.2187499999999964,0.5992580382040382,0.8291350844402755
54737,72.71785714285716,0.6611646749111383,0.8607061291572965
54738,1.9973214285714294,0.5632215294416241,0.8087579924141224
54739,145.2508928571428,0.3464392847417053,0.665410518091702
54741,216.13571428571424,0.2532589399923628,0.5907413903352821
54742,-11.075000000000003,0.2633522931856016,0.5994998180499113
54748,-5.236607142857139,0.5665699562972006,0.8105874282628821
54749,-269.72321428571433,0.03447247308817548,0.2791144866442237
54751,154.56517857142853,0.09990695115025502,0.4126785232368168
54752,2.1241071428571434,0.474060938044138,0.7548689287172488
54753,-11.81607142857143,0.12058856844697353,0.4429608117977468
54756,-152.96875,0.07093548833728362,0.36350367220322766
54757,54.43035714285715,0.05908102776793962,0.34054063428635184
54758,21.15357142857144,0.1885554997769538,0.5275923930282438
54760,2.6330357142857075,0.744446241714898,0.8995304560828986
54762,0.5687500000000014,0.973827736018101,0.990605061801888
54763,-7.968749999999998,0.11989509962685115,0.4423176825342872
54764,-340.23749999999995,0.003268193941078019,0.15407914923109772
54765,-61.05267857142866,0.4590050632902598,0.7453718218445852
54766,-5.908035714285715,0.1281345068993983,0.45397577531911626
54768,-4.071428571428575,0.40796007040255283,0.711581639457634
54769,-2.8357142857142863,0.4161084425007312,0.7177158721086765
54776,4.2044642857142875,0.5647870621188936,0.8095779729268938
54777,-20.170535714285716,0.018594040532611,0.23279806872464082
54778,93.46249999999998,0.020378118177226515,0.238009362137482
54780,-7.280357142857142,0.6117291223595219,0.835113738523609
54784,4.606250000000003,0.4975993329828025,0.7689424039009828
54785,-12.166964285714283,0.1426126370522917,0.47219949358412033
54788,-17.570535714285718,0.10520715778109307,0.4212523875270058
54790,52.23660714285714,0.44836223795213787,0.7385131457502301
54793,-66.78482142857138,0.19638056237460058,0.5350324609558353
54795,2.448214285714288,0.7121043862457364,0.8855746881850751
54796,157.41339285714292,0.04688105874384662,0.3083515439259879
54798,-12.391964285714284,0.007593255226074098,0.1877827423349435
54799,30.57589285714289,0.5724648293330398,0.8135056994100172
54800,-98.7705357142857,0.142216505264761,0.47179706482317874
54801,43.86696428571429,0.08931984635485132,0.39589637601246835
54802,12.032142857142873,0.5552014797807842,0.8040590392025633
54805,-8.12321428571429,0.22354455885176905,0.5623067149070884
54806,78.55000000000001,0.40713866219084704,0.7111007604239256
54807,-7.833928571428572,0.09631280190435988,0.40693606951332545
54808,27.360714285714295,0.37800554272331977,0.6897770353479877
54809,250.8169642857143,0.017334692581565343,0.2283369916124698
54810,-18.720535714285724,0.20425251873531755,0.5416649591043065
54811,6.234821428571422,0.9160523456825065,0.9702478061291149
54812,102.23303571428568,0.048835011950865564,0.31449734467196166
54813,-36.765178571428635,0.7080038841195192,0.8836812571613963
54814,5.265178571428573,0.3145219404826618,0.6418349344635847
54815,135.40535714285716,0.1194981291864654,0.44178512497599537
54819,-34.874107142857156,0.45818168774350093,0.7448993377184393
54820,39.37321428571427,0.0250112298093706,0.2504621285450221
54821,0.6071428571428577,0.881898157407904,0.95678747608259
54822,10.869642857142857,0.16953048384115812,0.5061324702126861
54823,1.4732142857142776,0.8994122467902327,0.9633539276976839
54825,-8.511607142857137,0.24796169105920035,0.585481195369552
54826,-53.90982142857146,0.02184296481876475,0.24158128810580906
54827,-1.3526785714285712,0.2387251626160636,0.5755048473305879
54828,11.512499999999996,0.40319256518983476,0.7081222415519648
54829,548.8776785714281,0.7591865610398831,0.9063085605745441
54830,-13.382142857142853,0.10280377444397208,0.4169111680554943
54831,-0.3910714285714274,0.8898349239368967,0.9597370600351371
54832,91.06964285714281,0.30905928692607115,0.6377978603715159
54834,5.084821428571431,0.41110454107956573,0.714042255851383
54836,-8.675,0.22041592251749043,0.559091557520551
54838,134.1544642857143,0.2958623185668449,0.6270995701161498
54839,-10.458035714285728,0.5034478831782048,0.7732050748367929
54840,14.500892857142851,0.01549331306427689,0.2199109272557993
54841,21.28125,0.49384485625673413,0.7663985982116442
54842,14.735714285714291,0.34024399914229214,0.6609354155097095
54843,-113.04910714285722,0.3337981935807913,0.6564383569640276
54845,-6.862500000000001,0.1498280303975529,0.48093979698151856
54847,3.9473214285714313,0.667880413838204,0.8639006880068798
54848,-8.091071428571432,0.2685056101775049,0.6040707191281172
54849,94.50535714285712,0.024278822073769697,0.2478513825108395
54850,-4.337499999999977,0.9031081523595947,0.9648778649019717
54851,53.4785714285714,0.25880033082448994,0.5957103560741375
54852,67.86517857142857,0.06895426782444068,0.3601569044357763
54853,4.378571428571419,0.7163754490722241,0.8879177475068882
54854,-0.7321428571428568,0.48269241745168456,0.7599841019458289
54855,915.8571428571427,0.11866674467211566,0.44094903946475433
54856,24.790178571428584,0.08399621690613726,0.38660604085723166
54857,-1.96517857142857,0.7392075463919484,0.8978744041375104
54858,-22.706249999999997,0.096315727136761,0.40693606951332545
54859,-34.852678571428584,0.0605482905503939,0.34369578341391055
54860,-1.6678571428571436,0.5520100931813067,0.8020709163998274
54861,-176.40535714285704,0.036379838086212236,0.28322640475940836
54862,-2.9714285714285724,0.2608351399327078,0.5972864810804961
54863,8.081249999999997,0.41342108404186545,0.716013918370487
54865,-68.01071428571433,0.004930882517512447,0.16997001039451554
54866,-9.747321428571432,0.08909820277013646,0.39550997657052867
54867,30.319642857142853,0.10042340733795056,0.41349723695154955
54868,6.466071428571411,0.7173020912390758,0.8883495341908723
54869,-10.424999999999997,0.2535222469765711,0.5907739357048981
54870,1.5428571428571445,0.8716735720881179,0.9532408283896935
54872,72.36696428571432,0.04749616345597268,0.30998861740579847
54873,-529.3625000000002,8.936290296222288e-06,0.028740686585056095
54874,-231.93660714285718,1.614810903395171e-05,0.030444753842458958
54875,15.729464285714272,0.3928938003026247,0.7009093099564738
54876,11.591071428571432,0.17192023333288936,0.509023338686385
54877,116.96517857142851,0.38058331223541053,0.6920075998755283
54878,-243.2089285714285,0.03765955946774994,0.2869709558597223
54879,9.93392857142857,0.08820643758605198,0.39397818601563533
54880,-14.23482142857145,0.6300462018611493,0.8450296537059612
54881,10.7080357142857,0.5700773907073567,0.81217868350639
54882,8.849999999999998,0.26716689656026676,0.6028372774310835
54883,17.931250000000006,0.11067805519533999,0.43020873764159306
54884,-39.000892857142844,0.5655130241069606,0.8102373669858143
54885,64.35892857142858,0.13095893041113935,0.4579947879165958
54886,-3.720535714285715,0.2998157260792588,0.6300416951104418
54887,-42.019642857142856,0.48104670885045564,0.7591935305772408
54888,28.82589285714286,0.28491172607042903,0.6180469978910703
54890,-71.13750000000005,0.5655067706368982,0.8102373669858143
54891,-47.75892857142861,0.4527573991833275,0.7412290469238172
54892,10.73303571428572,0.42159665247709405,0.7208329781157394
54893,-118.19821428571419,0.00469547158280417,0.16983492073049603
54894,-1.3062499999999986,0.7241700467836372,0.8913953196428331
54896,-8.2625,0.26783371405209994,0.6034453503028213
54897,-48.20267857142857,0.0006369621581452623,0.11271779854219591
54898,-10.410714285714288,0.24417501206338935,0.5815784737188577
54899,46.76517857142858,0.09846146350631699,0.4103769189411107
54900,121.88928571428569,0.1900044305183711,0.528884959926754
54901,4.864285714285713,0.28142291118546653,0.6153768827876376
54902,-60.668750000000045,0.1976097727083744,0.5359529813018636
54903,-17.208035714285707,0.15580514883417285,0.4883204875280645
54904,19.934821428571468,0.5996694579487982,0.829373957496916
54905,-27.32053571428571,0.03092397244089059,0.268375847970355
54906,-14.390178571428521,0.6841526095935958,0.8720780530513103
54908,11.085714285714296,0.47761085300965544,0.757139287082963
54910,134.77589285714288,0.1955158046234786,0.5341789438922651
54913,9.274999999999995,0.407124066554277,0.7111007604239256
54914,16.386607142857144,0.42072251008794037,0.7202052597061148
54915,125.49553571428567,0.11201756604608472,0.4318314643256344
54916,43.31696428571428,0.061291849965174616,0.3451104906612999
54918,552.5901785714282,0.06319002230252899,0.3491425629102346
54919,-38.227678571428584,0.04760681578243449,0.3104236914614914
54920,6.81785714285715,0.5677296961122588,0.8109363994938126
54921,37.2607142857143,0.09656205031731292,0.4074123315505114
54922,-23.09910714285715,0.025867047750672494,0.2532737886404045
54923,6.1875000000000036,0.38758973120582724,0.6967669018767214
54925,-20.36250000000001,0.05430956812617415,0.327348212688631
54926,-181.1973214285715,0.053912047506165454,0.3262598525696455
54927,-316.3651785714285,0.015508616238308624,0.22007100774189567
54928,115.53214285714284,0.05953921272690516,0.34190601228092404
54929,0.6276785714285893,0.969041883846129,0.9890874859223167
54931,-97.30446428571429,0.008468205116470048,0.190663035587055
54932,-9.716071428571425,0.3500876152936937,0.6682290690834106
54933,-4.624999999999999,0.25611951239803615,0.5932730549602986
54934,-40.69910714285717,0.25783645559620627,0.5944577902247182
54935,40.63928571428572,0.04623330819802866,0.30710802159242095
54936,2.63214285714281,0.9633300152061213,0.9875744579441426
54937,-9.869642857142855,0.11971508239204942,0.4421321900243932
54938,12.03303571428571,0.05717241887153354,0.33602641545696155
54939,45.71517857142856,0.020851867226538826,0.23894376891608635
54940,-963.8330357142856,0.20255300799126852,0.540381853807095
54941,-39.81071428571428,0.3762260465250036,0.6887073532372313
54942,-16.816071428571462,0.484514781020035,0.7610781064806048
54943,-3.9491071428571445,0.2145130867633338,0.5535498107320582
54944,-7.862500000000001,0.02138137524225459,0.24020584864565522
54946,-35.6544642857143,0.03981469204700898,0.29283324851622966
54947,19.114285714285757,0.6271485317496411,0.8436016664579649
54948,-52.12589285714287,0.33508571149247707,0.6574650275555559
54949,-4.0625,0.6941541586435658,0.8772227473380938
54951,115.65267857142851,0.2808470889347208,0.6149908317973874
54952,27.89107142857143,0.03561295540893928,0.2816791796139932
54953,27.635714285714272,0.0715690974448355,0.36471021687789607
54954,8.449999999999989,0.7553867721159667,0.9044844679156245
54955,8.489285714285714,0.6375555108526947,0.8488270870931429
54956,25.997321428571453,0.17821035386607217,0.5172612994440461
54957,11.630357142857147,0.008061848915426375,0.1885293368053623
54958,11.16607142857142,0.33840491781501325,0.6597433906925745
54959,1.5187500000000007,0.8497579059623362,0.9451737800450002
54960,17.90625,0.3852966893310311,0.695067193123074
54961,-21.894642857142856,0.21908538536642608,0.5580619143186898
54962,11.310714285714276,0.20707231141628046,0.5448353525835002
54963,-27.291071428571456,0.38560693922487677,0.6953961556986773
54964,-3.599107142857143,0.4886623360860767,0.7634468038307342
54965,13.237500000000011,0.5087520200147863,0.7762380175797927
54967,-7.788392857142856,0.021676676685758844,0.24142845748499997
54968,-12.713392857142857,0.23491472001877936,0.5721141343887198
54969,92.68928571428569,0.09440815391276694,0.40417223521541845
54970,-31.021428571428586,0.0333364965324858,0.27562135178370567
54971,62.96428571428572,0.0942360356980034,0.40397955557380716
54972,-13.249107142857142,0.19701819943446341,0.5352882561634207
54973,5.9624999999999995,0.20142518273587934,0.5393731935588306
54974,1.9928571428571402,0.8081748889007584,0.928023260887427
54976,-7.277678571428577,0.2293217911419992,0.567331492905203
54977,1.9160714285713993,0.8958342617909242,0.9620258520228335
54978,25.326785714285734,0.37700991589774424,0.6890131824403235
54979,-12.589285714285714,0.052507179726165955,0.32304992795134885
54980,28.172321428571422,0.053322573255127216,0.324682897649074
54981,70.55982142857141,0.33840126667740983,0.6597433906925745
54982,5.1821428571428605,0.4308542366754136,0.7266123069259115
54984,-19.167857142857144,0.021921052165033008,0.24158128810580906
54985,-33.10178571428571,0.15986900451882083,0.4929970570821505
54986,-5.166071428571428,0.462641944362836,0.7480835272835318
54987,-48.45625000000001,0.4110840628683173,0.714042255851383
54988,-21.336607142857133,0.22341591429142107,0.562184193375235
54989,-50.974107142857235,0.20444166858013937,0.5419305812916984
54991,3.93392857142857,0.3830868366341343,0.6935980128806971
54993,8.007142857142853,0.3174055598756106,0.6440965508399747
54994,43.92589285714291,0.29067114697544627,0.6235443004295333
54995,-19.858928571428578,0.43832485737384946,0.7317518797339265
54996,-118.46071428571432,0.006351619562005667,0.1804552756501747
54997,-6.108928571428571,0.1314843096819905,0.45841758907427826
54998,-30.64821428571429,0.6645050558397424,0.862093102452161
55000,31.424999999999955,0.6766953210865599,0.8683623977376408
55001,12.116964285714285,0.16738559473224976,0.503400991983953
55002,374.9401785714286,0.06450474360768269,0.3515547106010816
55003,11.507142857142838,0.6034050659098005,0.8311240763172896
55004,54.324107142857144,0.21024550037521816,0.5484709095805769
55005,-8.09017857142857,0.3695495600043228,0.6833405739138925
55006,18.040178571428612,0.49714190446928086,0.7686720393869042
55007,-16.257142857142853,0.3518125749624815,0.6697470614894305
55008,7.674999999999997,0.7421098809662382,0.8987077554228111
55009,4.132142857142853,0.6267000841875356,0.8434935909996849
55010,12.54196428571429,0.02117236996286536,0.23977010281175182
55011,61.14375000000001,0.174019828360327,0.5121255136809483
55012,82.74374999999998,0.06111757652941077,0.3449931340848167
55013,190.4169642857143,0.00022009703769131398,0.08348620717944168
55014,-63.44017857142859,0.1637950231929595,0.49862911773000573
55015,-8.172321428571422,0.6236418191252512,0.8421107352351457
55016,347.99375000000003,0.027130273470741546,0.256901229998752
55017,213.82589285714292,0.07209659550347336,0.36538200732016884
55018,2.9160714285714286,0.2958934032487735,0.6270995701161498
55020,14.41964285714285,0.38197129502372174,0.6929320997850621
55022,46.6044642857143,0.7262272449772759,0.8921021945173775
55023,-90.95089285714283,0.07190219794479809,0.36520671790368353
55024,78.33124999999998,0.25115205134624796,0.5886628545186311
55025,-1.3464285714285715,0.1703846767957437,0.507036532074636
55026,-14.070535714285711,0.5448931071188502,0.7976873490191642
55027,25.703571428571422,0.26677898957227636,0.6025588158327843
55028,-44.53482142857142,0.037410893627434126,0.2862210825815929
55030,-96.01517857142858,0.01951043309810927,0.2359059979848793
55031,-213.59553571428592,0.06155766825747891,0.34536380302969977
55032,64.00267857142865,0.12414828827056819,0.4486916751185428
55033,208.94821428571427,0.07010460230583938,0.3620326064987332
55034,25.916071428571442,0.08007847400024445,0.3796644611484014
55035,40.91339285714284,0.025551208050477756,0.2523572234390191
55036,-9.319642857142863,0.15823663430464238,0.4909260009548895
55037,-188.74553571428578,0.008587953647355265,0.19126124874507094
55038,17.58125000000001,0.27545242806576964,0.6102830429800307
55039,1.1580357142857025,0.9145786633122653,0.9697032402645906
55040,7.55982142857143,0.15911149917187684,0.49201010935948586
55041,376.62410714285693,0.04207564736008051,0.29806098084741345
55048,145.34553571428557,0.18405372279859827,0.5231345788899846
55049,41.85892857142855,0.38013319252205263,0.6915249476341117
55051,-14.863392857142856,0.13509912886090916,0.4627229136956537
55052,-213.22589285714275,0.3170273184289321,0.6438229417315596
55054,3.8991071428571438,0.6211092475427739,0.8405729730049792
55055,106.0285714285715,0.04465119887478532,0.3038688511281042
55056,-24.233928571428578,0.08499726003453417,0.3885772880957054
55057,-18.60446428571429,0.036497513181481867,0.2834678941993909
55061,-6.091071428571432,0.5435181346354149,0.7969976401649763
55062,36.874999999999886,0.7819929601119997,0.9171253157322891
55063,-7.439285714285713,0.18434192716747702,0.5233460922640482
55064,-5.310714285714287,0.278512913589537,0.6128337713501262
55065,-2.7035714285714274,0.1383725172690621,0.46715142832269035
55066,-27.874107142857156,0.11286153842661356,0.43297113482143534
55068,-4.433928571428581,0.726734129398242,0.8921793350652559
55069,153.68482142857144,0.005377994504601176,0.17357842357678233
55070,-9.07946428571428,0.6471791466967411,0.8536675475426857
55071,7.004464285714292,0.4332268197004592,0.7284628232142034
55072,16.330357142857146,0.004153096944025763,0.16481026338152016
55073,10.739285714285721,0.4402960158566015,0.7331562255812301
55074,-202.81249999999994,0.019340325648823226,0.2353751129932559
55075,-731.3857142857141,0.013085047286929236,0.21137711545547824
55076,1292.4375,0.002133202821456278,0.14351512077803308
55079,-6.016071428571429,0.06354055116654386,0.35003321259756026
55080,36.76517857142857,0.10360950158533856,0.41822220968827867
55081,53.7910714285714,0.46719618060488294,0.7505893972267295
55082,-59.191071428571405,0.054395113192473414,0.327683209982204
55083,24.26964285714286,0.161412087497817,0.49499163631965587
55084,-446.4437499999999,0.15418142767001658,0.4864857754205777
55086,-16.039285714285725,0.11562372490854714,0.43778872078303877
55088,-63.28035714285714,0.033575105766037325,0.27636596801587043
55089,-17.340178571428574,0.0009172349845038058,0.11859210302321158
55090,-18.36339285714285,0.048956770380006044,0.31501840891218436
55092,48.97321428571428,0.018664848058693177,0.23299543689635432
55093,23.770535714285714,0.28417770043833834,0.6175835812952969
55094,1.8410714285714391,0.8520378545857079,0.946026231128761
55095,-13.816964285714292,0.1293253369369567,0.4558286106270207
55096,13.761607142857144,0.47728764782080896,0.7570462334470835
55100,-18.27946428571427,0.34214505104164056,0.6622974115602325
55101,14.314285714285717,0.5724670716895084,0.8135056994100172
55102,-69.19821428571424,0.6162133158074549,0.8376316632537752
55103,163.38392857142856,0.18504667332745361,0.5241646909221079
55105,-32.951785714285705,0.035309112368033545,0.2811940320840402
55106,10.31785714285715,0.1966399953927378,0.5351317177267181
55107,26.40803571428571,0.42851859666891234,0.7251217278640526
55108,14.815178571428582,0.2082059254368284,0.5460836118803892
55109,-70.14553571428564,0.10516955529354215,0.42123821210151285
55110,22.3875,0.05088293552523886,0.3194884272524849
55112,-6.511607142857143,0.07247842294995804,0.3661734836817567
55113,6.2080357142857,0.7193350945455664,0.8891270582420502
55114,25.07589285714286,0.4664614268248023,0.7502876709709951
55116,22.35446428571428,0.032537582267479645,0.27363888521247254
55117,-12.87142857142857,0.14468513171555145,0.47477551983540967
55118,1476.0205357142856,0.09291525668235107,0.40184635810058095
55119,55.547321428571394,0.38619202778510203,0.6957447423451677
55120,31.495535714285722,0.504380580373837,0.7736788304325984
55122,29.158035714285745,0.20180293240551575,0.5396962062584728
55124,-13.775000000000002,0.11717453896509139,0.43954105748377154
55125,18.757142857142867,0.3644963870785821,0.6792147494468994
55127,49.08571428571429,0.5123410493908905,0.7786154175013742
55128,10.5517857142857,0.35755058774492304,0.6734889339554716
55129,15.483035714285705,0.3457691412787323,0.6648003586670426
55130,4.076785714285716,0.4479879237394656,0.7383268897350441
55131,6.804464285714289,0.6763318433348047,0.8681636217305991
55132,24.962500000000006,0.6492413802611429,0.8545878544599678
55133,26.989285714285728,0.3404304766754293,0.6609743008604083
55135,1.2982142857142804,0.928027384065898,0.974156149902142
55137,-45.93035714285713,0.0464921802594203,0.30764872391166065
55138,1.2071428571428573,0.3651218360641982,0.6796551214630094
55139,14.141964285714291,0.5143823320112505,0.7799386043945531
55140,-34.76249999999999,0.61498175958436,0.8369695164529231
55142,233.1616071428573,0.8116994416369369,0.9293976455257382
55143,7.714285714285714,0.23269684846491245,0.57019227310622
55144,40.61964285714288,0.4423400442959292,0.734680334210636
55145,-0.9589285714285722,0.9609144831618373,0.986369768828354
55146,7.750892857142858,0.5199533291202821,0.7829802872549142
55147,36.72410714285718,0.14544205331538182,0.4759439098150232
55148,58.59642857142859,0.3546905456494071,0.6715915937728266
55149,-51.1169642857144,0.4349818856205883,0.7295528423247601
55150,-7.74375,0.016856751119365652,0.22600364577030826
55151,-657.5580357142857,0.02296184737715008,0.2446432540456128
55152,26.82499999999999,0.12688389730025837,0.4523475200562617
55153,46.881249999999966,0.21487814153064316,0.5538962178937908
55154,16.515178571428564,0.2709271539877088,0.606041829938521
55156,-106.13124999999991,0.07306600963157629,0.367440171537627
55157,-12.89464285714287,0.053883752423978096,0.3262598525696455
55159,25.46339285714286,0.0322187520536464,0.2722238090763587
55160,-18.578571428571436,0.1324906574863131,0.45931942794142216
55161,96.32857142857142,0.04028961496330533,0.2945753808663706
55163,-33.397321428571416,0.06904663707634479,0.36030556968297234
55164,112.66517857142858,0.1323499160857606,0.45914710944233156
55165,42.625,0.10274515840295892,0.41685897415269957
55166,0.8169642857142776,0.8997272106626722,0.9634420705910096
55167,4.016071428571429,0.7307850317187026,0.894130216622983
55168,-66.83839285714282,0.032324591414928605,0.27269665724598385
55170,20.293749999999996,0.020853190153252845,0.23894376891608635
55171,23.705357142857125,0.29581367571311096,0.6270995701161498
55172,1.5633928571428584,0.8022447632164253,0.9256860683302819
55173,-84.8142857142858,0.42713243338250706,0.7242792039045959
55174,150.4258928571428,0.12124926820252348,0.44414332554473945
55175,75.65178571428578,0.6953590051207572,0.877706935196634
55176,14.68125,0.08025465813781978,0.3799637983654813
55177,95.09732142857138,0.026672718693716343,0.2555337120341582
55178,-13.571428571428584,0.5058256426908553,0.7746240425105928
55179,33.23571428571424,0.22946764411567705,0.5675190411193125
55180,39.72857142857141,0.2755282361886599,0.6102903047089716
55181,13.62232142857144,0.38333656997722826,0.6936391143208992
55182,58.49732142857141,0.09789364613548034,0.4097010947992489
55183,-63.50357142857143,0.008968065827134863,0.1935974675087592
55184,-6.470535714285713,0.30339645476190824,0.6330166443086179
55186,-197.47946428571436,0.050447573778487784,0.31884392666304195
55187,-90.10535714285717,0.03775552829983002,0.28720878088470797
55188,-23.841964285714297,0.04110709283488105,0.2962427635107919
55190,28.260714285714286,0.18148799627825543,0.5207621389147582
55191,56.624107142857156,0.016660584282666285,0.22475972927854593
55192,2.0401785714285694,0.7223762950420022,0.8905507087129981
55193,86.70357142857142,0.08245819091753492,0.3834326916496192
55194,18.011607142857144,0.21075620784988047,0.5488567062647591
55195,-7.09732142857143,0.1877942858370144,0.5267742305011789
55196,223.57946428571438,0.04389071053240444,0.301818640123965
55197,-413.86696428571406,0.009932488296186207,0.19794496786807714
55198,3.266071428571422,0.6618171149042228,0.860970085595041
55199,-1.6553571428571452,0.6965804130229941,0.8779125660795634
55200,3.5687499999999996,0.3448872907354528,0.6642587993248124
55201,15.359821428571422,0.05146576971272783,0.32043494193397615
55203,-1.2080357142857139,0.9407464577194016,0.9793648526680018
55204,124.08392857142854,0.04282815787263013,0.29908509162802716
55205,-121.39107142857154,0.09948479283318408,0.41198964572065416
55206,-11.082142857142856,0.49704142282033154,0.7685881495758138
55207,39.36696428571426,0.1862240042258533,0.5251055921118375
55208,-56.61071428571428,0.0684230813364465,0.3590924047316436
55209,-72.36964285714288,0.0335935660435935,0.27636596801587043
55210,3.56964285714286,0.7928489966738288,0.9220252875282695
55211,-31.153571428571432,0.05054961688082833,0.3189101006962163
55212,-33.50714285714284,0.10225111090265664,0.41641957908473903
55213,-8.08392857142857,0.06307365624879353,0.34877749176589085
55214,78.08035714285714,0.10197006193181996,0.41594262696084144
55215,34.46339285714286,0.011660048211191256,0.2066643213509123
55216,-35.071428571428584,0.009855173927989985,0.1979263415238281
55217,-29.431250000000006,0.06340230406752378,0.3496057495210218
55218,-26.118750000000006,0.0025771132528559187,0.14867468905820463
55219,-99.49732142857142,0.0003989160162362333,0.09656838991718651
55220,-2.6366071428571445,0.348469424566824,0.6671066452447865
55222,-57.050000000000004,0.029079956715839923,0.2619351949651644
55223,-19.96785714285715,0.07149534490005804,0.364611404596045
55224,2.2499999999999964,0.7420125803353066,0.8987077554228111
55225,-16.63749999999999,0.029932095271838703,0.26472619038948253
55226,13.574999999999989,0.6333230001235466,0.8469817863876945
55227,-9.316964285714288,0.28192502759597954,0.6155850991936973
55228,66.34285714285714,0.19218343344339786,0.5309381616004498
55229,-26.85178571428571,0.14847509123479388,0.47937761835294396
55230,16.01428571428572,0.207360010179008,0.545175765313973
55231,-5.19017857142857,0.09786513464925359,0.4096665466666497
55233,221.12142857142854,0.004090087616368192,0.16443054443009622
55234,-13.426785714285707,0.1220726091454837,0.4453703393186521
55236,74.90982142857143,0.2842647551703266,0.6177089737664484
55237,-6.550000000000001,0.13410625869775172,0.4612806743660403
55238,33.61428571428572,0.008641228804657194,0.1914997954533542
55239,-151.52499999999998,0.036564757862007656,0.2835462577882614
55240,65.11696428571427,0.05026590149173772,0.3183094886152258
55243,23.955357142857167,0.33992920087683354,0.6608494542913222
55244,-87.76964285714283,0.009889108042236588,0.1979263415238281
55245,-66.75803571428575,0.001985076575929766,0.13973184654505375
55246,-28.491071428571388,0.4842043067132222,0.7609063261052814
55247,-0.5500000000000007,0.92594314041775,0.9737068682772774
55248,43.60803571428572,0.08965692677506275,0.3963447987893399
55249,-29.225892857142867,0.2786133899935903,0.6129664029966624
55250,-39.92410714285711,0.16903949992582934,0.5055443201326902
55251,-167.07678571428573,0.02355413212678373,0.24618049758656588
55252,46.8767857142858,0.4838286620660752,0.7606839654014667
55253,-106.66428571428568,0.023294619433105398,0.24544870254481355
55254,120.96249999999998,0.01403111188520052,0.21551775732576597
55255,100.37589285714279,0.03410170266770391,0.2777347045341986
55256,-522.6964285714287,0.04935965483697972,0.315974608150318
55257,12.127678571428568,0.17908095977940194,0.5180830454489022
55258,-22.43839285714286,0.0074329997652298465,0.18709893560564989
55259,-3.119642857142857,0.4377947515699928,0.7314996689414169
55260,-68.84642857142856,0.051780222926896664,0.3213365147933599
55262,2.919642857142854,0.7173574811899626,0.8883495341908723
55266,81.69910714285714,0.305022461644174,0.6343020178501427
55267,-3.4330357142857135,0.0626800619133832,0.34799272797666797
55268,-24.283928571428618,0.5459769379872834,0.7983762793381846
55269,-29.178571428571445,0.14791428528045117,0.4789190052409218
55270,2.9901785714285722,0.8556499089249717,0.947283344887047
55272,20.31785714285715,0.3205385751954596,0.6462993125378973
55273,-732.4330357142858,0.10541575949249891,0.421527192083066
55274,-232.62410714285704,0.014191788446450736,0.21613481520111352
55275,13.712499999999999,0.1403867851912499,0.4698174874825738
55276,596.3196428571426,0.021184339132925476,0.2398279661788493
55277,-42.046428571428564,0.08014306847788756,0.379773221527072
55278,-42.47767857142857,0.010156170135408826,0.19882419542709448
55279,-14.524107142857147,0.18911139555013784,0.528085398811192
55280,-12.377678571428582,0.3726152922418954,0.6857661607420772
55281,32.24732142857141,0.24365089372512985,0.5809687141047307
55282,1.3437499999999964,0.7783183415403335,0.9153547328422889
55283,14.50357142857149,0.8709552580664972,0.953016814457419
55284,105.09285714285713,0.022539958276200305,0.24316736755154925
55285,-9.629464285714285,0.32440702747029027,0.6493722716166844
55286,-14.43035714285714,0.01716426598544104,0.2273677590289096
55287,-4.49821428571428,0.4141817537678745,0.7166305257808964
55288,-40.23392857142869,0.34900455680726955,0.6675517806708294
55289,16.442857142857143,0.29123267231552846,0.6240455541170842
55290,-24.321428571428555,0.04568202234361079,0.3061877777251848
55291,6.521428571428487,0.8784899636982368,0.9554665409862049
55293,25.915178571428555,0.35232003855785915,0.669986165753214
55294,-105.3294642857143,0.1335875044121305,0.46069741413733034
55295,0.7642857142857054,0.9320569320302219,0.9760111335036791
55296,6.971428571428575,0.6079182707349531,0.8330831339200437
55297,-81.27232142857133,0.15116059155440065,0.48262782790070824
55298,-3.2071428571428697,0.7411536767715945,0.8984598154580822
55299,-3.8187499999999943,0.6508397643529844,0.8554487759628453
55301,-8.464285714285712,0.3249623266137653,0.6498352819517205
55303,17.96875000000003,0.7983277189266014,0.9243341369567927
55304,-11.543749999999996,0.3933296071472112,0.7012213672626897
55308,-45.78392857142856,0.5807308850704023,0.8175860219874421
55311,13.563392857142858,0.19752193873017687,0.5358495584039109
55312,48.31339285714283,0.011386447786103565,0.20593914413007358
55313,31.88303571428571,0.36823778309196986,0.6821030199192913
55314,35.622321428571425,0.01301422838276824,0.21137711545547824
55315,60.745535714285715,0.0011708361465518017,0.1240993704425147
55316,-26.495535714285722,0.044273024101297576,0.30287408662826065
55317,21.145535714285714,0.1775429261635615,0.5162452543559453
55319,7.272321428571431,0.5633600952343053,0.8088111135419089
55320,24.020535714285714,0.05502949581631182,0.329399790207669
55321,1.0946428571428584,0.8737495167581987,0.9540521803917184
55322,-18.38035714285715,0.5086063396487346,0.7762048471158467
55323,13.81607142857142,0.6589907621179916,0.8595363713627034
55324,2.1910714285714334,0.8273634960424552,0.9362550531112104
55325,-152.5553571428572,0.05909871883986892,0.34054063428635184
55326,9.276785714285666,0.8018594728213967,0.925536788142782
55327,-79.87142857142862,0.5675883246999135,0.8109051594476797
55328,-22.76339285714286,0.0024602933001340098,0.14794037881322922
55329,-4.53660714285715,0.765000808169951,0.9088945693450982
55330,20.435714285714283,0.09948577836099318,0.41198964572065416
55331,62.91428571428577,0.3950029935296988,0.7022889136067989
55332,93.85803571428573,0.029896470991552487,0.2645577057848151
55334,170.27589285714288,0.002147602756658905,0.1438972802945167
55335,-214.9044642857142,0.020672025302461903,0.23824258812783244
55336,0.817857142857144,0.8518238165773907,0.9459135628620848
55337,63.089285714285694,0.018003486620923957,0.23028412759518527
55338,-28.502678571428568,0.005582747030040969,0.17507163162873565
55340,0.8910714285714292,0.9167970813836436,0.9706758054314244
55341,32.25982142857143,0.1905310344847502,0.5292629878088785
55342,30.71339285714285,0.19143471291019112,0.5302544672153959
55343,12.099999999999994,0.38509684976082514,0.6949767216777353
55344,22.999107142857145,0.0007441742501725989,0.11771810301684014
55345,-10.683928571428574,0.2932375822015295,0.625408935200296
55346,30.227678571428577,0.013096319515671757,0.21137711545547824
55347,52.925892857142856,0.2715153440644904,0.6066417787234833
55349,-9.073214285714272,0.5061385685802906,0.7747196012030956
55350,-7.476785714285716,0.1202258775537453,0.44259021379282415
55351,-14.121428571428574,0.017968905237421562,0.23028412759518527
55352,-16.333928571428544,0.6926839102207397,0.8764743144484405
55353,-858.9455357142856,0.04407767879306559,0.30256711713884005
55354,-8.686607142857143,0.17224136730714695,0.5094561405203278
55355,13.729464285714286,0.155814415080986,0.4883204875280645
55356,21.16428571428571,0.15268844683552735,0.48450840172834436
55357,16.37589285714286,0.11713718044015355,0.43949695467151856
55359,6.246428571428572,0.19368171331367287,0.5325326484811888
55361,11.775892857142864,0.44175595201043494,0.7342232087843669
55362,-14.993750000000006,0.37253821586321817,0.6857496952317323
55363,12.761607142857141,0.4624635010343228,0.7478392215270652
55364,19.59285714285714,0.033757723322141005,0.2767171698108035
55365,146.2580357142857,0.13681801140401476,0.46546728725745173
55366,-135.94821428571424,0.01607522942945903,0.2231631889778629
55367,26.350892857142853,0.024109447811173523,0.2477526110470337
55370,12.165178571428571,0.0286701358821081,0.2608240543058176
55374,10.057142857142859,0.13700765612377924,0.4654904483641614
55379,265.25000000000006,0.018226657983245687,0.2311905834666194
55384,81.77232142857143,0.33546082115013276,0.6578665852361374
55387,-6.250892857142857,0.13120166945417475,0.45825849531793417
55388,6.733928571428574,0.42796926610104996,0.7248155259447667
55412,2.7151785714285714,0.15266923055857323,0.48448587349781286
55415,-12.405357142857145,0.10934659847604568,0.4281384468402891
55421,42.28660714285718,0.06806008614738673,0.35825408781249346
55422,-14.462500000000006,0.5482263529596634,0.7999155179258274
55423,4.420535714285713,0.23761058519005318,0.5745395868090303
55425,-68.23035714285714,0.004593711259255637,0.16848770209469197
55432,15.972321428571433,0.2760014729616674,0.6106330315735713
55435,33.99017857142856,0.21493142858379796,0.5539015085655331
55437,-180.0401785714286,0.18874369501206736,0.5277198427402088
55448,-11.151785714285712,0.10200926453291159,0.41598370469307117
55449,27.999107142857156,0.1425810281445799,0.47219949358412033
55450,-35.04642857142852,0.6773509537135957,0.8685049063645031
55451,-3.147321428571427,0.5675154345432749,0.8109051594476797
55454,490.73571428571427,0.03559048088605986,0.28164850809745584
55460,-3.1321428571428562,0.5742215983244079,0.8144674674304611
55466,-335.0741071428571,0.022336504013538025,0.24263278927852766
55471,-11.95178571428572,0.5480729451793427,0.7998169191210285
55472,-1.811607142857143,0.2225398947587272,0.5611996100702648
55478,-0.3482142857142865,0.927195003756553,0.9741117490838392
55486,43.14017857142858,0.2861090134888865,0.6193044187222324
55500,111.15982142857143,0.045477843560449344,0.3055420369461253
55501,73.68392857142862,0.1208343975536313,0.44330810482753746
55502,-1.158035714285715,0.6618115587835082,0.860970085595041
55503,-2.0526785714285705,0.49077557659841065,0.7648041798637053
55504,60.910714285714306,0.25765254336038346,0.5942191255000197
55505,183.55357142857144,0.07739047242371636,0.37541691773282687
55506,53.53660714285715,0.004282628626125503,0.1656601559416456
55507,0.3874999999999993,0.940323081612258,0.9791896081299389
55508,47.80357142857139,0.517035701623311,0.7815206119451277
55509,-5.723214285714285,0.515813086806987,0.7807668813480251
55510,3.6357142857142826,0.5047936398052864,0.7740504878775198
55511,2.266964285714285,0.24602905099171266,0.583559861306316
55512,-12.797321428571427,0.04194654166642644,0.2976157754492429
55515,3.1758928571428573,0.2578050079569996,0.5944203099586284
55520,9.331249999999997,0.24302214169500017,0.5801779581335313
55521,-13.037499999999994,0.5986513854286879,0.8288769265902058
55526,-33.75357142857143,0.1518435035034845,0.48338783616181646
55527,-178.2392857142857,0.018761813165147728,0.2334177894685613
55529,-12.075892857142833,0.787586102754066,0.9196606404561553
55530,-8.558928571428567,0.2199639165399568,0.5587242446587808
55532,-1.3232142857142857,0.47923631651972415,0.7581479558995987
55534,15.021428571428544,0.5428991801748272,0.7965366970163292
55536,24.705357142857167,0.6408585757013593,0.8503978503136135
55539,-15.56964285714286,0.035272454328194355,0.2811449638093777
55540,-5.200000000000001,0.38047200613655147,0.6918880774135552
55544,-33.55535714285714,0.030363240998261404,0.26636906811580535
55547,-18.972321428571433,0.3861596917547234,0.6957447423451677
55552,-12.068750000000009,0.3116689407452026,0.6396343731558107
55553,-155.68660714285713,0.00040328475836321685,0.09656838991718651
55554,-12.491964285714287,0.03887183513551362,0.289987390644591
55556,155.24375,0.054905425432911,0.3289812751281544
55558,-8.242857142857146,0.1173717781145094,0.4396320415059649
55559,12.454464285714295,0.18250946788790537,0.52161480463432
55561,-5.995535714285712,0.17044342436840995,0.5071561484268198
55565,8.98571428571429,0.042411439644648406,0.29825959882084746
55567,-72.47767857142858,0.34941388729545425,0.6678390648073468
55568,-78.61607142857144,0.500040275448752,0.7704389504176613
55571,-13.600892857142838,0.3473222064243155,0.6661699865379026
55572,16.56964285714286,0.2291512527685673,0.5673112807161389
55573,-1041.2714285714287,0.018478182864023536,0.23224926837211485
55576,-1.4062500000000018,0.6103973413545608,0.8344411711104042
55577,273.2142857142857,0.006243659204506381,0.1795384221404072
55578,-629.8714285714287,0.014664235536920336,0.21752154060372378
55582,-0.6732142857142867,0.7578556568875594,0.9056822183191227
55584,-12.542857142857144,0.06448944125566308,0.3515063503791625
55585,174.3749999999999,0.002946032624279779,0.1515798484623921
55586,0.1955357142857146,0.9421821575189181,0.9797784099957557
55588,10.303571428571416,0.33916951679235147,0.6602116507276707
55589,337.0214285714286,0.006215735727764681,0.17952850950194416
55591,-167.49285714285713,0.030211576207081682,0.2659605316088933
55592,-28.824107142857137,0.2331451152183905,0.5705491529212022
55593,-68.10267857142858,0.07892523890041502,0.37819784722876343
55596,-5.74285714285719,0.9198096305696498,0.971764076803125
55599,-35.53392857142859,0.26560763754642347,0.6013537115848755
55600,6.416964285714283,0.4206173562774108,0.7201945996012601
55601,57.201785714285705,0.31362479622174344,0.6411100084180672
55602,-16.525892857142836,0.10899111233604183,0.4276593057995638
55603,669.5500000000001,0.02583605075806501,0.2531605314765817
55604,26.620535714285666,0.7874673588254226,0.9196576525404879
55605,-73.17232142857142,0.0014578089144013054,0.12830640097920887
55607,-121.67232142857142,0.005011497586326835,0.17052867191247614
55608,154.36696428571418,0.4379909142924429,0.7315385506061162
55609,7.83660714285714,0.3717003139749445,0.6853301051565532
55610,-12.492857142857133,0.7185979139374863,0.8889312609515997
55612,-13.675000000000004,0.0067289686237619025,0.18131977139461555
55614,-10.837499999999977,0.6145300356982802,0.8367041493991602
55615,39.544642857142854,0.02129054662030254,0.24020584864565522
55616,-15.452678571428578,0.31302843082096354,0.640774614085088
55617,59.77321428571426,0.23307262784004518,0.5704994371291789
55619,134.375,0.01577900290563325,0.22149344900269521
55620,3.859821428571429,0.5298869719269161,0.7887985089395515
55621,17.01875,0.19156237009093005,0.5303562763567375
55622,-34.92142857142858,0.324650825779365,0.6496001535868628
55623,78.87678571428575,0.0832182646298011,0.38503500200003177
55624,-5.130357142857143,0.5824795169803436,0.8186696380787201
55625,-32.41696428571424,0.5559276311276679,0.8046260794194331
55626,28.175892857142856,0.08410612438422674,0.3869490365792323
55628,6.9196428571428585,0.05637962300624611,0.33407303336860067
55629,104.75178571428546,0.684371281945745,0.8721534587414309
55630,27.40892857142857,0.007140909835637327,0.18463030824512597
55631,-39.44196428571428,0.3495414743307504,0.6678474208274329
55632,40.27321428571429,0.10917219729557548,0.4277925813183967
55633,10.417857142857137,0.2884370137953441,0.6217834534266624
55634,-5.844642857142844,0.7322459949846236,0.8944728480349039
55635,30.173214285714284,0.013863298228525207,0.21508841205530554
55636,-52.655357142857156,0.002983911068600668,0.1515798484623921
55638,26.325000000000017,0.6576168722550358,0.8592539001954501
55640,22.481249999999996,0.15255228915272212,0.4844512057515875
55643,-9.180357142857146,0.07530539133420999,0.37176724796369587
55644,-4.151785714285715,0.22286809979950603,0.5615409079694712
55646,-33.56785714285715,0.052433857667454585,0.32304992795134885
55647,107.32857142857141,0.007685546417782618,0.1878321840087255
55650,24.022321428571416,0.1041705375366516,0.4190966990299063
55651,32.76964285714291,0.6581865179603712,0.8594095288581961
55652,-7.353571428571428,0.46169279584048345,0.7474772323170303
55653,-10.586607142857144,0.1474864008273002,0.47822082159357454
55654,157.5589285714285,0.23899904892241747,0.5758153611010934
55655,12.892857142857142,0.3184139632537489,0.644772389600429
55656,77.37142857142857,0.02310010992774766,0.2448670156367019
55657,0.5285714285714391,0.9587848634171897,0.985849520580262
55658,-4.491071428571431,0.5304225879357408,0.7891705330017104
55659,-5.894642857142857,0.06191125834902915,0.34632679048835363
55660,266.6428571428569,0.20675943222799034,0.5445078703989824
55661,46.55267857142849,0.30737985760433856,0.6363976896949893
55662,-35.02232142857145,0.08052674517945876,0.38043720666092695
55663,8.840178571428574,0.20875978766953512,0.5467756354889501
55664,-72.00803571428571,0.0013385201150285515,0.1254896160310298
55665,3.6241071428571274,0.8378773368365964,0.9410902470574962
55666,-7.982142857142861,0.7067735605285681,0.8832376966828442
55667,-55.732142857142776,0.6767860828235158,0.8683956303858236
55668,-32.776785714285694,0.04144763137730865,0.29680164019333494
55669,-37.10357142857143,0.11723127430284971,0.43954105748377154
55670,9.131249999999998,0.29294153242755794,0.6252494305099471
55671,45.57232142857143,0.053449244249747146,0.3250057036458823
55672,212.7026785714288,0.405318435776278,0.7096337537491352
55676,31.10714285714289,0.16240086455181368,0.49646455075757034
55677,-42.0419642857143,0.08880014630743449,0.39520944235726335
55679,-26.751785714285724,0.01854858698312572,0.2325410921239751
55680,-61.373214285714255,0.1426255867314819,0.47219949358412033
55681,83.21785714285716,0.2576197170036788,0.59419953860015
55683,-90.96160714285713,0.2787388826368187,0.6130855504775135
55684,-7.852678571428569,0.7024155403727464,0.8808471138381729
55686,69.15267857142857,0.023376495971367706,0.24593225269088498
55687,-10.283035714285717,0.049206752906498064,0.31546130546326645
55689,45.98214285714285,0.13787183169879447,0.46650359202444414
55690,-13.339285714285722,0.5621528869756772,0.8080901563137939
55691,55.21071428571429,0.5153141342301953,0.7804870021063168
55692,-24.524107142857133,0.4071581389843372,0.7111007604239256
55693,-10.767857142857146,0.15161690460978838,0.48323391367815305
55695,57.795535714285705,0.3139071644248675,0.641267192033069
55696,79.44196428571433,0.21488729249522587,0.5538962178937908
55697,5.494642857142859,0.05228958366283365,0.3228906207256412
55698,-7.541071428571428,0.29072963108494077,0.6236030827606566
55699,-351.67232142857165,0.043329154075299414,0.3007135693154348
55700,-23.635714285714286,0.2775178929783889,0.6120510449162537
55701,-21.64285714285711,0.8167203073924715,0.9313785884277899
55702,15.991964285714282,0.06803484184535305,0.35825408781249346
55703,7.044642857142858,0.23105339004556574,0.5689957706846819
55704,114.33571428571435,0.044909086287044306,0.304419953119964
55705,-29.758928571428584,0.0010547328119608953,0.12354037039350847
55706,55.038392857142924,0.17950563628004831,0.5184338209081212
55707,64.025,0.12767745971565028,0.45350980019346293
55709,-8.911607142857141,0.0002261259784625828,0.08348620717944168
55711,34.88392857142857,0.07562075005742375,0.3723826451760464
55713,-4.317857142857141,0.5157585086106082,0.7807274968378141
55714,4.1151785714285705,0.20165803581529465,0.5395557576563356
55715,7.820535714285715,0.08268993797479139,0.3839225848141745
55716,12.793750000000003,0.2299105018088844,0.5678437315987149
55717,161.06517857142853,0.0732709018108469,0.3678722156273826
55718,0.028571428571429358,0.9878328849816855,0.995807139471095
55719,17.750000000000014,0.2092973509544593,0.5473707387082686
55720,-153.64910714285713,0.09212581870322313,0.4001499767658937
55721,-5.102678571428573,0.36380411921660205,0.678709854996347
55722,-0.9080357142857167,0.8577000936879879,0.9479927404548004
55723,-0.17232142857142918,0.9786518067683974,0.9928108633112005
55726,61.89910714285713,0.27121115718197164,0.6064076637067196
55727,-93.88035714285729,0.13781337503566887,0.4664157400232248
55728,107.28125,0.022905952069963938,0.2446432540456128
55729,-265.2008928571428,0.41660490658522065,0.7180320794562166
55731,-5.57678571428572,0.5296509666485125,0.7887241682964011
55732,0.6991071428571427,0.8990308321876638,0.9631666000820925
55733,-2.1991071428571445,0.839301134511883,0.9415628400059722
55734,67.97767857142856,0.08275850703090047,0.38398008926633426
55735,13.451785714285705,0.30036777149408783,0.6304748121329565
55737,-56.66696428571413,0.7465247675672192,0.9004719841207075
55738,32.11785714285715,0.04376151656265765,0.3016466109509968
55739,38.99196428571426,0.42483378087464424,0.7227289887464194
55740,208.45357142857165,0.21310108309161566,0.5517461109183924
55741,51.57678571428572,0.02038278758686038,0.238009362137482
55742,67.80446428571435,0.3639892008283246,0.6788017448423714
55743,83.0580357142857,0.019360600307327332,0.2354405742444666
55744,-53.055357142857105,0.16413257628015962,0.4989255208493797
55745,-137.04642857142858,0.01477706379525497,0.21755971992092024
55746,-6.203571428571422,0.874459052299001,0.9543537291219006
55748,469.48928571428576,0.01889374994806714,0.2338727141522687
55749,-11.564285714285688,0.6212457437514908,0.8407160793924251
55750,26.582142857142856,0.28065804874310707,0.614782805089318
55751,5.633928571428555,0.9129827008187322,0.9690051086552042
55752,103.25714285714287,0.34469857058974174,0.6641174110466874
55753,-1.0071428571428571,0.12951633402398352,0.4560289550473369
55754,330.0071428571429,0.004347547789256053,0.16576162857571458
55755,-20.860714285714266,0.06115455948254618,0.34504604907386555
55756,-5.410714285714278,0.4699549476293577,0.7522896267321131
55757,112.9642857142857,0.06033902512682724,0.34332564515788816
55758,-261.73124999999993,0.05414730235048738,0.3269526089713533
55759,-8.853571428571435,0.2319372463856623,0.5696301122542411
55760,-89.40714285714296,0.003016715057621904,0.1515798484623921
55761,68.29732142857148,0.4395058002825028,0.7324426856390467
55762,14.47499999999998,0.3818008332114712,0.6927148019192695
55763,41.11607142857156,0.5575654235722807,0.8053706418105898
55764,-10.079464285714288,0.4350925304496926,0.7295799577481734
55765,3.4401785714285715,0.7548264215836489,0.9041811758225664
55766,50.23124999999999,0.44046423378908595,0.7332864507599752
55768,-62.76249999999993,0.5941559415319763,0.8262870686318403
55769,11.848214285714306,0.787138871894892,0.9194657919083643
55770,-20.99285714285716,0.1495554421088156,0.4804505200826145
55771,-1088.3232142857146,0.2957936226306979,0.6270928660744353
55773,-42.224107142857065,0.32365331922593427,0.6488703923012975
55775,26.902678571428567,0.1200705112022464,0.44242034214544973
55776,19.255357142857136,0.18046230345713407,0.5196496864882505
55777,-39.33125,0.01739448755293268,0.2283369916124698
55778,-29.756249999999994,0.06287623678647265,0.3483071401800438
55779,-8.489285714285714,0.16157554267434127,0.49521513513759785
55780,-10.95535714285711,0.67369385023624,0.8668708964643435
55781,13.500892857142858,0.47438790430554906,0.7550914833570359
55783,21.086607142857076,0.6099837582169563,0.8344345319505357
55784,50.3875,0.07002807939864956,0.36199160831248606
55785,-15.427678571428572,0.01622086354593953,0.22361969600964293
55786,4.046428571428592,0.8649761539669131,0.9507282982375699
55787,-39.07053571428577,0.4821970227423663,0.7598237869000994
55788,-30.58660714285702,0.8634312436526461,0.9500906304682907
55789,6.591964285714287,0.09872516748052902,0.4106597103266248
55790,407.5169642857144,0.24959852055270315,0.5873220731977792
55791,23.492857142857147,0.18020592467036908,0.5193368364324844
55793,-91.25089285714284,0.4774525540029682,0.7570754441609084
55794,7.235714285714289,0.3446241474988249,0.6640701087086154
55795,12.161607142857122,0.6976468880091533,0.8784855735122169
55796,85.80982142857147,0.47215553429106316,0.753980754328577
55798,-1.7803571428571487,0.8285584103374906,0.9369968241932985
55799,-33.64553571428573,0.07162283580500428,0.3647579298267606
55800,-21.70625,0.00522564771531332,0.1719788252615874
55801,5.073214285714286,0.2365067266317374,0.5734222765763409
55802,77.70803571428573,0.07964506034238995,0.379154869326963
55803,97.68035714285713,0.3409836150166244,0.6614345392161516
55805,-18.162499999999994,0.023597823242149235,0.24618049758656588
55806,-5.866964285714282,0.4813472001649435,0.7592752115952306
55808,-12.361607142857153,0.34643482573804774,0.665410518091702
55809,-3.9000000000000004,0.0030823071072677076,0.15203924887737885
55810,-61.525000000000034,0.045462804314202604,0.30551607987696994
55811,-1.9625000000000004,0.5280540082739265,0.7879305961022033
55812,-42.82053571428571,0.03348310208663564,0.27589283319014557
55813,-10.613392857142856,0.8183700071843382,0.9323155323477073
55814,-20.36964285714282,0.7490003005272747,0.9017084197411913
55815,-3.177678571428576,0.6948574255003878,0.877478975869219
55816,-188.4714285714286,0.26833210240110433,0.6040158535838667
55818,11.750892857142901,0.6829257551825028,0.8713954678707942
55819,76.96339285714299,0.47949372297348325,0.7581578491511549
55821,-3.364285714285714,0.5670349642723093,0.8108280758554366
55823,-2.0633928571428726,0.898278658459714,0.963045328273361
55824,237.84464285714296,0.03363635157062301,0.2764179898935509
55825,-81.4473214285714,0.4341579224724486,0.7290901317890823
55827,-1242.8571428571431,0.015531368291967048,0.2201303511229911
55829,408.9044642857141,0.12251942018252979,0.44590337132582175
55830,93.48124999999999,0.16200931704658866,0.4957595491788117
55831,-183.8535714285714,0.12142737527494397,0.4443505617534008
55832,129.06517857142853,0.019592616566577032,0.2363066358162577
55833,-100.46696428571425,0.09707427836464012,0.40835945442952265
55835,18.284821428571405,0.20256842884804496,0.5403966258729865
55837,30.627678571428532,0.398586067079428,0.7049322438964075
55839,17.217857142857145,0.06366352685271633,0.35018070559545844
55840,106.13214285714287,0.17599144355523877,0.5145125695558888
55841,78.46785714285716,0.019747342311316304,0.23646209830731907
55844,5.6830357142857295,0.39313497805468073,0.7011336701288341
55845,146.40982142857132,0.028671961371627173,0.2608240543058176
55846,15.092857142857145,0.04438617451027811,0.303048712705976
55847,-222.2169642857143,0.10650391677787534,0.4238547835188081
55848,12.881250000000023,0.5931553400809065,0.825728193702682
55850,11.891964285714295,0.41442520287875645,0.7167525374812896
55851,35.80357142857143,0.07191811749707867,0.36520671790368353
55852,-55.756249999999994,0.1015610242646297,0.41518753801756875
55853,-25.99642857142857,0.0034698216196614876,0.15691687101322732
55854,-70.50446428571433,0.383872629723679,0.6940554242771876
55856,-35.196428571428584,0.3284851054616127,0.6526134862323283
55857,-82.38392857142856,0.534016691211279,0.7913422211615535
55858,349.7267857142857,0.016368002863888727,0.2241849746414504
55859,-31.252678571428575,0.0002003127730549987,0.08218894428282343
55860,-188.3982142857144,0.26649543125367975,0.6022388395460939
55862,80.44464285714275,0.6579409836207281,0.8593861861622989
55863,-5.747321428571354,0.9203694744818821,0.9718630429516547
55867,-3.4553571428571423,0.04416193308163883,0.30271340020851467
55869,-4.124107142857142,0.38548138412356436,0.6952856753523532
55870,-300.9062500000002,0.05286157347634341,0.32377246849319813
55872,47.42321428571429,0.05965044983389985,0.3419851267093181
55876,14.073214285714286,0.2799926259006266,0.6141561945746508
55879,2.5482142857142858,0.651054847172053,0.8555804294948202
55884,-136.71160714285702,0.2415861044442012,0.5783962195367679
55885,41.80625,0.7057261464587984,0.8827833411342012
55888,37.53303571428569,0.14629140441140262,0.4765824069709491
55890,-12.358928571428573,0.04620742969582482,0.30710802159242095
55891,2.3464285714285715,0.7057254925236689,0.8827833411342012
55892,-19.50089285714286,0.2673018554866725,0.6029789867668109
55893,139.49285714285713,0.1786300712374335,0.5175447792999035
55897,-30.980357142857137,0.010022563115376045,0.19819193557641285
55898,-8.114285714285707,0.5606925749704732,0.8074247642056056
55900,-166.45,0.0025482616250532557,0.14867468905820463
55902,-138.6633928571429,0.004475284837177857,0.16736402084315957
55904,177.8973214285714,0.0900779757833938,0.39717849402879485
55905,50.5410714285714,0.35986617965396034,0.6754903657161591
55906,3.99285714285714,0.4565995461628247,0.7441197104955575
55907,-19.729464285714286,0.20449833921869337,0.5419305812916984
55908,-0.2232142857142856,0.8722802749716002,0.9534605068787513
55909,8.669642857142875,0.5872949412463483,0.8217667598046162
55911,11.441071428571428,0.08143905645096434,0.382434115902815
55914,-105.20803571428576,0.21142259007738753,0.5494600177621892
55915,-18.507142857142856,0.001955881791767159,0.13973184654505375
55916,87.11160714285711,0.04823118455842561,0.31263070725926734
55917,166.24553571428572,0.07063410315428235,0.362928257678826
55920,186.51696428571424,0.0012431242743932006,0.12532423491627354
55922,-13.266071428571436,0.27095916841055595,0.606041829938521
55929,-4.169642857142861,0.5696080644079535,0.811954346686434
55930,-107.97232142857143,0.062471085084250415,0.3475341621176599
55937,-17.304464285714282,0.09556553704876788,0.4059549171114431
55954,-3.494642857142857,0.5148197828419784,0.7801548526761178
55957,20.768749999999997,0.04595263112141035,0.30665935634848174
55958,81.09017857142868,0.1324243806554984,0.45918535908902497
55959,117.30446428571435,0.3178115750614607,0.644214172375338
55964,-11.98928571428571,0.03682831389518197,0.2841337358476055
55966,-12.438392857142853,0.005977342971943147,0.17809876130299268
55967,-1050.0160714285712,0.08193354820743204,0.382783623706857
55968,-72.8375,0.0010636756797090786,0.12402757706814345
55970,-83.00892857142844,0.760234493006075,0.906645360677129
55971,16.564285714285713,0.545181018530555,0.7978712547254533
55972,30.21071428571429,0.32592715410741063,0.6503674142636013
55973,-133.08571428571423,0.03140254812552797,0.26944983031438197
55974,-9.562500000000007,0.6028364885438825,0.8307516345999164
55975,-124.09375000000006,0.012928513127584328,0.2113494599830515
55997,0.8151785714285733,0.8864098272736235,0.9584329537149525
55998,-5.358035714285713,0.08367655977402141,0.38597957526741083
56000,-7.763392857142858,0.21277987520626354,0.5511792143318548
56005,331.04017857142856,0.006963162583690264,0.18274528938036788
56006,17.77053571428571,0.08865697710914042,0.3950209062560166
56033,-1.6017857142857128,0.7043223560909454,0.8819757413602776
56034,573.0535714285718,0.3221875023023009,0.6475133868178019
56052,14.704464285714286,0.0427838606091252,0.29900724853262506
56061,-12.43482142857141,0.7182980742853136,0.8887493994331059
56062,-9.141071428571433,0.032613806575048324,0.2737794714236801
56063,-4.6348214285714295,0.11789804177688122,0.4402000060916099
56097,1.0089285714285712,0.5847519321413082,0.8200926481935622
56098,-2.0339285714285724,0.3753393901523368,0.6878915051707009
56099,-3.422321428571428,0.12901818628332923,0.45524810164833984
56100,-4.044642857142857,0.07340166366508265,0.3679957282084865
56101,-4.904464285714283,0.5159981785721828,0.780870521468364
56105,-2.71875,0.3313412879193722,0.65463729570526
56106,1.8964285714285714,0.513867808190977,0.7796626753860317
56107,-1.5821428571428569,0.2903139498012301,0.6233377802778147
56111,-29.135714285714307,0.07188748944908394,0.36518150010486516
56112,6.796428571428571,0.29504601119483176,0.6266873202494182
56114,75.14910714285716,0.09165052079436951,0.39942356559472847
56120,-4.9455357142857155,0.1262240326699692,0.4519296686716153
56121,-1.721428571428575,0.7933183821530007,0.9222572886865114
56122,-0.621428571428595,0.9796330721425274,0.9930562753078435
56123,6.286607142857147,0.5751401435271412,0.814900042239356
56124,5.0500000000000025,0.37428494444756794,0.6870877423662203
56125,-0.7053571428571423,0.5563734419442076,0.8048256191798159
56127,-5.291071428571428,0.5074341575424127,0.7754909035004309
56128,-2.6446428571428573,0.3959901245184681,0.7029011122020403
56129,-14.593750000000028,0.5616126012438283,0.8077517031533992
56130,-6.036607142857143,0.6590151526557486,0.8595363713627034
56131,-24.06607142857142,0.2002566031969918,0.5384327405849779
56132,-5.36428571428571,0.227801464792155,0.5660354975236809
56133,1.7651785714285495,0.9278546097476368,0.9741431109309684
56134,0.050892857142857295,0.9413944601678889,0.9795668018767955
56135,-9.926785714285714,0.22003805336335278,0.5587562383373421
56139,-7.133035714285711,0.04677800612347488,0.30810594925924456
56143,-11.144642857142856,0.038086992601868326,0.2878870261757969
56146,-3.399107142857143,0.1797407818964361,0.5188133064322991
56147,-17.68839285714286,0.3093823234345543,0.6380310249616874
56154,-6.67678571428571,0.23213902367990116,0.5696325541263133
56155,-0.43928571428571495,0.9167912154357412,0.9706758054314244
56156,-6.896428571428576,0.18435274780377298,0.5233460922640482
56157,-5.085714285714286,0.17610147702772713,0.5146075211804145
56158,-2.4535714285714283,0.43331045504820576,0.7285131958720987
56159,-5.869642857142857,0.05735028555318229,0.3362550985061916
56160,-9.157142857142851,0.316878993200883,0.6437120733005972
56163,-13.096428571428572,0.004155837848115503,0.16481026338152016
56164,1.4294642857142854,0.7324889076549118,0.8945414793373827
56165,-9.68392857142857,0.014501894837179953,0.21716162281049847
56169,-43.575892857142854,0.018004436496421927,0.23028412759518527
56171,-44.229464285714286,0.06014161442971245,0.34314751753866973
56172,1030.2375,0.19545653199670648,0.5341789438922651
56180,-21.300892857142912,0.4753505833425389,0.7555611705405347
56181,-64.6205357142857,0.08381967420971759,0.38624868836209936
56203,-669.5607142857143,0.016672060338146166,0.22475972927854593
56204,-54.81160714285721,0.6002718964527811,0.8296015252029981
56241,7.147321428571434,0.5766886969991254,0.8156045036971257
56242,-5.2776785714285595,0.6570590097227659,0.8589289027278475
56243,8.426785714285717,0.5813434612701629,0.8178819144816898
56244,-2.1544642857142846,0.34762013517224827,0.6664842336340664
56245,-8.35892857142857,0.3919252166177413,0.6998235750978248
56246,-59.34375,0.003018192480320134,0.1515798484623921
56252,24.070535714285654,0.4222941850007235,0.7211932023607608
56253,82.24910714285716,0.006123225486598809,0.17892031291511348
56254,-114.02232142857144,0.2172833334794314,0.5561875404839832
56255,-432.7991071428571,0.035296614955763445,0.2811940320840402
56256,10.849999999999994,0.849906075820219,0.9452023181853932
56257,37.64107142857142,0.0458468917864953,0.3063887117846715
56259,9.370535714285722,0.7217563529180777,0.8902377821118693
56260,-10.40803571428571,0.18474505742389163,0.523784565491222
56261,197.73392857142852,0.024079567686052135,0.2477526110470337
56262,80.28214285714296,0.5075706532336722,0.7756127855100903
56265,54.597321428571426,0.1638770942474001,0.4986631861073353
56267,16.3133928571429,0.712294566295478,0.8856504084825976
56269,-9.222321428571428,0.009504141963591008,0.1962861080683594
56270,143.47321428571433,0.2299409976422853,0.5678509639207401
56271,8.988392857142884,0.67714831281859,0.868472714741242
56287,1.2714285714285722,0.6587900047864189,0.8595363713627034
56288,-166.49642857142857,0.0015892219601171753,0.13006794080487133
56300,-8.674999999999999,0.12752846678859103,0.45333354105479257
56301,-12.771428571428569,0.0004524225434349272,0.10137787935370757
56302,5.2616071428571445,0.4365838409962517,0.7306688758906015
56311,-2.6607142857142856,0.3414423688234527,0.6618247700823764
56339,101.53392857142859,0.35038558191180436,0.668505668608511
56341,-13.260714285714283,0.10962525839057088,0.4288868961448605
56344,-1.2812500000000009,0.30184477901902407,0.6314884821020635
56413,-1.1044642857142861,0.6714771053994187,0.8658524737084791
56474,-17.92410714285714,0.3037426930471015,0.6333040362410965
56475,-10.550000000000004,0.19048921867061228,0.5292629878088785
56477,17.866964285714282,0.08635095055352503,0.39092806338610425
56478,8.718749999999972,0.5996875089260707,0.829373957496916
56479,-94.98660714285717,0.14538174878026808,0.4759281915182609
56521,-15.798214285714295,0.7411412689695235,0.8984598154580822
56547,-8.704464285714284,0.11169425047355416,0.4315718655183042
56548,-4.892857142857139,0.41305976893577323,0.7157255899453954
56603,-78.78482142857145,0.0015742301009229397,0.12991604390721306
56604,-3.842857142857145,0.4829838188829082,0.7601305565816889
56605,48.23303571428572,0.20195934806181062,0.5398697390758939
56606,8.296428571428569,0.20612698670447505,0.5436299743411882
56616,40.92321428571424,0.19959217155514963,0.5376085236881978
56623,10.81517857142856,0.6406861036203542,0.8503476106779077
56647,-99.02678571428572,0.015336426034052986,0.2198104452758496
56648,-6.967857142857145,0.23094835622340484,0.5689957706846819
56649,-0.316071428571429,0.7690322963137279,0.9108026336258074
56650,61.963392857142935,0.5658844750671995,0.810322499457837
56651,-13.780357142857143,0.07002143563027448,0.36199148951259996
56652,-35.87857142857142,0.0014090272760710718,0.12793530972030986
56654,10.62142857142858,0.4888684814955912,0.763473844582107
56655,28.52767857142861,0.23966510586098572,0.5764931659898546
56656,-13.851785714285711,0.040778920544185186,0.2957404802697075
56659,2.8214285714285716,0.20325065282025284,0.5408443783981761
56660,14.225000000000001,0.09136172704142281,0.39893688141982214
56666,-19.977678571428577,0.04468515603210136,0.3038688511281042
56667,3.2633928571428594,0.5821955485610577,0.8185019701099467
56670,-0.2991071428571388,0.9820252304637606,0.9939876238148381
56672,48.84732142857143,0.19956592403128223,0.5376085236881978
56673,1.5991071428571395,0.8373827631951872,0.9410585930587889
56674,203.40803571428557,0.11865834592960872,0.44094903946475433
56675,66.43660714285716,0.02999858060871059,0.2650709228415623
56676,-3.819642857142858,0.43084871603294694,0.7266123069259115
56677,-12.992857142857144,0.03953001128175952,0.2916345117838621
56681,358.5473214285714,0.2569964485605452,0.5939131197238282
56683,-31.47589285714281,0.30214384487115026,0.6317725981997186
56704,-2062.0392857142856,0.011558933633391845,0.2066643213509123
56729,-6.481249999999999,0.37292566683497125,0.6859679327883883
56731,-17.596428571428568,0.09618376505398446,0.40677965302650065
56751,6.5946428571428575,0.1742177190610108,0.5123769258630895
56776,-6.712500000000002,0.0038811396458480513,0.1620638874116914
56829,184.2348214285712,0.42980323463759634,0.7257646888426197
56832,-7.213392857142857,0.004089347564613587,0.16443054443009622
56833,322.00089285714284,0.022884423795642508,0.2445672148214922
56834,-4.496428571428574,0.4420907968046114,0.7344894805461158
56848,32.25178571428571,0.005012343462099366,0.17052867191247614
56849,-64.05892857142857,0.006277062101167399,0.17961776568128374
56850,0.9455357142857146,0.9137730685346914,0.9693547249152941
56851,492.17946428571463,0.02212557612998299,0.2422338556080937
56852,7.094642857142857,0.06209977330966334,0.34684664563315715
56853,-16.32321428571429,0.2631261123245654,0.5993362109536551
56882,491.97946428571447,0.016575958346972484,0.22471870136888683
56884,-1.368749999999999,0.5134844825293835,0.7794262214477671
56886,93.57857142857137,0.03847773334896766,0.2890847070195864
56888,-328.26428571428573,0.009836909313207246,0.1979263415238281
56889,340.9294642857143,0.0067005465482815225,0.18122967135939963
56890,42.618750000000006,0.24014340984870094,0.5769789973576455
56891,5.248214285714285,0.3360033906867022,0.6582785589899127
56892,-53.73392857142858,0.19295945839286807,0.5318373941437748
56893,-50.900000000000006,0.013955212026794837,0.21551775732576597
56894,-60.51249999999996,0.11524801117250723,0.43718760916234184
56895,-63.11250000000001,0.3180620924320955,0.6445020865606573
56896,-5.300892857142856,0.3311296801164743,0.6544431485095515
56897,-39.34642857142859,0.058233068783418024,0.3387120250780192
56898,-73.90892857142865,0.5143507805607146,0.7799353503385492
56899,-19.749107142857138,0.01739960146071469,0.2283369916124698
56900,110.5625,0.11888441075676835,0.4411071884345401
56901,111.94999999999999,0.08522501690288223,0.38876003663983694
56902,20.816964285714292,0.23384786778974137,0.5712256362622321
56903,-3.830357142857144,0.18881836002424093,0.5277435021191974
56904,-13.874107142857149,0.18953262254652925,0.5284663235112186
56905,-10.984821428571422,0.6583861986504167,0.8595130348179731
56906,-22.257142857142853,0.09037382802083385,0.3976172082593619
56907,-51.92053571428579,0.3389531951047189,0.6600985197631525
56910,-597.101785714286,0.06371463482878136,0.35018070559545844
56911,-68.66785714285714,0.13217024196721994,0.45884868750763536
56912,5.252678571428547,0.7067404293804057,0.8832376966828442
56913,253.5625,0.013455423875413517,0.21281174758909507
56914,-13.487500000000004,0.001339540974190485,0.1254896160310298
56915,0.9999999999999929,0.9472452739479771,0.9817658248750379
56916,43.53928571428574,0.10561322709810236,0.42188961727104163
56917,9.312500000000007,0.5358561537136979,0.7921216361780291
56918,1.8294642857142849,0.583967984362414,0.8196769254854316
56919,-17.222321428571405,0.6035673325701497,0.8311680785357333
56920,-74.6455357142857,0.02371678664963049,0.24666450638549495
56922,-66.06517857142859,0.011041386713157226,0.20353601434317983
56923,-8.424107142857142,0.2332311993306972,0.5706952228845096
56924,-5.141071428571436,0.460560492086615,0.7464620716231319
56925,165.5419642857143,0.016392568971630214,0.2241849746414504
56926,7.791071428571428,0.2859732613303985,0.6192705150642467
56928,-10.208928571428572,0.5257986035490136,0.7866261327927084
56929,-35.761607142857116,0.22791135871892812,0.5661027411392602
56931,5.217857142857149,0.49339630610074464,0.7662500377611471
56934,-3.7196428571428557,0.3382198735899135,0.6596943334569787
56935,269.5758928571429,0.00019468848673923512,0.08218894428282343
56936,-7.665178571428573,0.4310780081019422,0.7267263843748974
56937,353.86160714285734,0.4399128869368128,0.7328029232165708
56938,28.460714285714303,0.20181232623602152,0.5396962062584728
56940,117.31964285714275,0.4631071237658509,0.7483521564574572
56941,-13.296428571428564,0.15064566643197777,0.48231244778058785
56942,40.063392857142844,0.4965297061155436,0.7681444649953977
56943,-59.06250000000003,0.007733778304627836,0.18786893212895334
56944,176.79375000000005,0.0864522135678127,0.39119215234794
56945,-164.24107142857144,0.027316323611660847,0.2571044919035216
56946,-22.459821428571445,0.12592700491725609,0.45162735282722055
56947,-149.6973214285714,0.08174868785292386,0.3826065321313655
56948,-61.25357142857143,0.3944362516005812,0.7018282625871362
56949,2.52410714285714,0.5115174949720688,0.7783181412652393
56950,-84.99821428571431,0.21443234556907928,0.5535431837843461
56951,642.014285714286,0.02357447456126181,0.24618049758656588
56952,15.575892857142918,0.62472726762246,0.8426430834718939
56953,-3.159821428571428,0.5592350373018392,0.806482622437635
56954,-58.84821428571428,0.3950432186975051,0.7022919194370375
56955,-0.461607142857142,0.9176835980658056,0.9708471338450866
56956,20.146428571428572,0.41729157553279544,0.7185017933009369
56957,-64.70357142857148,0.023995721048563887,0.24758747845446885
56961,-7.754464285714285,0.24141414635058356,0.578117782429898
56963,-112.77053571428573,0.0012855914102718434,0.12532423491627354
56964,-27.644642857142856,0.01515639099752519,0.21898676465652597
56965,-16.721428571428646,0.6878439073762127,0.873829305167397
56967,-109.77678571428567,0.6613179796705804,0.8607633143441853
56969,-60.1267857142857,0.0140716423365432,0.21551775732576597
56970,1.5098214285714207,0.9084809469342967,0.9668557936045543
56971,-13.613392857142856,0.058141983855779795,0.3385784393774374
56975,261.53482142857143,0.00748910977887055,0.1875708095097331
56977,-112.82321428571424,0.03475100295470102,0.27973357413000277
56978,1.2044642857142858,0.6634757532700724,0.8617745239236282
56979,-1.0366071428571422,0.6490558189591394,0.8545143610872149
56980,-29.61964285714288,0.03800401249881204,0.2878732866961136
56981,-22.45178571428572,0.15142851496041485,0.48287379303981576
56983,64.50000000000001,0.014847685685872738,0.21791393669053583
56984,439.7741071428575,0.0047975800934716515,0.16997001039451554
56985,-11.27589285714285,0.06245890410085844,0.3475341621176599
56986,30.107142857142875,0.3022360980239813,0.6317725981997186
56987,120.71964285714284,0.4513574595253081,0.7402247374178226
56990,314.10089285714287,0.09232925279872528,0.4006748072680613
56992,5.665178571428573,0.643044200173771,0.8515328048884209
56993,9.806250000000002,0.23899466274255698,0.5758153611010934
56994,-7.317857142857179,0.8882973993363575,0.9592484556703966
56995,10.061607142857156,0.741087541781879,0.8984598154580822
56996,21.155357142857127,0.04348704293543407,0.30115947720010866
56997,-1078.839285714286,0.013794177883381095,0.21488111441693863
56998,-25.317857142857143,0.029852804394005648,0.26449555667513514
56999,-23.099107142857143,0.017530439639730933,0.22855043385557192
57000,8.29732142857143,0.10894764331486761,0.4276593057995638
57001,-23.265178571428578,0.13173428883790256,0.4586621078573565
57002,12.241071428571416,0.47830488561504475,0.7576578868061934
57003,-276.9544642857143,0.03944875027587779,0.2914282423096363
57005,-13.831250000000002,0.01227753588666814,0.20853503404895327
57007,-685.8866071428574,0.6579011237322498,0.8593787579680335
57010,-16.008035714285725,0.22543803771914325,0.5639146929736037
57016,-53.05446428571429,0.0002854056871703438,0.08669510220383868
57017,-152.55089285714283,0.051135199587829694,0.3198970855656597
57018,-104.19553571428565,0.24271432100075607,0.5796455621873128
57019,18.608928571428592,0.24019931541509482,0.5770108927168861
57020,-4.957142857142857,0.39541107373738116,0.7024433978812527
57026,2.78125,0.6551553699865337,0.8580637430283415
57030,-21.451785714285705,0.03680649171752633,0.2841337358476055
57035,234.89732142857133,0.2509366632461954,0.5884710596346142
57037,-181.01517857142858,0.020503348505269206,0.238009362137482
57038,6.75,0.07261175826847438,0.3664912611086791
57045,384.96160714285725,0.1935067142146322,0.5323837219887864
57047,-2.3098214285714285,0.4935127106775341,0.7663175557721785
57050,69.68482142857138,0.09812539907729767,0.4101178122114193
57051,-0.7357142857142875,0.878260676684045,0.9554665409862049
57053,-14.97053571428571,0.003206721825478058,0.15311040996027905
57057,-6.189285714285713,0.1556816037921063,0.48815115486227056
57060,-25.308035714285708,0.04065049314615794,0.2953183248427034
57061,2.5839285714285722,0.900960412948512,0.9638980643373427
57062,-74.87946428571422,0.08506185064301022,0.38858936779166176
57082,44.04107142857142,0.0027831062093571705,0.15065973465010227
57084,-15.831249999999997,0.008011342572461244,0.18807655869710707
57085,25.279464285714297,0.27442501942090386,0.6092267074532267
57088,-270.51339285714243,0.5763548348315247,0.8154397952945933
57089,44.192857142857136,0.04360127095647249,0.3012256115169488
57091,-3.213392857142857,0.26624912970450076,0.6019837551316508
57092,-205.60000000000014,0.2608766198562769,0.5972960297588752
57094,-3.1973214285714295,0.31676082926545207,0.6437120733005972
57095,54.8026785714286,0.28811431048520014,0.6215043764609137
57096,-5.813392857142855,0.3918019151156348,0.6997962960498466
57097,39.31339285714286,0.06599593243504545,0.35480024656052594
57099,13.970535714285703,0.6269336534542115,0.8435693631591527
57101,-4.891071428571429,0.482227485274706,0.7598237869000994
57102,70.06428571428563,0.03241039907509642,0.27308345961332975
57103,90.64821428571427,0.007653416688668209,0.1878321840087255
57104,-106.26517857142858,0.04279410210177228,0.29900724853262506
57105,-5.155357142857143,0.09651295703818358,0.40735262668385724
57106,5.460714285714286,0.2220235516053434,0.5606978948668913
57107,14.521428571428586,0.25577216385154494,0.5929589153062763
57109,27.422321428571422,0.010799193820734116,0.20159123854276162
57110,-462.40089285714294,0.020025687387550707,0.23714629801046888
57111,0.7491071428571425,0.8367240352300717,0.9406758091461389
57113,-6.758035714285713,0.09261258962674232,0.4011402469969212
57115,-5.83303571428571,0.42152970484505875,0.720786133304256
57117,-39.65892857142856,0.20129956866362894,0.5392161207464824
57118,186.73571428571432,0.18139697529933876,0.5207371134060546
57120,-40.32321428571436,0.5924284142885919,0.825262949603195
57121,38.67589285714284,0.3284521688472248,0.6526008831891881
57122,-98.45089285714289,0.18392277226191195,0.5229045589631344
57124,-35.31607142857138,0.6669671035898089,0.863464281885585
57125,38.80535714285713,0.6200867312376128,0.8398442082023411
57126,1.891071428571422,0.8142538414941645,0.9305879762477727
57127,0.32142857142857295,0.9338532885704183,0.9766901037279802
57128,53.41785714285716,0.01949133334847105,0.23582399885542257
57129,24.8535714285714,0.7219001420094693,0.8903050918572445
57130,50.33124999999999,0.010324135708286043,0.19919918727710903
57132,-11.159821428571426,0.3279530483571557,0.652243749551762
57134,-37.13303571428571,0.4619028152802769,0.7475249317241688
57135,-4.7616071428571445,0.17269751831052066,0.5099747211540007
57136,272.0883928571428,0.09479937574769944,0.40470273645452576
57139,-12.372321428571425,0.16665428271183577,0.5021948251361122
57140,2.172321428571429,0.7598577412590923,0.9065363525663998
57142,-1579.0276785714286,0.02669760431145407,0.2555500385457748
57143,-1.3705357142857224,0.8822476895934268,0.9568554908760397
57144,-9.275892857142859,0.027549795295553986,0.25715973243274204
57146,-37.14196428571428,0.09845920422936967,0.4103769189411107
57147,-16.465178571428595,0.5059743654354056,0.7746240425105928
57148,71.81607142857143,0.009570757073626953,0.19669047889675625
57149,-51.28035714285721,0.44146757001463494,0.7341456107594794
57150,-24.388392857142854,0.007217689620127803,0.18466898422899203
57151,-8.896428571428572,0.17334948790685464,0.5109646477603794
57152,-8.7,0.1302192719547997,0.45697000305569835
57153,-29.783035714285695,0.027043886110480978,0.2567056376893312
57154,-20.821428571428562,0.24086156793249353,0.5776177124746297
57156,-7.246428571428574,0.10239843481932788,0.4165249864253265
57157,-849.6375000000005,0.1326552473054803,0.4594575193883432
57158,-62.29107142857144,0.015526145223562928,0.2201303511229911
57159,-86.38482142857144,0.009709178401412374,0.197522152584313
57161,-213.15625000000009,0.004562452871702382,0.16818693840239604
57162,68.65803571428575,0.28141171012144717,0.6153768827876376
57165,-18.02410714285714,0.025719903525292926,0.25299097733143866
57167,-5.432142857142857,0.2826249455578915,0.6161291426785375
57168,81.70089285714286,0.017702134083055442,0.22940606328301882
57169,32.28482142857143,0.08857596764356833,0.394997003530395
57171,-6.741071428571431,0.6453236640892076,0.8527735574396484
57172,-1.6428571428571423,0.7584534016869766,0.9060772988667697
57175,49.46696428571427,0.009397452222114923,0.19581009917840447
57176,42.94017857142856,0.15506556152068787,0.4875055819759421
57178,67.01696428571427,0.7902926553755473,0.9209493600291744
57179,-16.71875,0.8570730230102316,0.9478058197262275
57180,-7.210714285714289,0.4725272464170579,0.7541633479610743
57181,73.13125000000008,0.19672831648597291,0.5351974741558844
57182,65.58750000000003,0.4955207575777011,0.7676226320268138
57184,24.323214285714272,0.4869581657452554,0.762515989532717
57185,73.74999999999997,0.07197417480973146,0.36528020098371045
57186,-69.09107142857141,0.2012903599724648,0.5392161207464824
57187,-59.00178571428563,0.3631520882903199,0.6782353689931081
57188,-146.88660714285717,0.09644198301249733,0.4072136946990915
57189,26.335714285714275,0.12159074714193716,0.4445913261543111
57190,4.124107142857142,0.7663695112895954,0.9093792396103261
57191,-9.46875,0.08928237356011395,0.3958732871485521
57192,18.246428571428567,0.06867545086533117,0.3597340481330046
57194,52.86607142857143,0.4644836267585457,0.7490235154998817
57198,57.77767857142857,0.42409083679474296,0.7222350487461887
57205,31.723214285714278,0.5514294042015119,0.8018706913253882
57209,-22.947321428571428,0.022313719544309534,0.24263278927852766
57210,33.35000000000001,0.05467937492434217,0.32845471588534475
57211,-12.797321428571422,0.43973878294483093,0.732689228401383
57212,-44.62589285714287,0.037197073802992364,0.285318463829771
57213,-29.75089285714286,0.03796072031833135,0.2878244880605695
57214,938.8696428571429,0.013689497278338696,0.21413891933194426
57215,-26.745535714285722,0.3808010943905287,0.6922102478822448
57216,-15.004464285714292,0.03851819095816528,0.2890847070195864
57217,31.172321428571426,0.027420396273388877,0.25715973243274204
57221,-16.8125,0.07734123391240925,0.37526800524328724
57222,237.48482142857145,0.02815808396590191,0.2590520256888355
57223,71.8026785714286,0.02949916216461374,0.2632392184348386
57224,-39.35000000000002,0.2589842669184691,0.5959831976837113
57226,-11.3125,0.21387277764087478,0.5527009555945942
57228,-1.2294642857142861,0.8569017338804978,0.947738150523939
57231,63.6044642857143,0.2950183998600942,0.6266873202494182
57232,-1.4214285714285708,0.8091461466334066,0.9284573772205399
57234,8.322321428571435,0.46598147537512474,0.7499058589957994
57235,-213.34017857142857,0.0532703595462778,0.32459120786723933
57242,-1.6330357142857164,0.6777128687608768,0.8685266179007791
57282,-1.3580357142857142,0.642494428055976,0.851349494788437
57291,-11.860714285714295,0.7527962048610654,0.9031671311502403
57292,-7.842857142857142,0.07862092967727453,0.3776332539844492
57326,48.227678571428555,0.40387736089233345,0.7087847402750904
57332,9.411607142857141,0.12472888696904193,0.4497491903062067
57333,199.5696428571429,0.016616330130273516,0.22475972927854593
57335,-7.991964285714289,0.3654437075789448,0.6797059025676556
57336,-11.036607142857147,0.02987908366807472,0.26455690681003813
57337,20.179464285714232,0.7496645621662881,0.9019914688493147
57338,1.4571428571428555,0.6283511049110144,0.844167792736804
57343,-14.054464285714275,0.14102333226643668,0.4701255923940546
57348,-0.5410714285714286,0.6982777347621857,0.8786502739428942
57369,-14.20625,0.06620025905541599,0.3551662411789686
57379,-5.234821428571429,0.5852811433231303,0.8204762565984689
57380,-96.18660714285718,0.05680536993898824,0.33496420758434536
57381,-11.720535714285717,0.5883721618014212,0.822553579648999
57393,-1.7857142857142865,0.5765847634950487,0.8155062112778632
57396,-434.7035714285713,0.00017517830842573255,0.08218894428282343
57399,-5.699107142857141,0.1370492703445694,0.4654904483641614
57402,-14.739285714285717,0.038705928609046834,0.2896688765574051
57403,49.87678571428569,0.06677389789167733,0.3562325651629451
57404,40.492857142857154,0.0019350497189337208,0.13957631053126804
57405,14.772321428571429,0.013072460501091055,0.21137711545547824
57406,14.88928571428572,0.1136144269109601,0.4340911877856134
57407,74.52767857142858,0.0010522060821451442,0.12354037039350847
57408,-36.06339285714286,0.005594834098509956,0.17507163162873565
57409,12.341964285714294,0.2216536961760529,0.5602333687253988
57410,18.125,0.10809649960338637,0.42623963364355333
57412,2.4750000000000014,0.8454637484463062,0.9436133429881153
57414,32.717857142857156,0.013434584301857608,0.21281174758909507
57415,117.6303571428571,0.05788993507810853,0.337852851108743
57418,8.15,0.24639590328589647,0.5839739915972253
57419,-97.89553571428569,0.05918996476907334,0.34072876654348405
57446,19.462500000000034,0.6384669358437024,0.8494371386794164
57447,-546.0562499999999,0.005974596086655549,0.17809876130299268
57448,-41.83303571428564,0.5065983741855075,0.775008118772826
57449,-8.107142857142858,0.4017603912308336,0.7069567042678142
57451,-45.09285714285714,0.04210146662515159,0.29806098084741345
57452,-62.76339285714283,0.1497341844965414,0.48082670536161054
57453,-12.857142857142856,0.004691579624478323,0.16983492073049603
57455,-3.1741071428571406,0.536410056960959,0.792504657614517
57456,-89.1875,0.5657285116134577,0.8103167147630788
57458,-117.3339285714286,0.0207225435172283,0.238389808462602
57459,-16.167857142857144,0.4296513929005069,0.7256414267085293
57460,-6.0375,0.15546277227154343,0.487856053297922
57461,-5.466964285714283,0.8113616702942,0.9293570603629766
57462,-47.28303571428571,0.004911074292369391,0.16997001039451554
57463,-32.232142857142854,0.009611260909252597,0.1969624026287053
57464,-132.36428571428573,0.007823673772055045,0.18798333344091506
57465,-12.683035714285694,0.666497769791497,0.8631570790504074
57466,18.050892857142856,0.3499959552247895,0.6681107761998242
57467,-264.46875,0.020706083520338668,0.238389808462602
57468,-5.983928571428571,0.2792395434714112,0.6135683815978543
57469,-1.9758928571428571,0.1984138482680037,0.5367578403475916
57470,-194.8107142857143,0.23216074626240404,0.5696325541263133
57471,-2.7178571428571416,0.5549824341493318,0.803920001730325
57472,-16.20625000000001,0.5872623856895961,0.821758527309873
57473,-4.4767857142857075,0.4636962348865695,0.7485264730564862
57474,-3.4276785714285722,0.7323066582041603,0.8944783103092689
57475,-7.103571428571435,0.3710316887753209,0.6847676138015538
57476,-43.1955357142857,0.045823003856427784,0.30632936706469677
57477,2.2303571428571427,0.7079651216403287,0.8836690297418206
57478,-63.053571428571445,0.15906591210258644,0.4919969925974264
57479,-10.051785714285721,0.24938755076351146,0.5871433658084745
57480,0.5223214285714306,0.9357769195061708,0.9774814697107086
57481,-6.379464285714288,0.31242075937394514,0.6403202303479768
57482,-14.981249999999996,0.06566300652468413,0.3540557082580971
57484,-154.00982142857146,0.0003128671345696054,0.08987562625553135
57486,-793.1866071428572,0.2201920193293573,0.5589367723489309
57488,169.76071428571424,0.04955549620072257,0.31637631419599566
57489,7.162500000000001,0.5581673348228932,0.8057723746722842
57491,-25.658928571428575,0.06541379262850941,0.3533740847706503
57492,-143.11428571428573,0.00043774399168950334,0.10014080646704432
57493,45.13749999999999,0.33677387544305365,0.6587074722337485
57494,-70.2044642857143,0.023586580626798935,0.24618049758656588
57495,1.5089285714285694,0.707103259562324,0.8832607164677332
57496,-453.90892857142853,0.022346815261511492,0.24263278927852766
57497,-2.612499999999999,0.13622806259646442,0.4643269947298605
57498,84.09196428571431,0.5972596642052289,0.8281178743798567
57501,-13.627678571428572,0.027844714568975668,0.2579443202875403
57502,79.32946428571428,0.0871180592628802,0.3918007954128043
57504,-8.838392857142853,0.11600410935252983,0.43840513726244823
57505,20.757142857142853,0.0031431174144942384,0.15260771129085
57506,-31.86696428571429,0.0786779098415825,0.3776497675676145
57507,8.250892857142873,0.7062586607860479,0.8829646326224401
57508,26.325892857142847,0.06757546477656835,0.3575129270817463
57509,-919.43125,0.001312286381279868,0.12532423491627354
57510,18.41785714285715,0.11161020205842827,0.4315364823477756
57511,199.8616071428571,0.10830893310440616,0.42660579740926685
57512,-4.001785714285714,0.04903139518891635,0.3151486780414718
57513,-4.987500000000001,0.12060138864173012,0.4429608117977468
57514,7.135714285714286,0.627177999763363,0.8436016664579649
57515,-214.3616071428571,0.40158773532059455,0.706779418935605
57519,-46.065178571428575,0.03478551184338275,0.27973357413000277
57520,-14.456249999999983,0.5724489728523582,0.8135056994100172
57521,-5.708928571428572,0.36136603951365215,0.6768321765204628
57522,110.00267857142858,0.0049275052578129225,0.16997001039451554
57523,-1.7294642857142826,0.8502619122740103,0.9453261842514693
57524,5.58482142857143,0.29871618324034854,0.629182037085525
57526,-37.32410714285714,0.016400118746977114,0.2241849746414504
57528,-17.836607142857144,0.11007234882207127,0.42916596874296553
57529,-10.546428571428574,0.022308122003583532,0.2426291168780445
57530,-15.905357142857138,0.06477842103797506,0.3520711342479336
57531,-8.297321428571422,0.7807928964401821,0.9166342003266512
57532,241.99732142857147,0.0009908467943003545,0.12048647721650481
57533,63.38392857142861,0.3908930740658999,0.6990543168235601
57534,116.1437499999999,0.04268665870973121,0.2989024157452459
57535,-5.8125,0.3272234435906614,0.6515579724018277
57536,-6.161607142857143,0.5323338903585602,0.7904338562640345
57537,29.126785714285713,0.02027106225370601,0.238009362137482
57538,-129.6473214285714,0.015191689868750389,0.219207936206813
57539,-36.97589285714284,0.23508234138087866,0.5721820066018144
57540,-7.228571428571431,0.17763215042778235,0.5162452543559453
57541,-25.740178571428572,0.02448649586237022,0.24829361299612238
57542,97.53392857142862,0.18346792963326627,0.5223240257892439
57544,-51.50000000000003,0.005717428004883175,0.17665891665889058
57545,-66.37767857142862,0.048823661359355515,0.31449734467196166
57546,-7.049107142857153,0.5748206705995093,0.8148062506530888
57547,-6.30535714285714,0.32929351142038926,0.6532523074257817
57549,-0.10089285714285712,0.9483406557610162,0.9821311501865817
57551,-124.57499999999982,0.22833763482895525,0.5666467040792088
57552,62.93571428571427,0.017074294857296345,0.2269629546919301
57553,-18.632142857142853,0.11929503606983234,0.4416669830274791
57554,-6.665178571428573,0.11910758898927061,0.44141580885164855
57555,-28.723214285714292,0.22493122062395512,0.5636424440906892
57556,-30.596428571428575,0.004166033900146151,0.16481026338152016
57558,-18.482142857142847,0.1395378861810224,0.4684822798248326
57559,89.63571428571427,0.07097163554916432,0.3635225217449477
57560,198.00892857142844,0.008921787243887466,0.19310218105432728
57561,116.21517857142857,0.30469221414048786,0.6339734819977193
57562,-58.800892857142856,0.5584500450771329,0.8059883381620315
57563,-94.18124999999998,0.14094087877972974,0.4701255923940546
57565,-3.5758928571428577,0.4096773456256226,0.7129994428974382
57567,14.727678571428555,0.30667418157358134,0.6358961821080608
57568,-130.7883928571428,0.0965783626687061,0.40743996750860384
57569,-13.198214285714283,0.017508291160446134,0.22851893511515692
57570,106.99107142857133,0.2724008133873814,0.607290985667808
57571,-43.433928571428574,0.02312844456512031,0.2450673849996033
57572,-8.174107142857144,0.07101070662396186,0.3635649765582091
57573,-31.908928571428575,0.029074768147317805,0.26193161121347847
57574,-0.20535714285714324,0.8775051088573116,0.955386939079996
57575,-4.93125,0.2039837843823254,0.5413724290618728
57576,-15.462500000000002,0.008542773055636775,0.19074068353740092
57577,7.312499999999993,0.423095242877186,0.7215900057492715
57578,-6.1250000000000036,0.11887625087189047,0.4411071884345401
57579,26.44285714285712,0.6718397583948731,0.8660033439446463
57580,62.96696428571428,0.015108800655494543,0.21879289582888783
57582,-5.544642857142858,0.275942741251383,0.6106330315735713
57583,63.20803571428576,0.5176523022318664,0.7819205176663984
57584,-116.12142857142851,0.0792144130277209,0.3786370486676856
57585,12.292857142857144,0.4219897601194686,0.7210139882796925
57586,-6.953571428571436,0.43844973438181006,0.7317518797339265
57587,278.62946428571433,0.08453501764260263,0.3875525817213901
57589,38.08571428571429,0.2441429023735598,0.5815784737188577
57590,105.50267857142855,0.006900085559654037,0.18241289081330567
57591,5.965178571428552,0.5317078492669647,0.7900621442187002
57592,-0.680357142857142,0.8548441935807249,0.9470458397638625
57593,-1.5982142857142847,0.7113631264933531,0.8852982254485615
57594,-6.779464285714287,0.15088789566717747,0.48255086504176425
57595,-11.793750000000003,0.033485262093372575,0.27589283319014557
57596,-24.50267857142856,0.11756461330832034,0.43987170551101173
57597,-14.254464285714288,0.04726680477593026,0.3095726582563473
57599,74.47589285714284,0.026416034215318213,0.2547840671847478
57600,557.85,0.11056909956703742,0.42999968125953275
57602,-17.700000000000017,0.28834988972793385,0.6216732042532294
57604,-4.063392857142857,0.18142318605239946,0.520749171114338
57605,-18.505357142857157,0.14592720360668143,0.47630213698010826
57606,-305.867857142857,0.06037996183871759,0.34332564515788816
57608,22.915178571428584,0.6696919225725482,0.8648967961888289
57609,53.66339285714287,0.18267067120401487,0.5216713470493589
57610,-2.85089285714286,0.5995571083686182,0.8293054265344617
57611,-6.041071428571428,0.11850137565881234,0.4407308326965776
57612,-31.7705357142857,0.09407557858025042,0.40360814962925234
57613,3.8544642857142826,0.517029162454714,0.7815206119451277
57614,-49.954464285714295,0.02351579527397847,0.24618049758656588
57615,-11.27232142857143,0.30140656971432006,0.6310562992697576
57616,64.86517857142857,0.09625855080292814,0.40684587168987807
57617,12.271428571428586,0.22307880919068548,0.5615802244956469
57619,-26.967857142857145,0.0002059421191906138,0.08218894428282343
57620,-18.28392857142859,0.18393811460889414,0.522920986701398
57621,-16.021428571428572,0.4087899794213437,0.7122786616801672
57622,6.75625,0.09021316067835024,0.3972957132385543
57623,-2.30535714285714,0.812149324464602,0.9297180610770736
57624,-5.50714285714286,0.26760505914446936,0.6032927482089566
57626,-7.033928571428575,0.23355974455095482,0.5709695204159043
57628,-4.532142857142858,0.07710532614482381,0.3749586947212994
57630,-179.1482142857143,0.17404578281286012,0.5121283582096916
57631,-15.044642857142861,0.13816544173195697,0.46696856243059065
57633,-18.816071428571423,0.23761547972817704,0.5745395868090303
57634,42.061607142857156,0.10058554719109086,0.4138552740341019
57636,-12.735714285714284,0.09916402412195552,0.41142776541856363
57639,-26.487499999999997,0.3103380285111848,0.6388212683577059
57642,-9.793750000000003,0.13078800435365467,0.45779496712501355
57643,-9.124107142857142,0.2751047698308534,0.6100808308651934
57644,-42.17946428571429,0.016397416459948085,0.2241849746414504
57645,69.18839285714287,0.3615281819277471,0.6770295022228926
57646,-64.22499999999997,0.030604588816384157,0.2673353971005978
57647,11.855357142857137,0.2515678099962013,0.5890817598844622
57648,9.736607142857144,0.2937802529662435,0.625880327174741
57649,14.177678571428572,0.4386992029775964,0.7317927673256341
57650,6.622321428571425,0.2346654320333201,0.57199561453067
57654,-6.0285714285714285,0.22058634565586466,0.5591876135355341
57655,5.61785714285714,0.40798597282890114,0.711581639457634
57657,-11.14107142857143,0.05186763078344915,0.3215743493879858
57658,-26.45089285714286,0.028798373948702976,0.2612977279769292
57659,3.418749999999818,0.9782619023776946,0.9927113249084895
57661,-3.0375000000000014,0.6860456060452149,0.8729388520942697
57662,1.1116071428571423,0.737308288196428,0.8969426748156019
57663,-1.6544642857142864,0.06319768995562558,0.3491425629102346
57664,6.246428571428572,0.24947421693968122,0.5872224389175594
57666,-35.358035714285705,0.1152819456305217,0.43722533139211806
57669,-70.07142857142858,1.5565209114913093e-05,0.030444753842458958
57670,-12.633035714285715,0.12056227930142423,0.4429608117977468
57673,-2.9776785714285836,0.767821971005269,0.9102178334581917
57674,90.36428571428573,0.1947803310335686,0.5337957058455661
57677,-14.86785714285714,0.06097501226583124,0.3446866000449052
57678,-578.7249999999999,0.07662500110116728,0.37412790036263255
57679,-63.584821428571445,0.019404148128812648,0.23544647113689113
57680,1.0383928571428527,0.9282412525352488,0.97430582611566
57683,-33.604464285714286,0.00021074443930592802,0.08348620717944168
57684,39.300892857142856,0.10922902915668439,0.4279530185165878
57685,-83.66875000000005,0.3771550507402884,0.689018724913969
57687,93.61160714285714,0.16201612482353925,0.4957595491788117
57688,158.8133928571428,0.1945335198039787,0.5334346433770394
57689,-39.72232142857145,0.012019211619406035,0.20793439714101364
57690,-14.550000000000004,0.2957185568190446,0.6270715208688048
57691,20.93303571428572,0.0002953808607961774,0.08777145958712498
57692,9.342857142857142,0.6534182731196013,0.8570381519718223
57693,19.342857142857156,0.1985713026398663,0.5368583282319482
57695,23.96517857142856,0.06764451493185823,0.35765933753840085
57696,16.33125,0.015385898494025545,0.21981380814831367
57697,-8.179464285714285,0.2557041945467527,0.5929019014776804
57698,258.4562500000001,0.03673091500051856,0.28401396940367024
57699,54.72589285714287,0.19454236328039037,0.5334346433770394
57700,10.685714285714539,0.8743990308618037,0.9543230400105621
57701,-9.067857142857141,0.03771552197722933,0.28713565803181035
57703,-52.8223214285714,0.2762036911843901,0.6107768670969327
57704,7.7616071428571445,0.5861437691893548,0.8212020648412038
57705,36.333035714285714,0.12071528928627413,0.4431684980680211
57706,17.121428571428567,0.00424406876373962,0.16562773708598413
57707,34.34642857142858,0.0073207077729634,0.18564921033709364
57708,31.216964285714255,0.38941564705526555,0.6979555277223836
57709,-7.31964285714286,0.2707043210259223,0.6058355387348073
57710,0.28303571428571317,0.898392361896331,0.9631254551734675
57711,22.685714285714283,0.49967719598188437,0.7701635582728865
57713,72.3964285714286,0.2158422571160009,0.5548794154512577
57715,-1.3160714285714263,0.8949285356358688,0.9615526319165923
57716,-18.19642857142857,0.16019519826062972,0.4935853741842733
57717,-61.709821428571416,0.4285993095801516,0.7251217278640526
57718,-40.11071428571428,0.2214674341855377,0.5600190530059325
57719,-5.676785714285721,0.6138989398089687,0.8363419805076794
57720,19.099999999999994,0.12130262566854275,0.44420323945179535
57721,-19.76249999999999,0.3246279320742271,0.6496001535868628
57722,9.091964285714312,0.9169002739027138,0.9706905821458085
57724,60.952678571428606,0.06692091252335382,0.3564443148771914
57727,16.033928571428568,0.04544955926264878,0.30551607987696994
57728,-34.27767857142857,0.2907460774867758,0.6236138945741425
57730,71.02857142857144,0.19878808097890402,0.5370891283582883
57731,-12.757142857142853,0.5795933583440405,0.8169609302986058
57732,23.02857142857143,0.007579062543302232,0.1877827423349435
57733,8.075,0.07074394653467007,0.3631425812433648
57758,-13.388392857142858,0.21006087486691122,0.5483969982021855
57761,9.347321428571426,0.5056339491728316,0.7745086706118467
57763,9.28125,0.7749948278604839,0.9135031198290817
57786,-20.537499999999795,0.8374690190853846,0.9410682879499631
57787,17.395535714285714,0.4534128696208406,0.7414632947237086
57794,-3.273214285714282,0.7072131490908886,0.8832692721416345
57795,-2.4553571428571432,0.31533514993222117,0.6424081273770099
57796,-9.333035714285716,0.06619789136563792,0.3551662411789686
57798,12.27589285714285,0.4481819977122507,0.7383478214825691
57799,9.115178571428572,0.4400941052861532,0.7330432660021455
57801,-2.3848214285714278,0.6354681318439255,0.8478749599435459
57804,19.021428571428576,0.06111059581419963,0.3449931340848167
57805,-15.183928571428567,0.1891958477316396,0.5282067671524497
57817,-5.184821428571418,0.7418703652349306,0.8986817553581099
57818,-2.2696428571428555,0.7407150884734119,0.8983717272023913
57819,14.083035714285707,0.16447637042387872,0.49908023330727347
57820,-99.19375000000002,0.018438217247878856,0.23190925420468747
57821,-6.953571428571429,0.2102396050267542,0.5484709095805769
57822,-2.542857142857142,0.10430542154671348,0.41932961783187506
57823,647.2241071428572,0.24169398130327457,0.5783962195367679
57824,-0.49553571428571175,0.9274903484158287,0.9741117490838392
57826,72.65089285714282,0.21935445490716465,0.5581402324821791
57827,-8.029464285714283,0.6748499820626837,0.8673990965554852
57828,-8.09642857142857,0.006984836529286173,0.1829003530836789
57829,-11.813392857142858,0.09194969571003123,0.3998210285466803
57830,-1.7401785714285714,0.19205810797296263,0.5307175302447049
57834,0.10446428571428568,0.9243074936661632,0.9733534710361609
57835,10.383928571428577,0.17912919860133716,0.5181129415187065
57863,10.942857142857143,0.3376285334071662,0.6593405872770903
57864,7.5285714285714285,0.30137006421433454,0.631052363406945
57876,9.261607142857143,0.27601185064457423,0.6106330315735713
58155,-95.2616071428572,0.09924740036989353,0.4114925013440455
58157,-8.775892857142857,0.22098196292640335,0.5595160147726731
58158,-12.00714285714286,0.05170849658331568,0.32114847724541384
58160,4.396428571428574,0.4826701736396503,0.7599841019458289
58189,7.530357142857145,0.42827783376677675,0.7249778234639647
58190,45.74464285714285,0.042196692860749604,0.29813177660830187
58191,321.85625000000005,0.0054353491670518376,0.17430775477127936
58472,246.6500000000001,0.024607782909953288,0.2489233174101195
58473,-6.459821428571429,0.05070931602669549,0.3192068745447988
58475,381.96517857142885,0.26618653811506365,0.6019169101882255
58476,-85.54464285714283,0.0014261624759903863,0.12803847844790536
58477,536.3232142857141,0.015439799524375105,0.21981380814831367
58478,-78.57946428571415,0.21493506000413992,0.5539015085655331
58480,-8.371428571428577,0.1503217821646139,0.4816481153217455
58483,-3.08660714285714,0.4248937101010206,0.7227409886996641
58484,22.83571428571429,0.13468644088464832,0.4621842186260056
58485,15.299107142857135,0.14978588282835484,0.4808892039718321
58486,14.788392857142753,0.9391353790715526,0.9787163089619652
58487,-63.370535714285694,0.06596495045851564,0.3547741163013321
58488,23.43214285714288,0.3451269493864439,0.6643599604867028
58489,13.639285714285712,0.30149894207539263,0.6311046959407386
58490,-8.765178571428567,0.1495624149402538,0.4804505200826145
58491,-19.434821428571425,0.03476440205752337,0.27973357413000277
58492,-12.30357142857143,0.3156650411600734,0.6428222827619654
58493,73.48660714285714,0.029120061102136354,0.2622100363569343
58494,-64.25535714285712,0.15048982316715412,0.4819323541067271
58495,-15.913392857142858,0.04364747596638419,0.3015067275378466
58496,-4.757142857142856,0.4012894733083012,0.7067094618672735
58497,-77.34107142857141,0.16108742326923192,0.4946391872261385
58498,-0.6955357142857146,0.19270863875034802,0.531655304454298
58499,-108.83214285714283,0.0016876428966018865,0.13181696481672592
58500,4.70446428571428,0.5971181948564712,0.8280279385112241
58503,-19.14464285714286,0.007008952793646885,0.18309340372319324
58504,82.48839285714286,0.027451589695543215,0.25715973243274204
58505,804.6205357142859,0.005589960738733571,0.17507163162873565
58506,-1.1098214285714274,0.6392383851236338,0.8496873270445774
58508,-145.4107142857141,0.20217521862460647,0.5399650170828207
58509,10.40625,0.0720877040190947,0.36538200732016884
58510,-23.593750000000007,0.12060200538493387,0.4429608117977468
58511,-1.1339285714285694,0.7041120679337264,0.8819057226828187
58512,0.7250000000000005,0.6324168307978639,0.8462283524335622
58513,10.850892857142853,0.5829718939026388,0.8189406309993776
58515,163.3375000000001,0.596315818893753,0.8275017106095417
58516,41.891964285714295,0.09306275838107052,0.40219211591699955
58517,-148.94642857142867,0.09048119506662598,0.3976477626112906
58524,-8.496428571428567,0.4070236375239967,0.7111007604239256
58525,-9.683035714285719,0.09382688732220554,0.4032831184262577
58526,-10.204464285714266,0.5041360404038594,0.77352073887526
58527,249.0625,0.0008710133982825987,0.1180986166525225
58528,-552.1785714285714,0.039153879280798096,0.2907496023962698
58529,-1769.333928571429,0.018179116499895537,0.23106805310896697
58531,1.6357142857142861,0.4073110087422323,0.7111466673455441
58533,266.77589285714294,0.08629520872440355,0.39086989785492204
58538,1.165178571428572,0.6489166804630926,0.8545143610872149
58985,-2.5999999999999943,0.6470119366119776,0.8535528916218151
58986,23.95357142857143,0.10774167274992612,0.4256096827227406
59067,7.945535714285715,0.2985767035693339,0.6291548644411042
59082,-1.4812499999999993,0.8087020430852091,0.9282514715901543
59084,-90.79464285714285,0.00187983168574941,0.13833081752133108
59269,31.92232142857145,0.29813796407813653,0.6289332967810832
59271,-51.27053571428573,0.178811260771002,0.5177831201317737
59272,-8.558928571428574,0.02048357662254544,0.238009362137482
59274,31.15178571428575,0.4902237736951856,0.7643259521893884
59277,-761.5696428571432,0.13485419094127965,0.46247385024511883
59283,-4.497321428571427,0.2249501795470547,0.5636507806254694
59284,-6.085714285714289,0.23337070577785188,0.5708712513267439
59285,-37.36517857142857,0.33985519034626654,0.6608494542913222
59286,224.40357142857147,0.06618962839556335,0.3551662411789686
59307,41.322321428571435,0.06952534546790533,0.3612371247227714
59335,5.575892857142854,0.49810551678919596,0.7692762875105725
59336,-2.128571428571428,0.6187609796127602,0.8390980842384955
59338,-163.6875,0.6226134771919957,0.8416503947355081
59339,32.39017857142859,0.3426642008069548,0.6626521833240283
59340,-8.426785714285714,0.00991310624712387,0.1979263415238281
59341,-6.547321428571433,0.3327947295784944,0.6556814269397537
59342,275.2258928571429,0.06674103405511253,0.3562325651629451
59343,-27.34732142857142,0.14133753199372848,0.47059433419140767
59344,-11.259821428571428,0.37845785927216874,0.6900614772128936
59345,636.8044642857142,0.0007977670008579665,0.11789051123565568
59347,-7.304464285714287,0.09655750859438066,0.4074123315505114
59348,-7.975892857142867,0.6632719046696282,0.8616530374655338
59349,-31.15178571428578,0.20894339531939807,0.5469344624909367
59350,-4.775892857142856,0.21145723185597287,0.5494712300615615
59351,-7.127678571428573,0.09149484808589516,0.3992084286247161
59352,-13.346428571428572,0.06322706233371565,0.34914322114756635
59353,-30.850892857142863,0.00018639228322011266,0.08218894428282343
60312,-0.7553571428571288,0.8976515031841453,0.9627505185882762
60313,17.166964285714272,0.5594274605391069,0.8065559302194982
60314,31.97410714285715,0.014949683020246022,0.21819912416763246
60343,37.23035714285714,0.0033501512162608022,0.15462501286704
60370,33.16874999999999,0.3765917056963762,0.6889247770245902
60385,-4.844642857142855,0.30508992347743996,0.6343020178501427
60386,71.24464285714288,0.008539389534652699,0.19074068353740092
60401,-3.2482142857142886,0.5352265255241481,0.7919759210563679
60412,-100.37500000000006,0.04848048107377001,0.3133723262542656
60436,16.634821428571435,0.11714042146157447,0.43949695467151856
60437,-9.846428571428572,0.03135955908482933,0.2693768881324499
60467,0.3339285714285718,0.8315080373179001,0.9382264722708475
60468,-17.162499999999994,0.046509378792360556,0.30764872391166065
60481,-36.182142857142935,0.9175511224636594,0.9708009060434357
60482,-1.8348214285714297,0.6019058722739287,0.8302745186894853
60484,-1.0919642857142886,0.8374259677491049,0.9410585930587889
60485,-56.1241071428571,0.12100317788810969,0.4436296352868234
60487,2.267857142857139,0.9442853908640959,0.9810199400606907
60488,-155.94285714285706,0.04181497900131352,0.29745432954681456
60489,193.15803571428572,0.1123834789186377,0.4322993013872769
60490,22.781250000000004,0.11811055902118259,0.44044085791755944
60491,41.947321428571456,0.4513174028241994,0.7402247374178226
60492,38.31964285714298,0.6336315425871337,0.8470782089821394
60493,-33.38660714285716,0.039135991435695856,0.29072830594384114
60494,5.31875,0.21891841240091808,0.5580550667690818
60495,-1.8973214285714297,0.33718485215785715,0.6590020300886806
60496,-163.7401785714286,0.12996224177909105,0.4564722231775723
60506,-16.709821428571423,0.10103118309164302,0.4142873068553131
60509,-5.691071428571426,0.46836595138761267,0.7513568010135679
60526,61.46517857142858,0.007189353932398229,0.18463030824512597
60528,-10.198214285714286,0.022623536581863533,0.2434688068451274
60529,-2.0928571428571416,0.7604603685384383,0.9067709997129766
60558,-18.16250000000001,0.1361007408876336,0.46424031493114776
60559,812.8249999999998,0.2360992686146132,0.5731086405257919
60560,-71.67053571428573,0.050403874167265265,0.31877753847255386
60561,9.375892857142844,0.771408765208556,0.9117952766718757
60592,-219.10982142857142,0.19898282311536872,0.5372389796681181
60598,0.1446428571428573,0.9727407554143324,0.990247297427137
60625,-4.985714285714286,0.34836816534886406,0.6670062137711564
60672,9.3875,0.2879315108258632,0.621330503468504
60673,50.85535714285713,0.007882531642330666,0.18798333344091506
60674,1.1178571428571438,0.8257671528463204,0.935440915747282
60675,43.096428571428575,0.6005952978195798,0.8298023073796512
60676,-9.962500000000006,0.5185137401719091,0.7824718816455282
60677,-0.43571428571428683,0.9387488559264108,0.978609169039363
60678,-2.5187500000000114,0.7929870513189462,0.9221062703330478
60680,-6.275,0.14079804194994996,0.470042127183514
60681,29.749999999999996,0.0598880518481241,0.3423535439205175
60682,9.996428571428567,0.8561480611290969,0.9475111884345763
60684,-13.18125000000002,0.1278680829909379,0.4537068358706225
60685,-18.77589285714285,0.1910048326821724,0.5297700499676202
60686,-0.721428571428568,0.9063334505031985,0.9662237922343463
63027,-21.138392857142833,0.11652431435505618,0.4390808640641479
63035,-10.057142857142857,0.3361645263977218,0.6583492900922503
63036,-1.6223214285714285,0.6201099347988753,0.8398442082023411
63826,-46.40535714285713,0.005902387818568946,0.17799075792294128
63827,8.627678571428572,0.41780711446288965,0.7188569911125046
63874,-4.719642857142873,0.8171094442409471,0.9315640762534255
63875,122.46428571428567,0.10328802267415019,0.41769768045186106
63876,-25.989285714285714,0.06307657683733203,0.34877749176589085
63877,28.33660714285716,0.41048149680390567,0.7136241507845106
63891,-45.49732142857144,0.044993401797810195,0.304419953119964
63892,62.01517857142858,0.06893787046095347,0.3601569044357763
63893,-14.347321428571433,0.17253529146632432,0.5097739562778321
63894,40.16339285714287,0.05819331074965413,0.338611381197096
63895,-14.189285714285715,0.004559388566519225,0.16818693840239604
63897,12.884821428571442,0.269983363990985,0.6051714557498611
63898,-6.082142857142863,0.4803884033329476,0.7587776017632335
63899,27.533035714285717,0.03931373224586781,0.29089823228305467
63901,57.02678571428572,0.1060311689939101,0.42291028339232817
63904,0.65625,0.8970439211452477,0.9624655474072301
63905,64.54464285714286,0.032502391988138576,0.27363888521247254
63906,9.939285714285717,0.25535628485634004,0.5925869961348923
63908,-7.208928571428572,0.7616222632772905,0.907267876009496
63910,-8.34375,0.2818255001412638,0.6155850991936973
63914,-4.1553571428571425,0.17029944100073738,0.507036532074636
63916,30.640178571428578,0.03993433385065758,0.2933113518652207
63917,76.46874999999989,0.5334637896244618,0.7911419319674999
63920,9.105357142857159,0.2773318698379922,0.6118355317512901
63922,18.245535714285708,0.1794048240317933,0.5184165083208233
63923,-16.888392857142858,0.10886648856908555,0.4276032955321805
63924,-244.92678571428576,0.0069762793134278914,0.18281708793879067
63925,-7.43035714285714,0.2511936769805638,0.5886847101976993
63926,-1.8383928571428605,0.8026215748704543,0.9257831957770101
63928,1.2017857142857142,0.5705841786810575,0.8124138012861151
63929,-25.827678571428578,0.24943830316314655,0.5871884623028089
63931,61.234821428571536,0.5977311845939428,0.8284355121213167
63932,8.842857142857145,0.26614499474001246,0.6018727545770849
63933,23.974107142857136,0.06367182564104919,0.35018070559545844
63934,2.3678571428571438,0.45102272236257535,0.7399910715900261
63935,-3.7544642857142776,0.6213422007036037,0.8407365452436967
63939,-129.10267857142856,0.04471967565810186,0.303883702039115
63940,-20.22678571428571,0.0462016438522012,0.30710802159242095
63941,-37.783928571428575,0.015470429630058811,0.21982920117864926
63943,-2.8526785714285694,0.7478087349220218,0.9010338080717903
63946,-8.361607142857144,0.07232202633350242,0.36575733854776715
63948,-7.963392857142857,0.06041353999046324,0.3433943548163611
63950,2.1053571428571445,0.7920718909455138,0.9216621805423785
63951,-0.32232142857142865,0.6087456373733289,0.8335818842357611
63967,-7.675000000000001,0.01922309969134822,0.23497048415480973
63970,-4.5598214285714285,0.09132157542274646,0.3988662035659581
63971,-566.8678571428574,0.010092628036237228,0.19870883611136853
63973,-1.7401785714285722,0.22038686999325505,0.5590707612342236
63974,-1.2624999999999993,0.8235452719436294,0.9344873348729441
63976,-31.5375,0.09439520848374156,0.40417223521541845
63977,31.98571428571428,0.183143544212277,0.5220369989447469
63978,0.7357142857142875,0.9248883341885217,0.973498925197922
63979,7.313392857142873,0.7621584992776363,0.9075353207597193
63982,-7.608928571428567,0.49057066632395696,0.7646374132294413
64002,-5.478571428571428,0.24692469468815473,0.5843644398290307
64005,31.242857142857147,0.0028326010016475793,0.1514456901580904
64061,-30.14999999999999,0.11000793563647085,0.42916596874296553
64062,42.53392857142859,0.634769429286701,0.8476810379109134
64063,-13.254464285714285,0.18128489662569602,0.5205885290956173
64064,-8.654464285714289,0.19161263918745997,0.5304379729074638
64065,-122.51875000000001,0.3126121238396667,0.6404755241007151
64066,-13.057142857142853,0.033423203625103495,0.2756963466564253
64067,-20.040178571428577,0.03981431404151518,0.29283324851622966
64073,-6.103571428571428,0.4771511149032862,0.756948647240481
64077,-11.593749999999996,0.22118259883769018,0.5597164564511529
64078,35.74285714285714,0.18752050445762522,0.5264876759342999
64080,-15.932142857142864,0.17910162142599606,0.5180879927763787
64081,-17.161607142857164,0.4050738112158294,0.7095641302961729
64083,514.8232142857142,0.00019136062359347862,0.08218894428282343
64084,-117.73035714285717,0.0047412403705326955,0.16997001039451554
64087,36.26785714285717,0.18976374606720137,0.5287354169138878
64089,17.076785714285712,0.24846971503768905,0.5858758284117562
64090,1.3098214285714302,0.7053684415523289,0.8824772216803255
64091,-205.79910714285717,0.052757218480566276,0.32355010479961216
64092,318.0267857142858,0.02785273894415897,0.2579443202875403
64093,120.99017857142857,0.08957093523606395,0.3962408621470554
64094,660.6919642857143,0.03695274478747578,0.28437872846766626
64096,5.248214285714287,0.38784244376608584,0.6969733445084054
64097,-25.512500000000017,0.3507826863948685,0.6689815968845941
64098,46.511607142857144,0.04018725755698647,0.294023592523516
64100,-16.517857142857146,0.04508546913528808,0.30470147056631197
64101,-0.16875000000000018,0.9498065082913496,0.9827604790086032
64102,-219.70803571428576,0.051454702680002795,0.32043494193397615
64105,47.236607142857146,0.027165189606181105,0.25702448261428906
64106,-11.319642857142858,0.03407677186503146,0.2776352192312458
64108,31.6875,0.16166746569498747,0.4952509221004903
64109,-2.4241071428571423,0.679914361306466,0.8696387006521251
64110,-34.355357142857116,0.2132072763139456,0.5518157553829575
64111,-1.4258928571428582,0.7513982230284877,0.9025179050527863
64112,-106.26339285714283,0.04902868098094428,0.3151486780414718
64115,31.131249999999994,0.14187222918989165,0.47148456910754477
64116,608.7196428571428,0.023857257358976175,0.24723190790409824
64118,-9.052678571428572,0.7314776002688198,0.8943233899163636
64121,91.01785714285711,0.38271078971948497,0.6933255858301457
64122,-2.046428571428571,0.08961804746615865,0.396331079295992
64123,-129.41339285714287,0.2689186933032411,0.6042713117028895
64127,29.473214285714285,0.14233454885100114,0.47195957659218185
64129,2.9357142857142904,0.7498138977921598,0.9019914688493147
64130,-45.834821428571416,0.05727787243642915,0.3361128227449882
64131,157.34464285714284,0.8022862887426006,0.9256860683302819
64132,28.00982142857142,0.021186448589736482,0.2398279661788493
64135,53.92946428571429,0.16769541031146365,0.5040265273365552
64137,-1.997321428571432,0.8203900121240195,0.933088765225065
64145,-32.95267857142852,0.48260663098992795,0.7599803441640067
64147,-6.008928571428569,0.40690120861974455,0.7110769052320496
64149,-9.057142857142864,0.25626055494701316,0.5933826821039297
64150,-18.533035714285724,0.15556540027470062,0.48803868831875463
64151,30.987499999999997,0.06839241148284805,0.3590924047316436
64167,238.90535714285716,0.14329908261006383,0.47299968601179104
64168,-0.3205357142857146,0.9023526990429873,0.9645401784945895
64172,10.224999999999994,0.7555652216701167,0.9045744916474177
64174,38.205357142857146,0.032197699205327585,0.27217210946989573
64175,91.58928571428571,0.007906909533496313,0.18798333344091506
64180,-3.744642857142857,0.5213340312474231,0.7838504608528449
64184,1.2151785714285717,0.5392348105784553,0.7941136701351158
64207,1057.2821428571428,0.08662625924616198,0.39145897732283885
64208,-617.9116071428571,0.01807332991574078,0.23066212282600992
64210,20.382142857142867,0.1251719743958314,0.4504956491130284
64211,1.3098214285714285,0.32461417174630736,0.6496001535868628
64215,676.9901785714287,0.15106286082040238,0.48259583384938215
64216,-36.328571428571365,0.4362121327392219,0.7303821387124688
64218,52.169642857142854,0.018796527036321165,0.2334177894685613
64219,-22.19553571428574,0.18026623584022763,0.519379431695284
64220,26.850892857142846,0.024225770177624197,0.2478513825108395
64221,11.175000000000004,0.20581706481274942,0.5432056390537302
64222,76.1732142857143,0.15320493286318473,0.4852510230912762
64223,-7.900892857142853,0.4374002298962132,0.7312132609052058
64224,127.52767857142851,0.1021488468896425,0.4161690166684951
64225,-26.19999999999999,0.3291800823529316,0.6532000347759027
64231,554.7169642857141,0.16910683724369568,0.5056004990593899
64232,0.6214285714285714,0.6401336648638658,0.8501167871370382
64236,19.33839285714285,0.5137425904986967,0.7796164895011962
64240,-2.391964285714285,0.311104315557981,0.639256319002194
64241,-0.5696428571428571,0.7884849281569499,0.9200866588712437
64282,51.133928571428584,0.10005213013194904,0.413059992406776
64283,-26.80446428571429,0.20878738255845097,0.5467955233694165
64284,-4.9758928571428545,0.28482985223401974,0.6179882391390107
64285,18.876785714285717,0.2469808633707733,0.584415467419645
64288,-16.8625,0.014729444967581003,0.21752154060372378
64318,15.023214285714232,0.749024074977333,0.9017084197411913
64319,-11.09196428571429,0.20589070240213475,0.5432525800187277
64320,1.8964285714285705,0.45835591134911563,0.7450532005295784
64321,-41.985714285714266,0.006334220285531051,0.1802829224942271
64324,-17.216071428571418,0.028412935761352304,0.26008325175823493
64326,36.64464285714283,0.2691077099420634,0.6043979642245447
64327,15.039285714285718,0.0426599135906897,0.2988951158454558
64328,-166.28035714285713,0.03843647120952463,0.28906537120867287
64332,748.3026785714285,0.0004590696055859097,0.10161793799760978
64333,162.75446428571428,0.007670175453959824,0.1878321840087255
64342,41.31607142857142,0.023875464078539486,0.2472669743589787
64343,64.53839285714285,0.028991812975494552,0.26176249287662695
64344,8.49375,0.31793832527840177,0.644350134724465
64359,-343.01249999999993,0.01155918506774385,0.2066643213509123
64374,102.42499999999995,0.05460103893411028,0.32823659194309834
64375,-16.926785714285725,0.003534871800420181,0.15830078651700105
64376,-7.825892857142854,0.30083163797548157,0.6307647475962582
64377,-11.054464285714285,0.34258457985910074,0.6626243575472696
64386,2.3571428571428577,0.8366761284495394,0.9406758091461389
64388,-32.433035714285715,0.09868924924056718,0.410644277286757
64393,218.40267857142862,0.09775692667957424,0.4094736816215216
64395,42.97053571428573,0.039281062206713194,0.29089823228305467
64396,2.5544642857142748,0.7568612748667513,0.9052561186452399
64397,-1619.9919642857144,0.024272246387894367,0.2478513825108395
64398,-110.78303571428569,0.04738096175237628,0.3098470997892742
64399,-94.64196428571427,0.8117365415752877,0.9294049581904552
64400,-225.5107142857143,0.0370489611946226,0.28479118175415113
64403,-3.833035714285714,0.511942061343722,0.7785468364257753
64405,-29.44017857142856,0.1560311541508834,0.48860225019121417
64407,100.66071428571429,0.339682330314571,0.6606948207025674
64409,-24.83839285714286,0.0015343487823446338,0.1290963936360878
64410,-4.421428571428567,0.4885481056548349,0.7634087137829101
64411,-23.10535714285716,0.02187635315852441,0.24158128810580906
64412,39.61160714285711,0.27110306172669185,0.6062983947819002
64417,-16.06875,0.27275144112718125,0.6073676534704323
64418,-22.743749999999977,0.7194769756109684,0.8892220182089989
64419,7.169642857142861,0.47457930431272016,0.7551914625948943
64420,69.1080357142857,0.001616366629546498,0.1303714718091718
64421,-40.61250000000007,0.6188935680508828,0.8392362557832841
64422,90.80178571428564,0.21209353370009673,0.5501311236326576
64423,26.289285714285697,0.015594128815648327,0.22019860356290608
64425,-28.89553571428572,0.06070491284847443,0.34404904218828025
64426,85.38214285714284,0.37722803134259825,0.6891115967030661
64427,31.011607142857144,0.037584048306801454,0.2867179909549839
64428,13.365178571428565,0.15691745175911623,0.48962093510834553
64429,58.52767857142857,0.13188598066295232,0.4586622123674078
64430,-7.541071428571428,0.7958376128359749,0.9234315433510616
64431,-6.5910714285714675,0.8501699861036808,0.9453261842514693
64432,-34.63482142857143,0.10907252893820521,0.4276593057995638
64433,-7.0339285714285715,0.35519136969351134,0.6720421465874556
64434,-27.407142857142844,0.3181268694087236,0.6445020865606573
64446,2.8446428571428584,0.3635929962701125,0.6785720600446614
64478,-16.891071428571426,0.010323232694596986,0.19919918727710903
64499,-20.931250000000006,0.19709007072495863,0.5352888389492381
64506,-21.326785714285712,0.025370529168343963,0.25187079132425383
64518,-6.769642857142859,0.08379773464716289,0.3862032432666811
64577,1.0669642857142847,0.9224885571851948,0.9727575352560355
64579,-7.767857142857146,0.2649336407645967,0.6010475854275653
64581,332.5776785714285,0.06278018051653064,0.3482303307031869
64582,-8.332142857142859,0.21372356755412214,0.5524940570251375
64593,-4.766071428571429,0.3522874083106864,0.669986165753214
64595,3.8285714285714256,0.7006394059819755,0.8797990015137004
64598,8.207142857142856,0.26477399532070006,0.6009347527670932
64599,8.979464285714288,0.30093055785940453,0.6307647475962582
64600,-11.787499999999998,0.03763882312673097,0.28694883855863956
64601,76.26964285714286,0.050066336028122535,0.3177454349782472
64641,-164.47767857142856,0.057133527375238434,0.33595178185355423
64645,11.418749999999989,0.8142437370452118,0.9305879762477727
64651,54.07857142857145,0.027565355005430104,0.25715973243274204
64689,-13.95535714285714,0.05153080509072488,0.3206458527537119
64693,-3.4589285714285722,0.35021518593913736,0.6683149754841685
64699,-11.974107142857143,0.07939721415849829,0.3789979643893744
64708,14.276785714285715,0.03252543831504079,0.27363888521247254
64710,-404.40089285714294,0.4885805494317785,0.7634087137829101
64711,0.271428571428574,0.9452712344157524,0.9813712929603616
64714,-10.144642857142859,0.10421831628888845,0.4191347144608294
64718,39.15357142857141,0.5035548016442517,0.7733002328038987
64743,35.90714285714287,0.45044696283023994,0.7396595887651436
64744,153.92857142857142,0.01394998154812387,0.21551775732576597
64745,-30.19553571428571,0.6276686312920212,0.8437899834253217
64746,425.9830357142856,0.006902830747009226,0.18241289081330567
64747,988.5267857142858,0.0630161897396615,0.3486198698791857
64748,8.219642857142858,0.4067090401692713,0.7109392111017573
64750,152.55357142857144,0.15762749395970319,0.4905638828116232
64753,-28.25625000000001,0.00393302474438276,0.16254657814753654
64754,-11.306249999999977,0.7314565683210047,0.8943233899163636
64755,22.063392857142865,0.04980371260934193,0.3171093498213311
64756,-245.99464285714288,0.02809047099222382,0.2587778435551537
64757,-78.88749999999999,0.019399543663322926,0.23544647113689113
64759,886.1294642857144,0.0006222723813851935,0.11215262327362541
64760,-5.981249999999999,0.20754400779307558,0.5453154224655874
64761,205.6732142857143,0.017250181491354696,0.22786993791732738
64762,-71.65625,0.05125695026793997,0.3199901525347817
64763,13.938392857142858,0.14209392386088876,0.4716848125494073
64764,120.26517857142846,0.4644390259664586,0.7490029938294828
64766,37.28035714285714,0.053517281423552394,0.32519700220174336
64768,-16.890178571428585,0.2051525865290112,0.5423955132767241
64769,-35.874107142857156,0.0005872776901294108,0.11115970921555224
64770,91.90446428571431,0.32563876071695663,0.6502138203773247
64771,-36.50089285714286,0.0520582472395442,0.3222330655295006
64772,-28.157142857142844,0.44041217352444734,0.7332603181415134
64773,20.488392857142856,0.07648652253144576,0.3738512979981045
64776,22.768749999999997,0.07924784572396412,0.3786370486676856
64777,-15.354464285714286,0.25203444932636215,0.5893962220027406
64778,-4.832142857142859,0.4029233667014054,0.707950644068029
64779,6.624107142857143,0.14863719394297614,0.479565421868002
64780,47.807142857142864,0.027085056717102374,0.2568358823082501
64781,32.16339285714287,0.4044171661569535,0.7091369301103453
64782,34.31875,0.15976625063099623,0.49285799320179385
64783,-15.966071428571432,0.005883210632106449,0.17791180382213498
64784,99.95982142857144,0.01898659661272782,0.2341143615618767
64785,-1.3419642857142904,0.8321181538677127,0.9382952496023179
64786,12.11785714285719,0.7815373565334982,0.9170262092365523
64787,21.06696428571429,0.04823015949405913,0.31263070725926734
64788,19.557142857142857,0.00594313336235562,0.17799075792294128
64789,21.970535714285724,0.15365912706527432,0.48597162503149166
64792,7.971428571428646,0.8406788557916812,0.9421462245384502
64793,-79.03928571428573,0.05303895903335175,0.32416393490124623
64794,-10.036607142857143,0.1501156431703807,0.4812748925615657
64795,-165.5660714285714,0.008553121846334564,0.19079638390385242
64798,-508.9946428571427,0.012349443443963031,0.20877515845362288
64799,-7.3223214285714295,0.08690254929341787,0.39170587969769544
64800,-11.135714285714286,0.10531497849311625,0.4214063560532151
64801,6.4794642857142435,0.8247919838456581,0.9349728426865114
64802,-23.51517857142857,0.0077110130219581186,0.18786893212895334
64805,-1.5741071428571374,0.9479983953753847,0.9820487819840249
64806,-5.225892857142858,0.33108336616888734,0.6543881806886747
64816,-10.494642857142857,0.0329126143352224,0.2748163086100007
64837,0.43928571428571317,0.9636649848572482,0.987728156404215
64838,25.08125,0.1274059475008236,0.45309744891424025
64839,-380.050892857143,0.035551214032317695,0.2815881789411105
64840,26.596428571428568,0.0017418766656880703,0.13338530349649194
64841,205.71249999999998,0.033336993433103985,0.27562135178370567
64843,3.5553571428571447,0.5376391190462791,0.79337528325572
64844,-149.17589285714303,0.22773095217515688,0.5659934208665277
64847,38.40803571428573,0.16512491461350434,0.49991201632220633
64848,70.24196428571426,0.012600511003504948,0.21035078359014409
64849,-11.563392857142855,0.06037053162154054,0.34332564515788816
64850,-11.855357142857141,0.058392330055305065,0.3391693026424949
64852,-15.318750000000001,0.04111076400099477,0.2962427635107919
64853,498.9991071428567,0.21395087731311782,0.5527982712109407
64854,-52.59642857142862,0.17648622549257748,0.5149359292815344
64855,50.59196428571428,0.14129290662198488,0.4705257989194863
64856,-9.677678571428565,0.42176266900603604,0.7208967195488478
64857,15.827678571428574,0.006576230080217728,0.18109948666886078
64858,45.24732142857144,0.05496831163408454,0.32921705296815484
64859,167.59821428571428,0.21676102431118624,0.5557140648023472
64860,7.48839285714287,0.5637541616096488,0.8089815871146002
64863,37.54821428571428,0.06379221543368198,0.350325369509498
64864,6.399107142857133,0.8981073524158597,0.9629560820766992
64866,36.28839285714286,0.00042233987147704996,0.09857317454390956
64895,78.1633928571429,0.007929227213706602,0.18798333344091506
64897,1.2151785714285666,0.9083447203008392,0.9668557936045543
64900,0.3437499999999982,0.9286462141549249,0.9744315771488987
64901,-7.2312499999999975,0.030952417843988517,0.2684949144248885
64902,-10.546428571428573,0.035692252749098013,0.28171380979979377
64919,113.83660714285715,0.1378879834561405,0.46651957436493535
64921,-13.262499999999989,0.6353721893708609,0.8478749599435459
64922,-0.6794642857142854,0.8446983898977596,0.9432404972665075
64924,200.4160714285714,0.005297682746320779,0.17223304559742367
64925,-3.2062500000000043,0.6744195807214547,0.867253647301038
64926,24.932142857142857,0.0496684214855474,0.3168548614296126
64927,12.065178571428568,0.14569237364315604,0.4761510040357574
64928,-57.88839285714292,0.4451773681810542,0.7366181220016081
64939,-11.717857142857145,0.00043649109847942715,0.10014080646704432
64940,-23.841964285714283,0.08195214111155015,0.3828158413370462
64943,46.84017857142857,0.047498196140958016,0.30998861740579847
64946,4.5874999999999915,0.46927410380142254,0.751883103561029
64949,-1.5330357142857025,0.894223111600074,0.9613364392373677
64960,-418.0348214285716,0.086685971075632,0.3915370069029475
64963,-10.134821428571414,0.7303872068830668,0.8939162477633398
64965,-154.43839285714282,0.02403017154256768,0.24759237960156982
64968,-31.702678571428578,0.6659697729645496,0.8629830678582259
64969,40.604464285714286,0.0793930933546462,0.3789979643893744
64975,-105.09375,0.24527814278922902,0.5828914007476462
64976,-24.299107142857082,0.6111315160792392,0.8348186293974368
64978,-14.276785714285708,0.1022952363313055,0.41642409697074884
64979,-198.50535714285712,0.10811291970561436,0.42625254898047654
64981,-72.45982142857139,0.1969527335637567,0.5352882561634207
64983,-116.08750000000009,0.07390123649859062,0.36889894143708957
65003,-12.498214285714283,0.578552708289328,0.8166170440802243
65005,-54.2598214285714,0.4228719830132222,0.7215018152987338
65008,-171.87589285714284,0.02896331714555738,0.26170374565085935
65009,-11.28839285714286,0.08444820060094704,0.38749877920255654
65010,5.092857142857142,0.7389648649151269,0.8978223592638955
65012,-21.214285714285715,0.0017083228620954941,0.1322094559402314
65018,-415.0678571428571,0.017447435150419466,0.2284287081692188
65055,-203.20625,0.0035325979492156325,0.15830078651700105
65056,-103.88214285714287,0.23523095111129813,0.5723231761990585
65057,11.041071428571428,0.2742747064477789,0.6089981146455618
65059,86.90535714285716,0.5749277397148398,0.8148135149478591
65061,-20.701785714285712,0.025808221169445696,0.25310683777217
65062,-45.41875,0.01697248223385929,0.2264447208726834
65065,-98.12678571428569,0.7908496031405922,0.9211303747542047
65072,-7.398214285714285,0.020874189903558306,0.23901065822335496
65078,-10.271428571428572,0.11850359344256767,0.4407308326965776
65080,-11.482142857142861,0.4675898233106985,0.750992578866885
65082,28.408035714285717,0.07886481653574791,0.3780140023428055
65083,21.317857142857143,0.08622522864644627,0.3906823880205892
65084,-153.4875000000001,0.03877487818042847,0.28976308464809003
65094,21.631249999999998,0.0075907098085492295,0.1877827423349435
65095,9.309821428571428,0.2145454785408879,0.5535498107320582
65108,71.85267857142858,0.09246902293955032,0.4009206893791624
65109,-34.433035714285694,0.22183762712575025,0.5604367555263098
65110,-235.97232142857138,0.19933096845800227,0.537503486902805
65117,-184.6464285714286,0.02190284565478975,0.24158128810580906
65122,-3.2732142857142854,0.666110777789681,0.863044308529842
65123,-17.828571428571436,0.2713189811791416,0.6064677006374907
65124,-46.1053571428572,0.5230137275138242,0.7848651136800335
65125,-206.32499999999987,0.023735623955716382,0.24681347276127677
65217,-6.463392857142856,0.007902655964408686,0.18798333344091506
65220,266.70982142857144,0.028635683716493433,0.2607277577440227
65243,22.33928571428571,0.015912744751403134,0.22215060018080007
65244,113.33660714285715,0.0777318158418164,0.3759657581087796
65249,-0.44553571428571415,0.3770374625571413,0.6890131824403235
65250,-9.274107142857144,0.020834661022405436,0.23894376891608635
65251,-4.024107142857142,0.21292067042634377,0.5513871858835953
65258,52.1660714285714,0.44746008945661636,0.7381465042655023
65260,-37.11607142857143,0.004208338340208025,0.16529518588424838
65263,4.350892857142856,0.10552991905042192,0.4217580914983303
65264,91.775,0.02354452701263252,0.24618049758656588
65265,-14.804464285714317,0.20308026046380387,0.5407416834247138
65266,-0.7973214285714274,0.6676433632629815,0.8638631410072773
65267,-16.406250000000004,0.025899718369069916,0.25337379052225406
65268,-29.69017857142857,0.018986365924865987,0.2341143615618767
65975,-11.051785714285717,0.014835914971329911,0.21787635000200453
65977,77.32589285714289,0.1805064820493942,0.5197075043272164
65979,54.386607142857144,0.37444994359313444,0.6871777994685827
65980,10.79285714285713,0.5115186920007079,0.7783181412652393
65981,1.8910714285714505,0.9279720205285221,0.9741490678591165
65982,-24.058035714285708,0.0013202882361549805,0.12532423491627354
65983,18.13303571428571,0.37310465178740376,0.686119302237687
65985,31.415178571428584,0.12911078709406631,0.455516053711562
65986,-96.11160714285711,0.010352649387943452,0.19919918727710903
65988,17.035714285714278,0.20101496604094748,0.5389883219596916
65989,-3.203571428571429,0.5191168864868727,0.7825257485756792
65990,22.6625,0.0872201890109831,0.391894664445241
65991,-741.0401785714287,0.05741527335357573,0.33638009769163446
65992,68.06517857142855,0.0007446650820417798,0.11771810301684014
65993,7.516071428571429,0.532741294905878,0.7906522882458978
65996,27.49464285714282,0.20024476042643158,0.5384327405849779
65997,5.826785714285691,0.6202317174735803,0.8398686408293526
65998,-81.80803571428572,0.13639241096859386,0.46451071818287465
65999,3.0285714285714285,0.6635195381898445,0.8617904492239109
66000,-79.72678571428574,0.12518818220784664,0.4504956491130284
66002,-40.44107142857143,0.056810664781520526,0.33496420758434536
66004,-15.654464285714283,0.07466984177822197,0.3706039941198517
66005,29.178571428571445,0.13323522140546165,0.46020897544190653
66008,-88.56607142857149,0.4629984245714615,0.7483406022499388
66035,5.207142857142859,0.19017167292624218,0.529022882215206
66036,-57.318749999999966,0.04445913114326527,0.30331956516820924
66037,-24.927678571428565,0.0014256982488549895,0.12803847844790536
78986,-183.57857142857148,0.02438428087398524,0.2478513825108395
78987,10.781249999999993,0.16334401919933503,0.4980667140551917
78988,-151.6267857142857,0.33502892524681405,0.6574650275555559
78989,-0.9366071428571452,0.8806953195757515,0.9563839000120008
78990,-4.1035714285714295,0.05282590812726212,0.3237592788765897
78991,20.962500000000006,0.15322815001768264,0.4852510230912762
78992,47.14107142857142,0.0031731604879600304,0.1529916663837872
78994,23.69017857142856,0.2955949146692512,0.6270525319912047
78995,-0.39464285714285907,0.9499429428329791,0.9828006940984426
78996,-35.68571428571428,0.11564289062135977,0.4377977625460605
78997,0.19285714285714306,0.9716407889571114,0.99006381304319
78998,-20.021428571428565,0.05030637232539798,0.31841872040879077
78999,11.959821428571427,0.025428519544062354,0.2520142331841042
79000,-3.2732142857142836,0.6061945098398822,0.8323376400174676
79001,643.5901785714285,0.020781034779998996,0.23884706378435636
79002,154.60357142857146,0.015576062714836471,0.22019860356290608
79003,35.42500000000001,0.6123931838727587,0.8354135010705931
79004,-14.265178571428521,0.8174284236754046,0.9317620619699943
79006,-6.445535714285711,0.3436430910671491,0.6633017723680145
79007,-6.046428571428571,0.25888362010515803,0.5957766617244513
79009,-43.74642857142862,0.5837433164132239,0.8194768743393076
79012,-9.210714285714289,0.07946013767560094,0.37906666324173116
79015,-3.116071428571427,0.7150394668876504,0.8870714502353766
79016,8.280357142857142,0.31380479402269207,0.6411748621983542
79017,76.17500000000007,0.5121306967397219,0.7785561579993867
79018,-40.89642857142857,0.12033624544889832,0.4427215812935578
79019,12.572321428571428,0.06647430295222581,0.35548034012547214
79020,11.39196428571428,0.47714703834528016,0.756948647240481
79022,22.74910714285714,0.30698303159321266,0.6360624924407664
79023,23.2714285714286,0.5380609216399219,0.7935908057806067
79024,1.7383928571428573,0.5479451183460545,0.7997236615527761
79025,-1.3241071428571427,0.2812226277959039,0.6152307608331083
79026,133.07232142857174,0.8026384524611359,0.9257831957770101
79027,81.16160714285718,0.1435337412969368,0.47332372167732323
79029,-1.8848214285714278,0.5795684732850089,0.8169609302986058
79033,-4.0883928571428605,0.4491803123754285,0.7388436735607495
79034,30.681250000000006,0.01466474800578863,0.21752154060372378
79035,-8.168749999999996,0.15369582326454218,0.48597162503149166
79036,10.1044642857143,0.6352097023549872,0.8478749599435459
79037,31.88839285714285,0.0758862269336191,0.3725184395384134
79038,-7.15982142857149,0.9295395143031194,0.9747889779719404
79039,-16.648214285714303,0.27983747628366146,0.6140599350130316
79041,-318.60625000000005,0.020381075282714753,0.238009362137482
79042,46.90357142857144,0.18330692032428716,0.5220766718096786
79047,-1.8241071428571374,0.7871288097296512,0.9194657919083643
79048,-34.6473214285715,0.44150371485575807,0.7341646282280484
79050,12.625,0.18994539663515694,0.528884959926754
79053,89.29375000000002,0.0013340277707640101,0.1254896160310298
79054,-10.762499999999998,0.043518541355738564,0.30122499666097047
79056,14.436607142857142,0.21873406239450094,0.5579687072543876
79057,-16.46964285714285,0.29498353061415006,0.6266873202494182
79058,6.175892857142858,0.06148862494328218,0.34530511182969936
79064,35.07857142857142,0.13510851390136594,0.4627229136956537
79065,-12.25089285714283,0.4640511811627672,0.7487893498370795
79068,73.69196428571433,0.38245996821889566,0.6933255858301457
79070,34.108928571428564,0.06456653967914285,0.3516461357662253
79071,-3.8330357142856997,0.8440101677306797,0.9431522438047302
79072,5.3866071428571445,0.8458667466502126,0.9437934038018932
79073,-7.034821428571433,0.7679110593104047,0.9102178334581917
79074,13.49732142857141,0.5222679596240861,0.7844873452949372
79075,-6.461607142857147,0.46835769198424076,0.7513568010135679
79077,-7.125,0.868819561185136,0.9522061761139639
79078,10.267857142857153,0.3337799408541502,0.6564302818675825
79080,-26.517857142857153,0.024012064784840012,0.24759237960156982
79083,38.229464285714286,0.38603840664703987,0.6957447423451677
79084,24.93928571428571,0.11264924589058685,0.43263803330434963
79085,-30.575000000000003,0.014010144699004728,0.21551775732576597
79086,89.40714285714284,0.18557107605694054,0.5244003816111859
79087,1.4696428571428575,0.6958994160761689,0.8778043519719001
79088,-35.66428571428574,0.024116680033980323,0.2477526110470337
79089,19.80446428571429,0.04302167543908024,0.29987635922995354
79090,1.296428571428585,0.9068641096536025,0.9663566858701342
79091,-85.49285714285713,0.01069679083712302,0.20115514806731286
79092,-9.96517857142857,0.11905526259945921,0.4413415474015481
79094,21.827678571428578,0.10875367717090932,0.427500704530841
79095,25.919642857142854,0.03878580643444436,0.28976308464809003
79096,30.223214285714278,0.1445836406070418,0.4746388802275599
79098,5.652678571428574,0.3138268036084162,0.6411748621983542
79100,-3.421428571428571,0.37368980530096874,0.6865482113046123
79101,95.74107142857142,0.12438279673812666,0.44918292018871037
79102,14.318750000000005,0.09293531633481507,0.4019013225188653
79109,-45.62678571428572,0.06589044246993098,0.3546040337907784
79132,3.2437499999999995,0.592138868527818,0.8251189600825357
79133,-78.72142857142856,0.01726490444386596,0.22795970817194477
79134,29.223214285714292,0.06482572068439435,0.3521657592990317
79135,-79.5142857142857,0.03647701348090823,0.28345376805978645
79136,0.8955357142857157,0.8637604866423687,0.9502043139407961
79137,149.80089285714286,0.019694882930713586,0.23641453220133712
79139,290.41696428571436,0.10058325946773274,0.4138552740341019
79140,-44.92410714285713,0.01951076805081168,0.2359059979848793
79142,32.5,0.1105565620364008,0.42999968125953275
79143,14.09553571428571,0.3799869341109376,0.6913508909026493
79144,35.77678571428572,0.05062520972350128,0.3189439085549983
79145,-93.93303571428572,0.04018116883119795,0.294023592523516
79147,3.2125000000000004,0.41874822619606833,0.7191506764838027
79148,15.563392857142851,0.16250178329321907,0.4966896803195859
79149,-3.677678571428565,0.7019600295314232,0.8805704855943688
79150,1.5857142857142863,0.5863451334649916,0.8212947730747148
79152,5.875,0.5258950169280009,0.7866842695085758
79153,-4.383928571428569,0.6386052735544288,0.8494371386794164
79154,-7.84553571428571,0.1481330335645042,0.47918463188851823
79155,58.078571428571436,0.004986470050190487,0.1705035959938492
79156,4.567857142857143,0.790040022250249,0.9209326196469212
79157,-27.751785714285703,0.22253881838707684,0.5611996100702648
79158,140.39107142857142,0.12476644643364294,0.4498256154803448
79159,32.53928571428571,0.09208509819373677,0.4001499767658937
79160,15.912500000000005,0.11909176159126755,0.44141580885164855
79161,214.34999999999997,0.0023372374835506564,0.1460452655867362
79165,3.5848214285714235,0.627520512790261,0.8437767747989473
79166,-10.833035714285714,0.042567213194690076,0.2987505471331874
79168,3.0723214285714313,0.7712039421315889,0.911791708905934
79169,-0.12142857142858077,0.9901120025312745,0.9967293848043558
79170,4.106249999999999,0.4165088582225011,0.7179604058237206
79171,21.12857142857142,0.1995960753972881,0.5376085236881978
79172,12.055357142857137,0.06342427233809164,0.34963164833588906
79173,-12.54553571428571,0.011191382070759166,0.20461183935253394
79174,666.6,0.03896418732278269,0.2904118510591439
79175,-33.90267857142858,0.05132974236081483,0.32026174410333796
79176,30.17678571428572,0.05617138787641913,0.33331875781443027
79177,2.6660714285714278,0.7176868179307588,0.8884277845357682
79178,-5.257142857142853,0.6281911692319538,0.8440289471657811
79180,89.2508928571429,0.09803993856751371,0.41005925577481506
79183,41.57410714285716,0.03688300698029881,0.2841852320529647
79184,-23.639285714285705,0.33571137840299836,0.6580039295280135
79187,-8.133928571428573,0.12959753858678916,0.45603124182554533
79188,40.02857142857147,0.2020628924361541,0.5399173416062323
79191,-5.216071428571354,0.9667723233420779,0.9883461895130519
79192,2.376785714285713,0.8258380773317672,0.9354582099551332
79228,8.00625,0.19527724403988572,0.5341789438922651
79230,5.608035714285714,0.1907490373423848,0.5295325782294974
79258,-3.9669642857142904,0.4194555940589776,0.7192369897264435
79269,-11.944642857142895,0.43140750670156525,0.726945647637935
79339,2.4848214285714287,0.31473776584767893,0.6420338233947526
79345,-6.056249999999999,0.5639419151584064,0.8089815871146002
79363,28.57142857142857,0.013631481426932646,0.21361457352179491
79364,-12.987499999999997,0.2641848376850569,0.6003436557988248
79365,86.52142857142871,0.7380633573176121,0.8972055508668974
79366,-27.158928571428575,0.11774769930020204,0.43998641304139624
79368,-5.25,0.8957506527938606,0.9619950292968833
79369,1.425892857142859,0.837002501897319,0.9408147648377104
79370,-7.124999999999998,0.2571793180128804,0.5940184060338628
79400,-1.3669642857142836,0.49431512562419444,0.766526272691326
79411,10.358035714285712,0.3562757470389657,0.6728250301397063
79412,-1.875,0.5924285530878429,0.825262949603195
79413,7.357142857142858,0.3168817641131335,0.6437120733005972
79414,0.6339285714285694,0.9162184100192292,0.9703749145408728
79415,145.7357142857143,0.002260001671534446,0.1444847403984062
79441,34.96160714285716,0.1892214347328961,0.5282182142357345
79442,-385.1401785714286,0.00903389599145873,0.19387186191406972
79443,-1545.8607142857145,0.003963805248892193,0.16279308422237193
79444,-6.170535714285734,0.6153557788632122,0.8371102535744261
79446,-0.28035714285714164,0.9687737376842215,0.9890243411674013
79447,9.68660714285717,0.49503535736669757,0.7672002654277102
79465,-0.048214285714285765,0.9815565200748226,0.9939118432457572
79541,-6.465178571428574,0.3604661855839988,0.6762537621046373
79567,34.66339285714287,0.26078094912953265,0.5972864810804961
79568,-23.36250000000001,0.5249319613615916,0.7858886907843652
79570,-7.768749999999997,0.2095613613520705,0.547746793762523
79571,19.138392857142875,0.0773434472358595,0.37526800524328724
79572,300.03303571428575,0.008617922772079805,0.19138299251156105
79573,-9.168749999999989,0.725126162740008,0.8918212078894777
79574,-0.9848214285714292,0.8690709920872038,0.9522836284774168
79575,-0.4062499999999982,0.8853464759587218,0.9580123240966464
79576,-9.969642857142844,0.4380172544843609,0.7315385506061162
79577,39.15267857142857,0.23819146447124775,0.5751244621076431
79581,50.16785714285714,0.004664120715714669,0.1695147545910245
79582,-20.777678571428567,0.43380661207678095,0.7289643963658435
79583,23.54107142857142,0.09482813289120522,0.40470777125130475
79585,19.274107142857147,0.014396984613826777,0.2170265050347337
79586,26.430357142857147,0.25023048768731543,0.5877707261711625
79587,-11.719642857142873,0.7975734360775172,0.9241484397029216
79589,-122.5,0.01983458528057158,0.2365299129704636
79590,-63.60624999999999,0.24633419450725622,0.5839036714074496
79591,-12.810714285714297,0.3774528709469763,0.6892380550169869
79594,44.233035714285705,0.013862043235614496,0.21508841205530554
79595,-28.18571428571434,0.04159503136823637,0.2972432806245358
79596,-12.928571428571388,0.8004666902814787,0.925177386981077
79598,11.427678571428565,0.3043979393201535,0.633800119285936
79600,26.867857142857105,0.3300574881928048,0.6536183962037058
79602,-49.31964285714287,0.4699826310601156,0.7522896267321131
79603,-4.095535714285714,0.24540295752729466,0.5828963327180722
79605,6.975,0.2639825524471374,0.6001349711038353
79607,-17.770535714285714,0.39111589961800663,0.6991976789044767
79608,-7.221428571428568,0.12715878530458846,0.45274854040950596
79609,26.568750000000023,0.18611190650530135,0.5249680799370596
79611,-41.785714285714306,0.16905243543423826,0.5055443201326902
79612,-1.0339285714285724,0.6457404865477118,0.8529948743346937
79613,-5.365178571428579,0.6315916263392065,0.8458626156452559
79616,-5.349107142857147,0.29843741688945485,0.6290651197186543
79618,-144.99107142857136,0.025779567478635843,0.25305167897565795
79621,20.234821428571436,0.08119928382779379,0.3819984073190668
79622,-81.68660714285716,0.22538345119198144,0.5638969566614005
79623,1.1500000000000004,0.8447758278767111,0.9432835391048429
79624,41.69196428571422,0.44948175753964986,0.7389345617729652
79625,-158.8205357142857,0.11931767633745712,0.4416669830274791
79626,37.81249999999999,0.04259122890852936,0.2987505471331874
79627,136.03303571428592,0.2582218624516995,0.5950050712047652
79628,-3.2803571428571416,0.30996930171259324,0.6383266128488149
79629,11.594642857142858,0.35154654424310994,0.6695650791043106
79630,117.10714285714289,0.1338469230024476,0.46111031438065236
79631,9.025000000000006,0.8161339433697465,0.9312081323377022
79632,-25.19642857142857,0.03515831574361659,0.2809761036525004
79633,-41.95000000000002,0.34659820550942105,0.6655069527703086
79634,-11.644642857142859,0.05144536246618961,0.32043494193397615
79635,-8.141964285714284,0.1471999950121833,0.47766394013241864
79637,1.4544642857142804,0.909633291656155,0.9672841738888189
79639,11.785714285714285,0.1958496713836146,0.5345585660115445
79640,1.830357142857146,0.7757242086866248,0.9139096946634462
79641,-11.330357142857142,0.260573191722246,0.5970780181579858
79642,36.22857142857143,0.038223591339082985,0.2882542580888665
79643,3.0455357142857125,0.790917757445412,0.9211543755366131
79644,70.9910714285714,0.011150222487849516,0.20437090664538124
79645,-8.613392857142857,0.02468984372188977,0.2492461605417879
79646,38.30178571428576,0.518903422051851,0.7825232739075632
79647,41.727678571428584,0.18816828872608837,0.5272434369957917
79648,-8.124107142857135,0.2505765080266889,0.5881221826720967
79649,-22.89285714285714,0.6254117822447749,0.8429945811264716
79650,15.20982142857143,0.08404847545034132,0.3868140063339572
79651,29.29821428571428,0.19739450066730005,0.5357164858525082
79652,12.858035714285677,0.6724846849328372,0.8663592037046253
79654,-5.267857142857139,0.6061882913609297,0.8323376400174676
79656,-14.544642857142858,0.06877134109993387,0.3599533864291484
79657,-40.584821428571445,0.06396377933007899,0.35071304346618665
79658,11.158035714285703,0.5044812972020498,0.7737030834368043
79659,25.08749999999999,0.4072319890829608,0.7111277228716346
79660,-183.15535714285713,0.06181350127897044,0.3461168392051469
79663,-0.11964285714287826,0.9960784233029272,0.9987517171024362
79664,-24.558928571428567,0.05788768102000152,0.337852851108743
79665,-101.46607142857147,0.07213412687725473,0.36538200732016884
79666,14.0205357142857,0.6803155050291565,0.8698167673589826
79667,-12.175892857142848,0.31945624446004284,0.645583816886078
79668,41.980357142857116,0.3436374974550873,0.6633017723680145
79669,8.01875,0.39614627019280074,0.7030185115645227
79670,315.2696428571428,0.0054672937736607195,0.17450337832743715
79671,-25.825892857142833,0.1068740187325971,0.4243502217687326
79672,35.54196428571427,0.2518539298086169,0.5892312536206142
79673,37.37857142857142,0.03147526995113774,0.2698197529912913
79674,20.072321428571428,0.3733110135754179,0.6863303966924231
79675,53.96071428571429,0.22735870059488286,0.5656808625722513
79676,9.455357142857146,0.09591679396772107,0.40638479248863774
79677,-38.78571428571425,0.18773304969288326,0.5267257398244158
79679,-2.3098214285714302,0.5659288945620302,0.8103415462998543
79680,12.197321428571442,0.29759953321468174,0.6284521447032839
79682,41.874107142857156,0.1348088452147575,0.462435872341398
79683,18.886607142857144,0.6298051307176125,0.8449029550440323
79684,6.383928571428555,0.8527473965260773,0.9462915835661115
79685,-76.21964285714287,0.03521957486374794,0.2810816690874215
79689,467.4392857142859,0.4585703128547653,0.745112813984868
79690,54.966964285714255,0.5248724424654381,0.7858784182313796
79691,20.92857142857143,0.020817968309975624,0.23889916147861728
79692,-22.84017857142851,0.5726496422762692,0.8135557173399437
79693,75.68482142857142,0.006460817785154999,0.18069057216695386
79694,60.20535714285711,0.5017513531970414,0.771832856991482
79695,-94.82499999999996,0.17889513609018567,0.5177831201317737
79696,10.875892857142862,0.20075642576399524,0.5388186849545494
79697,21.39196428571428,0.30362746679451047,0.6331719884325295
79698,-0.36785714285714377,0.9398991932659072,0.9790243549592966
79699,-1188.5803571428569,0.004832468695356849,0.16997001039451554
79701,111.23750000000004,0.13464306462028708,0.4621464396334867
79703,24.026785714285715,0.028420521133725486,0.2601033276207596
79705,20.039285714285707,0.035341997066839596,0.2811940320840402
79707,3.1008928571428527,0.8720269993469684,0.9533766342440855
79709,129.06339285714284,0.0019724984979846397,0.13973184654505375
79710,-131.2589285714286,0.09937779389507632,0.4118347630023484
79711,221.79017857142858,0.0040729247190349925,0.16441032844974152
79712,-15.645535714285728,0.1869146535455278,0.5258917230293755
79713,89.08124999999998,0.06743595132845863,0.35724573476505767
79714,-5.71339285714285,0.7679131549905212,0.9102178334581917
79716,-21.94107142857142,0.14622581944878169,0.4765190729070583
79717,51.44017857142859,0.3904819737564226,0.6988959563581317
79718,682.7151785714286,0.05800584063025721,0.33808740042433
79719,-6.13571428571429,0.3808192763984145,0.6922202844869615
79720,35.88482142857143,0.006105114683893453,0.17879430951723688
79722,1.0410714285714242,0.883777557734462,0.9574361535154852
79723,13.5517857142857,0.3528493453213155,0.6702347816649155
79724,-15.365178571428558,0.11277818641866966,0.43292475900026417
79725,-34.98124999999998,0.01408400959778783,0.21551775732576597
79726,17.603571428571428,0.48473631388698224,0.7612073975865455
79727,-9.02232142857143,0.41308836801121857,0.7157255899453954
79728,9.333035714285728,0.5228116971537496,0.7847652084692553
79729,-0.37946428571428115,0.9626887046450955,0.9873018280226836
79730,-8.29017857142857,0.25513757885388155,0.592428033472937
79731,-127.6910714285714,0.010443636318208854,0.19919918727710903
79733,-89.82142857142858,0.06563680164217289,0.35398423059635065
79734,-11.792857142857143,0.014679323147137059,0.21752154060372378
79735,-5.724107142857147,0.3833541492518951,0.6936442711751024
79736,-49.99732142857147,0.22141199503781472,0.5600190530059325
79738,20.306249999999977,0.5958706380805482,0.8271778585551711
79739,-56.84553571428569,0.062162051891712325,0.34684664563315715
79740,-1.1116071428571432,0.4174541838491142,0.718558981927664
79741,-7.383035714285715,0.11688181423051879,0.4393717768924604
79742,-8.216964285714287,0.06340540671697215,0.3496057495210218
79744,-39.07857142857142,0.0043044765239510716,0.1656601559416456
79745,-652.79375,0.029296755847962215,0.2626763079677491
79746,-42.96071428571429,0.054200071381902394,0.3269865426952706
79747,1.6937499999999996,0.3345379790384941,0.6570938354623388
79748,-4.4955357142857135,0.13314173368325702,0.4601760091745418
79750,62.593749999999986,0.056035749209632287,0.3327997597259011
79751,4.03839285714286,0.6713229254926639,0.8657581797426602
79752,-24.0008928571429,0.4368896046151013,0.7308897598779348
79753,9.033035714285717,0.25606173468214866,0.5932026330980246
79754,91.6392857142857,0.02909305484813949,0.2620100105126053
79755,1.2732142857142854,0.6063768640714778,0.8323863239718439
79758,-6.758928571428569,0.30001211621010926,0.6301657101637841
79759,7.174999999999999,0.12720099278803282,0.4527952084251149
79760,9.363392857142856,0.4714287468213398,0.7533352837193265
79762,-41.83839285714286,0.07685160862048024,0.3744172024017035
79763,21.516071428571436,0.10164761413108415,0.4153173244692755
79767,-2.501785714285715,0.6131638219238564,0.8357781203551767
79768,58.1464285714286,0.05113218030025448,0.3198970855656597
79770,593.4044642857143,0.025521967554239675,0.2523572234390191
79772,93.84642857142859,0.2704209492965076,0.6055812165794205
79774,-14.186607142857135,0.10033889449728339,0.41339828566980713
79776,-75.05535714285718,0.0004982655609156435,0.10345946410441957
79777,25.316964285714292,0.04640727922195025,0.3075536959345612
79778,27.800892857142856,0.023882438402258645,0.2472669743589787
79780,-80.7803571428571,0.07611567465078867,0.37285688340907813
79781,-9.187499999999996,0.33674827560090126,0.6587074722337485
79782,0.11607142857142794,0.9228400431345111,0.972876219238752
79783,-23.781250000000007,0.04206023961787631,0.29806098084741345
79784,-21.563392857142855,0.010436447252095206,0.19919918727710903
79785,-207.1785714285714,3.310138542235197e-05,0.043237327619218356
79786,20.72142857142859,0.6108892099288882,0.8347154913670217
79788,10.08214285714287,0.6021458469916241,0.8304491016110143
79789,-12.338392857142864,0.5800901988605965,0.8172009890577231
79791,-48.64285714285715,0.04969954300182983,0.3169252566067404
79792,20.623214285714283,0.12437425377963875,0.44918173759176616
79794,242.3651785714286,0.00596172100777172,0.17809876130299268
79796,42.460714285714275,0.022995089044142394,0.2446432540456128
79797,28.641071428571422,0.028108060207446973,0.2588171703856349
79798,-4.283035714285717,0.8052607346702327,0.9268328595726499
79799,2.6008928571428576,0.16877544385284907,0.505267384081374
79800,-3.5491071428571423,0.34104680311430163,0.6614648155895156
79801,24.34732142857143,0.06267091630126786,0.34799272797666797
79802,27.043750000000003,0.062084703366682044,0.34684664563315715
79803,-6.851785714285725,0.5665407559242425,0.8105874282628821
79804,-6.117857142857141,0.16906570198734047,0.5055443201326902
79805,-53.025000000000006,0.0001347227425105541,0.0770174209700506
79807,-13.98482142857143,0.14700530638292542,0.47742887594217087
79810,-24.905357142857127,0.14630436313445336,0.47659396409639265
79811,-164.74017857142871,0.11014278204351587,0.42916596874296553
79812,-50.417857142857116,0.10225121987485056,0.41641957908473903
79813,24.22678571428571,0.14629028635362573,0.4765824069709491
79814,-32.69107142857143,0.022854658893479516,0.24448806006671736
79815,44.641964285714266,0.10651033119178527,0.4238547835188081
79816,-10.931250000000002,0.053227106840030416,0.3243796729950463
79817,-37.21696428571428,0.6102817642056939,0.8344411711104042
79818,12.261607142857144,0.1960120693040751,0.534671716683312
79819,-13.716071428571428,0.14493845950293477,0.47520450187832564
79820,-3.4312499999999986,0.32055390272296197,0.6462993125378973
79822,-37.75625000000002,0.6230601212709728,0.8419683502877533
79823,-3.6580357142857136,0.13981670034836222,0.46892884870241097
79825,1.7125000000000012,0.4167015616121766,0.7180320794562166
79827,120.53928571428571,0.3953924652946599,0.7024331635035589
79828,40.25982142857144,0.0898771365196625,0.3969164133148282
79829,4.073214285714286,0.8300868067334505,0.9376290421897241
79830,27.864285714285714,0.10494477239262183,0.4206947305936358
79831,-8.927678571428569,0.009441650860528858,0.1962076247812297
79832,104.92678571428553,0.36788982184535074,0.6818482663616374
79833,15.98482142857145,0.1837100807593182,0.522624194698428
79834,76.53482142857138,0.5017471507833741,0.771832856991482
79836,-5.43571428571428,0.3840844604120758,0.6942259461806256
79837,30.659821428571433,0.4130860632683558,0.7157255899453954
79838,-14.238392857142863,0.13120311333112986,0.45825849531793417
79839,-14.945535714285725,0.5146957966601587,0.780130956339147
79841,-3.5553571428571438,0.5679682440848951,0.8110759199034042
79842,5.050000000000004,0.64630836419077,0.8531570007033088
79843,-1.24642857142857,0.8617260527150523,0.9494563394433123
79844,-30.493750000000006,0.11130108794354056,0.430988380902447
79845,-15.705357142857139,0.06903385293966043,0.36030556968297234
79846,9.807142857142864,0.6600387700913933,0.8601606060316866
79847,10.512500000000003,0.09625150682901017,0.40684587168987807
79848,16.830357142857153,0.5189206967489507,0.7825232739075632
79849,-1.7678571428571432,0.03110940005958744,0.26886198072317047
79850,37.79285714285713,0.053406147848782476,0.3249242281949983
79852,2.2142857142857135,0.5485071746414824,0.8001112193681894
79853,-5.148214285714287,0.22582801301451647,0.5642883672864983
79854,2.8125,0.7113188860668275,0.8852982254485615
79856,-10.2,0.1405371952883691,0.46987532271702936
79857,2.4151785714285716,0.12337956918561312,0.44727343490408417
79858,-10.061607142857142,0.07220686856938248,0.36541361264312994
79860,-0.9910714285714306,0.8115532961487032,0.9293778457731673
79861,1.872321428571425,0.8089089220003862,0.9283800102934805
79862,-11.081250000000011,0.35654930425763337,0.6729151853217393
79863,-6.427678571428565,0.7093163666669587,0.884501946529124
79864,11.899999999999999,0.312804892238337,0.6406017327064027
79865,-8.5,0.025084957923063436,0.2504621285450221
79866,14.39910714285714,0.1655824341415677,0.500731171830211
79867,-8.502678571428568,0.04275154794181388,0.29900724853262506
79868,83.57499999999999,0.24310621739934754,0.580251994425692
79869,-19.981250000000017,0.4473798286603962,0.7381465042655023
79870,8.258928571428573,0.2658979823834582,0.6015726231047126
79871,-30.91428571428571,0.007405629357628599,0.18659114522043488
79872,-92.53839285714287,0.005271289173657992,0.17223304559742367
79873,19.454464285714295,0.02055341115334556,0.2382045204675808
79874,34.96428571428573,0.00037274908840983237,0.0960482948572323
79875,-44.852678571428584,0.39703789351687213,0.7036644028536462
79876,40.24196428571426,0.38221124885509505,0.6930754670628938
79877,14.766071428571436,0.15378282824635278,0.48597162503149166
79879,22.184821428571425,0.06960568573282669,0.3614607609899459
79882,-44.4678571428571,0.10541189553564333,0.421527192083066
79883,-15.054464285714289,0.6564002650676639,0.8585140902615205
79884,-3.4464285714285765,0.6757568921332062,0.8678407906085296
79885,-12.856249999999989,0.1777221256189579,0.5163101603728227
79886,20.38125000000001,0.2598624655193645,0.5964204429577301
79887,561.2116071428571,0.004119022111802163,0.164698986041406
79888,59.468749999999986,0.10946447095392464,0.42850790788328413
79890,39.72946428571427,0.11523917399350618,0.43718441840792055
79891,0.7901785714285694,0.9343390510498758,0.976843116417163
79892,41.13749999999996,0.2416668160746213,0.5783962195367679
79893,-49.12946428571422,0.411578884079113,0.7143379940011905
79894,-17.970535714285703,0.1989525944599847,0.5372389796681181
79895,-10.791964285714286,0.4148052480381073,0.7170280563339134
79896,-4.941964285714278,0.30120014850332744,0.6309382061767529
79898,-3.753571428571428,0.2948629650871325,0.626686191517707
79899,-10.610714285714288,0.5232201020208509,0.7849405413463443
79901,-769.0776785714288,0.3448618151001608,0.6642587993248124
79902,56.15089285714288,0.11410893664641883,0.43488470321247247
79903,38.9071428571429,0.34085615101055694,0.6612841550103683
79904,2.3642857142857174,0.7537966103286706,0.903642827441422
79905,-8.360714285714288,0.17920434936375151,0.5182206485144716
79906,-18.008928571428577,0.016407077039569243,0.2241849746414504
79908,3.1732142857142858,0.7127608619926871,0.8857646200804113
79912,-94.47232142857149,0.0798238132167431,0.37926354028957737
79913,12.791071428571442,0.43272428773683,0.72795299935421
79915,-14.060714285714287,0.13254759622859208,0.45942942968164524
79917,-5.972321428571428,0.0952814145372788,0.40557181486943483
79918,-14.535714285714263,0.23852719589963525,0.5753454238707277
79919,-4.573214285714283,0.3996362384130505,0.7056162027783225
79921,-8.432142857142935,0.9766518321737536,0.9921119024227557
79922,-10.580357142857139,0.46755274625282695,0.7509753732759081
79923,-46.082142857142856,0.06855545079580258,0.3594769036536477
79924,10.859821428571426,0.33002417563383063,0.6536076103725922
79925,-6.424107142857144,0.2910221069225622,0.6238143919704822
79927,-21.951785714285723,0.036614168446296114,0.2836865079620706
79929,-32.964285714285715,0.061508051746569925,0.34532717040134747
79930,99.83571428571429,0.004925365198093771,0.16997001039451554
79931,0.2687499999999998,0.9277178397173222,0.9741117490838392
79932,-7.330357142857167,0.8422949733031487,0.9423452086707383
79933,-1458.93125,0.016709083549061237,0.22498959102876664
79934,-38.7589285714286,0.08365829015803475,0.38597957526741083
79935,-21.694642857142853,0.53112154383409,0.7897508766501146
79937,-14.251785714285717,0.007215979330700018,0.18466898422899203
79939,-976.204464285715,0.3027058591994516,0.6321788713418647
79940,-35.308035714285715,0.0044266469229978745,0.16611319184276513
79943,-8.013392857142858,0.1840928684104067,0.5231439571935975
79944,-21.882142857142853,0.11375306528360976,0.4343190533785869
79946,0.36160714285714324,0.8199359031584705,0.9329288502259431
79947,11.430357142857138,0.17874957020895207,0.5176721622530036
79948,-3.6732142857142858,0.42130158494491976,0.7206175147441799
79949,-6.104464285714286,0.21513743224399512,0.5539337510742746
79953,91.48214285714285,0.08510788674384162,0.38858936779166176
79954,-3.560714285714287,0.5639121915338889,0.8089815871146002
79955,-17.798214285714288,0.03537812090241803,0.2812641556233574
79956,8.012499999999989,0.6842039743137313,0.8720980644769674
79957,8.15625,0.292659959728283,0.6249973946622871
79958,15.813392857142873,0.40793230684527726,0.711581639457634
79959,9.427678571428576,0.13166002072955663,0.45864571300375284
79960,-22.51249999999999,0.6674556370790625,0.8637224434285046
79961,137.79375,0.012787431361965028,0.2108422224714831
79962,-26.458928571428572,0.05662515403205514,0.3345819913648862
79963,-34.858035714285734,0.004074549520793776,0.16441032844974152
79966,-241.60357142857146,0.19563311173720324,0.5342424309945405
79968,2.849107142857143,0.5638011675489143,0.8089815871146002
79969,5.644642857142859,0.23524645175972575,0.5723231761990585
79970,-9.607142857142854,0.3934687442914795,0.7012647772121495
79971,-142.9553571428571,0.15513601472587518,0.48758888649037846
79973,2.671428571428571,0.6087866808150955,0.8335940839861093
79974,-1013.3285714285712,0.00019489976669494256,0.08218894428282343
79977,-6.736607142857142,0.05997880266052879,0.34255482568922024
79979,-12.578571428571415,0.17665382018398473,0.5149629941549936
79980,1.908928571428568,0.804605888959689,0.9266899852306832
79981,-4.119642857142857,0.02763277764996995,0.25724878563121184
79982,272.1625000000001,0.05432879956736049,0.32736917305747715
79983,-14.046428571428574,0.04303456793061226,0.2998872038753792
79986,-0.5758928571428577,0.8898390632713526,0.9597370600351371
79987,-44.571428571428584,0.19902828791696248,0.5372437246042915
79989,-6.187500000000002,0.07502471752289716,0.37125318404963364
79990,-11.796428571428569,0.04974828781907053,0.31705182847740776
79991,8.678571428571416,0.3822128092346794,0.6930754670628938
79992,-5.533035714285717,0.6161688345870108,0.837630132248147
79993,-21.30446428571426,0.6853225988647931,0.8725867685735831
79998,-16.755357142857136,0.45120725607549544,0.7401245130369613
79999,-9.20625,0.21740771799706335,0.5562914159829286
80000,-26.93035714285714,0.012217264412406918,0.20849517196955838
80003,-9.184821428571425,0.5196832769897048,0.7828323553397651
80005,119.24464285714285,0.010406592930954927,0.19919918727710903
80006,20.180357142857147,0.03079369005828003,0.26790590092899763
80007,-16.132142857142867,0.07699938141148018,0.374616584683456
80008,6.337499999999999,0.45234375009630323,0.7409195487272432
80010,35.12232142857141,0.1497190281103878,0.48082670536161054
80011,71.92857142857143,0.09670865346998093,0.40767638791141503
80012,342.1214285714286,0.11766044984888999,0.4399572268719066
80013,-40.678571428571445,0.3675951383177874,0.6815050078846097
80014,-18.568749999999994,0.09683858594500293,0.4079466652348921
80017,-93.74017857142852,0.06280975386385958,0.3482421356010271
80018,-56.79374999999996,0.027351530101016038,0.25715973243274204
80019,1.2151785714285666,0.9282396211913033,0.97430582611566
80020,-7.208928571428572,0.22458339906713015,0.5633433384879307
80021,-6.371428571428572,0.19342662252241413,0.5322663740708135
80022,-7.978571428571428,0.28246349618704225,0.6160228023145805
80023,-11.98303571428571,0.037345199181650746,0.28593316976008326
80024,3.9937500000000057,0.6776656339152413,0.8685266179007791
80025,217.23125000000005,0.004883353726132799,0.16997001039451554
80028,-10.712499999999997,0.12662144820693638,0.452051048747363
80031,-170.44375,0.018051529857971486,0.23050294755941736
80032,0.00892857142857073,0.9930677259286853,0.9976305986108547
80034,-11.601785714285715,0.0853512848410589,0.3890114620444228
80035,3.5874999999999986,0.43120855289027593,0.7268091476973583
80036,-16.466964285714283,0.10416980741340603,0.4190966990299063
80039,-12.496428571428577,0.22186861067309163,0.5604718602636577
80045,-65.17410714285717,0.253917353747798,0.591011664935442
80052,-13.00892857142857,0.03937626915288735,0.2911288054001509
80054,-29.091964285714283,0.0444124089667372,0.3031142754033649
80055,-35.4875,0.02381918473891796,0.24707150931518487
80059,-2.6776785714285722,0.5745582396970864,0.814648251439105
80063,34.18392857142858,0.04047591196072575,0.2950393375294835
80067,7.962500000000006,0.31985413703061066,0.6459104318429784
80069,-3.938392857142855,0.6295063801047587,0.8446665662971198
80070,-9.009821428571428,0.2362920095454359,0.5732977866384161
80071,-19.373214285714283,0.0932598719317006,0.4023819048189497
80072,-3.5491071428571423,0.24191139776784065,0.5786885576197361
80078,-0.6455357142857143,0.35914922535498583,0.6749092248250164
80086,-10.664285714285718,0.26435510658323974,0.600497677772235
80094,4.633928571428569,0.5183866529714393,0.7824235741849311
80095,12.676785714285707,0.4383820396807537,0.7317518797339265
80097,-56.894642857142856,0.4577344894308811,0.7445807289866464
80099,-10.636607142857144,0.04357955963743018,0.3012256115169488
80108,-9.740178571428572,0.23498585604124286,0.5721820066018144
80110,7.282142857142873,0.4464926405678106,0.7374553703001251
80111,-3.8187500000000005,0.1641057647908104,0.4989255208493797
80114,110.0526785714286,0.08902291417726856,0.39542937189549826
80115,-16.398214285714282,0.13253980351256994,0.45942942968164524
80117,-0.6526785714285714,0.6253647073770856,0.8429519100597149
80119,16.422321428571433,0.05371070148364342,0.32578573370514796
80122,-3.645535714285714,0.8348332850967293,0.9398413573664728
80124,18.473214285714278,0.383519345920168,0.6937162003902437
80125,-11.392857142857146,0.2768829973357802,0.611499261620623
80127,21.583928571428586,0.33811518579147976,0.6596264318947278
80128,-12.775000000000013,0.23523518882614944,0.5723231761990585
80129,5.978571428571435,0.4312327285099558,0.7268091476973583
80131,11.48482142857143,0.0434293824562871,0.30098890680662915
80133,-2.1205357142857153,0.5018723518489419,0.7719103982598429
80135,-185.93214285714294,0.04706851519304541,0.3087547772261257
80139,-51.008928571428555,0.29899155968410557,0.6295437873350203
80142,-15.186607142857142,0.25253125345439464,0.5899481406007104
80143,9.831249999999983,0.5117605414952202,0.7784688981512718
80144,-112.89285714285714,0.018709867257545646,0.23339310798683738
80145,-74.1973214285714,0.42593650679019046,0.7235243579318874
80146,68.43660714285716,0.20072359555116726,0.5388186849545494
80148,68.18839285714284,0.1476462377531126,0.4785723292122025
80150,-43.50357142857142,0.053683009202309194,0.3257623227676199
80152,-0.48303571428571423,0.30805186288051967,0.6369690493530146
80153,9.52857142857144,0.3192819383448684,0.6453508310168458
80154,-3.7598214285714278,0.4136577575202206,0.7162408681134389
80155,-64.35714285714286,0.061385013346626854,0.3451104906612999
80157,-3.1437500000000007,0.6421384411343561,0.8510634200911673
80161,-11.802678571428572,0.09663315430076273,0.4076082172036879
80162,9.157142857142851,0.5215564887646625,0.7840283581924128
80164,-0.23125000000000018,0.7674464773753762,0.9099613148529384
80167,-35.57142857142857,0.07467960589951124,0.37061881206823793
80168,-15.927678571428572,0.012531621431394531,0.2097876306679412
80169,25.225,0.04294767227664921,0.2996636015474471
80173,8.025892857142878,0.7509989378085501,0.9024746017289313
80174,-5.222321428571426,0.3579337973645783,0.673806306669478
80176,10.03125,0.5070895082818541,0.7753109302379858
80177,-51.07410714285715,0.0041388995862561215,0.16481026338152016
80178,2.4910714285714306,0.49511590916319215,0.7672381127879583
80179,6.71875,0.6152367748776274,0.8370802704102098
80183,113.55446428571426,0.033803864607796504,0.276789864708351
80184,-10.977678571428562,0.42066216092136977,0.7202036526812555
80185,2.307142857142864,0.7870997320072808,0.9194657919083643
80194,-6.285714285714278,0.7411709899463624,0.8984598154580822
80195,7.224107142857147,0.15212430289859108,0.48367205966730203
80196,-153.1964285714286,0.18759250758968016,0.5265271650838689
80198,35.27857142857144,0.17888759382672215,0.5177831201317737
80199,-6.434821428571432,0.6393900469221884,0.849757848042917
80201,5.555357142857143,0.0950728779338692,0.40523121698115566
80204,-100.13482142857129,0.09064846937955087,0.39781355896289283
80205,-203.0687499999999,0.0915562863168477,0.39941274669860755
80206,-106.6026785714286,0.027971409135601664,0.25829028787181574
80207,-16.88303571428571,0.09771988254014789,0.4093812411219513
80208,-27.52767857142858,0.03318618444874684,0.2752092575057233
80209,11.869642857142857,0.08330573349018304,0.38521151713259116
80210,13.057142857142857,0.28316262410647275,0.6166675792907631
80212,-22.141964285714295,0.46088524023533994,0.7467339850677256
80213,163.80178571428564,0.1638223278294411,0.49862911773000573
80215,38.457142857142856,0.05089056294765477,0.3194884272524849
80216,66.08214285714286,0.008000281999053317,0.18807655869710707
80217,-4.508035714285715,0.16746363777761716,0.5034682940443868
80218,-1063.2571428571428,0.023767865916579718,0.24696081833526426
80219,93.84196428571431,0.16548848199245714,0.5005856804269178
80221,-8.6875,0.42257311110021356,0.7213544132471085
80223,65.65982142857143,0.2571917410050711,0.5940184060338628
80224,-25.58482142857143,0.1521384506515761,0.48367205966730203
80227,55.17321428571428,0.054815108436849815,0.3288365211525964
80228,-88.43392857142851,0.5218981186029741,0.7843300858431453
80230,72.42946428571429,0.2669054861223963,0.602695141194483
80231,44.40982142857145,0.2205641106407596,0.5591876135355341
80232,-205.20446428571432,0.015444092334853315,0.21981380814831367
80233,-25.69375,0.03395472816570161,0.27742424891936757
80235,-34.724107142857136,0.0006808919984310603,0.11428329961427276
80237,15.509821428571428,0.7159385987868027,0.8876611460456749
80243,-33.988392857142856,0.40514946156885184,0.7095860312021363
80254,-66.62946428571422,0.13049874999180813,0.45737302280782755
80255,49.69196428571428,0.3874382739536315,0.6967304931943672
80256,34.075,0.041539811235665636,0.2970961539780007
80258,-10.825,0.02424495458605646,0.2478513825108395
80262,-19.316964285714292,0.16047497696529142,0.4938073708677009
80263,-51.02142857142859,0.006661090492422066,0.18122967135939963
80264,-0.78125,0.9447308942037684,0.9810666978269903
80267,104.92410714285715,0.05928285301392414,0.34108071014798513
80270,56.358035714285705,0.15854999644328668,0.49124524261280283
80271,-3.687499999999993,0.6718950498423758,0.8660033439446463
80273,14.92053571428572,0.39054060547440356,0.6989004845611749
80274,8.058928571428572,0.3045076073750077,0.633894223834441
80279,187.33035714285717,0.15438246192813976,0.4865890993209801
80298,-27.516964285714295,0.17046030075019444,0.5071787627077101
80301,58.78035714285717,0.010425601197552956,0.19919918727710903
80303,-177.06785714285715,0.000805261211657849,0.11789051123565568
80304,-3.8499999999999943,0.6151754732062112,0.837050731376859
80305,-26.760714285714286,0.19689304770292365,0.5352323066254338
80306,57.94285714285712,0.0974752909989869,0.40908414414045
80307,51.76874999999999,0.05420171991673045,0.3269865426952706
80308,1.6732142857142804,0.916372345705276,0.9704468806551805
80309,-8.912499999999998,0.06293764702620612,0.34837333630104156
80310,-870.9589285714287,0.02184632393393727,0.24158128810580906
80311,-3.5366071428571786,0.9016050565537054,0.9641915359518414
80312,-22.25892857142857,0.16208272706516177,0.4958246014819963
80313,-14.545535714285721,0.07924406748066867,0.3786370486676856
80314,-46.564285714285724,0.0007335440221171272,0.11740092155001734
80315,172.64821428571423,0.3078527908069167,0.6368151383026852
80316,-0.2303571428571427,0.7186410929401679,0.888932416834544
80317,13.367857142857144,0.023979863327854213,0.24758747845446885
80318,-310.4116071428572,0.0062919898541413345,0.17987725666787893
80319,-3.648214285714282,0.5340686816666194,0.7913883622309854
80320,-1.178571428571427,0.8076646514139403,0.9278421115401033
80321,-44.419642857142875,5.6889962544194594e-05,0.055543905394711414
80323,-7.961607142857147,0.3384716513805867,0.659818787721809
80324,25.81696428571428,0.056063019125928475,0.3328893973403713
80325,-10.022321428571427,0.0607936600201979,0.34430832446630977
80326,-3.813392857142855,0.5004290170272223,0.7707528805308144
80328,24.89553571428572,0.12980048279937972,0.4562556779631187
80329,1.545535714285716,0.7452572770511435,0.8999586179946704
80331,81.31964285714285,0.006795955482580382,0.1820260990734322
80332,-70.31696428571433,0.47533764861642663,0.7555611705405347
80333,-19.12857142857143,0.03211986822107251,0.2719481643851892
80335,227.64732142857133,0.15144426883904236,0.48289557689083357
80336,38.13839285714286,0.01450946731745329,0.21716162281049847
80339,-19.389285714285705,0.22673950926497236,0.5654010156463725
80341,0.5357142857142847,0.9219362482399761,0.9724671908886193
80342,163.50089285714284,0.042052812571132504,0.29806098084741345
80343,-19.554464285714285,0.008379967330728143,0.19027189111609685
80344,-13.593750000000028,0.4125894762362717,0.7152582902243521
80345,3.956249999999997,0.7670106612235147,0.9096713324668264
80346,30.65089285714285,0.015884434814339734,0.2220730032519775
80347,66.3607142857143,0.037701292688251294,0.2871316586892519
80349,-194.31071428571408,0.5204522481414059,0.7832785561708654
80350,-9.65267857142857,0.0016034789544558082,0.13006794080487133
80351,-129.34732142857138,0.07391402884080919,0.36892911510601084
80352,-7.638392857142858,0.2896858142975469,0.6227926153361647
80380,-1.1767857142857139,0.6164070892300945,0.8377552910501234
80381,62.07946428571428,0.046970731975606715,0.3085694609304212
80704,-26.504464285714292,0.07653791647989978,0.3740021971166789
80705,-3.4508928571428585,0.258298570339186,0.5950313614769949
80709,55.270535714285714,0.00496283462577425,0.17015427171704686
80712,-3.463392857142857,0.32131765551310126,0.6467096460442103
80714,6.197321428571424,0.49231154463285226,0.7657542804306198
80723,-12.199107142857141,0.24657881651322566,0.584144251411224
80724,-16.22589285714286,0.034129737702099996,0.2778090529793535
80725,-19.876785714285713,0.014099703864948712,0.21551775732576597
80726,-2.7258928571428562,0.3105050736146939,0.6390106032864429
80727,10.660714285714285,0.2742316520574833,0.60897674098579
80728,3.7526785714285715,0.503090350621474,0.7730808237208165
80731,-15.63035714285714,0.020066910580670977,0.23732605148132938
80736,5.928571428571428,0.1055340182860294,0.4217580914983303
80737,-4.004464285714286,0.0011704208838809727,0.1240993704425147
80739,-10.84732142857143,0.0011192017623798591,0.1240993704425147
80740,-4.108928571428571,0.5571922566192278,0.8052996730281861
80741,4.767857142857146,0.4881498108799065,0.7632146530025521
80742,-12.65982142857143,0.08127489640401493,0.38205699947463817
80745,-5.8544642857143,0.6382762194191485,0.8492868637933266
80746,-8.41517857142857,0.32088527387732435,0.6464771622846887
80757,0.8285714285714292,0.810332153835577,0.9290008437114377
80758,1.5303571428571416,0.6685580238553585,0.8643094931672506
80759,5.133928571428571,0.3937736129844891,0.70140333728991
80760,-283.20625000000007,0.016930502011388418,0.22627113113484765
80761,-7.464285714285715,0.07477040389755109,0.37069371128064343
80762,-824.9964285714286,0.08899131684496152,0.3953645988568693
80763,-73.39017857142859,0.0058423868060294756,0.17778091896531587
80764,17.900000000000006,0.16415666768590534,0.4989296786225704
80765,17.412500000000005,0.06707016473536416,0.35678743499766835
80772,-4.7455357142857295,0.6257246684617161,0.8430728350167831
80774,2.124999999999999,0.47399018504071544,0.7548236173838673
80775,-12.69642857142857,0.1536869483822363,0.48597162503149166
80776,6.700892857142861,0.19147120905410794,0.5303018264035941
80777,-31.698214285714243,0.10013613384265055,0.41317357416141587
80778,0.7875000000000014,0.8837151713486475,0.9574193911442813
80781,39.59821428571429,0.09276577707211464,0.40151748427943856
80789,46.88749999999999,0.021972722569414592,0.24158128810580906
80790,25.26071428571428,0.2332264810392477,0.5706952228845096
80816,-16.97321428571429,0.017352407453360547,0.2283369916124698
80817,-11.033035714285715,0.02464303737481735,0.24905360539264293
80818,30.197321428571456,0.6103740364758014,0.8344411711104042
80820,-14.879464285714292,0.306136258659214,0.6353826456430148
80821,77.8982142857143,0.0019222722556066548,0.139342211571187
80823,-7.783928571428575,0.2889815017362521,0.6223731925079883
80824,-34.44910714285713,0.0211666339334709,0.23977010281175182
80829,-198.99374999999998,0.018077880922335116,0.23066212282600992
80830,76.40357142857144,0.036341440299819526,0.28322640475940836
80831,-4.202678571428573,0.1262711381594304,0.4519354125569791
80832,3.6955357142857146,0.6151879064882231,0.837050731376859
80833,19.230357142857144,0.6271801554039566,0.8436016664579649
80834,-8.715178571428574,0.09442669628189602,0.40417223521541845
80835,-8.150892857142857,0.18853101364525068,0.5275923930282438
80851,3.5767857142857125,0.5765326545721178,0.8155062112778632
80852,-29.01160714285713,0.11181519933248939,0.4316379967483734
80853,22.777678571428595,0.5568610398785139,0.8051125618243483
80854,-406.1562500000002,0.0429903305037952,0.29980820411926057
80856,-27.889285714285705,0.33670521776945367,0.6587074722337485
80862,-6.883928571428573,0.03503555718472681,0.2806283458943654
80864,8.613392857142856,0.4247542623124017,0.7226674687086545
80868,-6.690178571428573,0.1929552680270052,0.5318373941437748
80895,-30.94375000000005,0.13620720150780333,0.46428483431665507
80896,195.86249999999995,0.17189319324451896,0.509023338686385
80975,-1.9624999999999986,0.7195624585334096,0.8892525424363426
81027,50.63839285714286,0.5246176771299993,0.7858485341666496
81029,74.59910714285714,0.13678553198120863,0.46538574742206484
81030,4.509821428571428,0.2798167824803378,0.6140470632997178
81031,216.3508928571428,0.0786796251003694,0.3776497675676145
81033,-9.464285714285714,0.0014050593078940214,0.12793530972030986
81034,82.5616071428571,0.03273532531422105,0.274059394206436
81035,-900.0616071428572,0.12047847638394518,0.4429236616656941
81037,358.8589285714286,0.10540395280161902,0.421527192083066
81137,-30.56071428571431,0.7126834255291293,0.8857646200804113
81285,-22.142857142857142,0.04177779966611962,0.29743981205417847
81472,-10.161607142857141,0.002854523165603226,0.1515798484623921
81490,-3.376785714285724,0.7405813781047762,0.8983291220632436
81491,-2.2080357142857103,0.699602629215651,0.8794292160562298
81492,0.8196428571428598,0.8508322806023548,0.9455380524767876
81493,-238.1142857142857,0.027551177585493372,0.25715973243274204
81494,0.20178571428571423,0.6956322567180481,0.877786334961131
81501,-1.3125,0.8473482858186565,0.9442778514591526
81502,79.64374999999998,0.023225958850810354,0.2453873043803007
81532,6.674107142857132,0.48151995841979645,0.7593188661341246
81533,426.31517857142853,0.1916270844237444,0.5304379729074638
81537,-11.198214285714357,0.915719203986505,0.9701204727462683
81539,119.36785714285716,0.3286902645733272,0.6527446101195911
81542,506.8312500000002,0.03406393235438153,0.2776352192312458
81543,-4.988392857142863,0.40597852151375136,0.7102271703093447
81544,19.754464285714285,0.12306269248563752,0.4467467440178096
81545,30.483928571428578,0.4599798826671277,0.7462152080754028
81550,-24.084821428571416,0.0886794948330253,0.39503569927627835
81551,-6.938392857142858,0.21515837200064256,0.5539337510742746
81552,593.9133928571429,0.0029472602299330897,0.1515798484623921
81553,-78.53928571428571,0.4146109711548046,0.7168887681128934
81554,21.720535714285703,0.32947973629495547,0.6533313234659518
81555,240.8392857142856,0.015810661852651415,0.22171016588707773
81556,24.76696428571428,0.2135031965269931,0.5523036817193321
81558,18.730357142857173,0.6721124887260213,0.866181504327524
81559,8.931249999999991,0.36964796900045566,0.683422472491495
81562,-8.8125,0.5092972033922974,0.7765939952125429
81563,-353.3589285714286,0.011567645140896747,0.2066643213509123
81565,9.250000000000057,0.8913923621367666,0.9602724383004448
81566,15.039285714285683,0.40308514211945057,0.7081155462320778
81569,-1.963392857142857,0.32751670630687757,0.6519213600308916
81570,7.59732142857143,0.4336116689322012,0.7287059076310352
81572,4.241964285714275,0.7980259399955962,0.924203039392645
81573,21.29732142857145,0.3932939594899959,0.7012033397199308
81575,-145.4803571428572,0.040525664857842106,0.29526133403382776
81576,11.615178571428558,0.5448050610275713,0.7976643803424632
81577,-33.002678571428575,0.00022008814155499235,0.08348620717944168
81578,-32.02589285714285,0.2656532474634783,0.6013802602304757
81579,-147.11517857142871,0.043292552819905204,0.3007069230519416
81602,74.35803571428568,0.04315246453621666,0.30035998075300735
81603,-159.19017857142853,0.5548480077278268,0.8038861858551586
81605,-40.316071428571405,0.12876000768754184,0.45492966538676394
81606,157.21160714285716,0.04465269453742369,0.3038688511281042
81607,-2.6446428571428626,0.7687087128407362,0.9107138401897559
81608,-5.13660714285713,0.6674469763504235,0.8637224434285046
81609,-14.627678571428575,0.4770503465051535,0.756898656273049
81610,57.42946428571429,0.009587776302527495,0.19669047889675625
81611,-129.45089285714283,0.0007216938636946938,0.11639708553836986
81614,271.3258928571428,0.04130405178477093,0.2967316363985899
81615,19.828571428571433,0.07199450806139708,0.36528393914781787
81616,-13.177678571428572,0.05355600658861678,0.3253454013547106
81617,-172.8553571428571,0.13200878875975433,0.4586622123674078
81618,143.87053571428572,0.0867892445900295,0.39162278601242323
81619,18.91428571428571,0.2245877132856947,0.5633433384879307
81620,5.535714285714292,0.7320172304173042,0.8943484367066098
81621,-22.553571428571423,0.14679506892571148,0.47705215908852405
81622,4.493749999999999,0.6067252505592337,0.8324810046759209
81623,-3.9848214285714287,0.18597811255897972,0.5248857443692313
81624,34.51785714285714,0.17519636858354526,0.5135017396968659
81626,-3.2749999999999986,0.40555803245140626,0.7098379045300969
81627,-88.21071428571426,0.08777456101102227,0.39295130384950666
81628,-7.412499999999998,0.2662133030043549,0.6019276432638478
81629,-2.836607142857142,0.6496688093616212,0.8548273807389752
81631,-282.32499999999993,0.007540998679144421,0.18772170189881426
81669,125.51696428571427,0.3787790853176534,0.6903018729289924
81671,111.0098214285714,0.12020414728327347,0.44259021379282415
81688,649.4133928571425,0.16466353631607694,0.4994130910774929
81689,-239.04999999999984,0.08641286823532464,0.3911436021828276
81691,-5.584821428571429,0.012981000985052527,0.21137711545547824
81693,-17.57321428571428,0.10988809291816659,0.42908300846754155
81696,-5.515178571428573,0.15783000613105116,0.49065557735024007
81697,-12.510714285714283,0.0284677474135493,0.2601446581970724
81698,-13.391071428571436,0.3112851716158462,0.6393747608135689
81704,192.02678571428567,0.0013864946737379338,0.12719227564869384
81706,38.96785714285713,0.6279613376076806,0.8439137285837168
81786,-131.7232142857143,0.014759762041783944,0.21755971992092024
81787,-0.7732142857142859,0.4988260529539717,0.7697207709883856
81788,43.07232142857143,0.02515913796408807,0.25083440338922597
81789,-4.483928571428567,0.3211312233294368,0.6466503254101708
81790,-27.899999999999977,0.5681789319457056,0.8111715183277092
81792,40.41339285714285,0.2082711978228008,0.546202405072987
81793,-5.983928571428571,0.461556688227277,0.7473232625215106
81794,4.120535714285722,0.8782780982867519,0.9554665409862049
81796,-183.92410714285714,0.030182033993362712,0.2659605316088933
81797,-2.7375,0.5695230412799289,0.811954346686434
81831,30.260714285714286,0.2151696641190336,0.5539337510742746
81832,-4.498214285714286,0.16880279472396384,0.5052993595145208
81833,1.836607142857142,0.26542652931402194,0.6012580583292353
81839,19.228571428571442,0.23398308207284443,0.5713333473873417
81844,34.67499999999998,0.2951052432863491,0.6267432868505725
81846,14.92410714285711,0.8457005558532105,0.9437422169595718
81847,-516.0633928571428,0.016262582788190805,0.22369163951153315
81848,-0.9857142857142804,0.9667376602712833,0.9883392216778686
81849,-8.451785714285716,0.13845801484630063,0.46725381784027686
81850,-7.921428571428571,0.18149535771597217,0.5207621389147582
81851,-7.494642857142857,0.052920282759764736,0.3238713293558238
81853,-164.8982142857144,0.26197887298646527,0.5982538191921761
81854,-1.5214285714285722,0.7540676810351066,0.9037630580687701
81855,54.36696428571426,0.16833332042804558,0.5048895196723684
81856,-191.89285714285728,0.22501592790452443,0.5637137832374758
81857,3.9973214285714285,0.06986617814532244,0.3617626101306328
81858,34.68303571428571,0.007529302520698753,0.18771756284505442
81870,-2.4339285714285714,0.10038662263105204,0.41339828566980713
81872,2.1678571428571436,0.08292576972529923,0.3843647388717138
81873,104.5848214285715,0.3333232402069266,0.6560892661390064
81875,139.76339285714286,0.0010104549472943899,0.12073749023847284
81876,42.59196428571431,0.538203335211553,0.7936052143789085
81887,-10.26875,0.08243988424106143,0.38339332559376826
81888,-26.41250000000001,0.06863515194626486,0.35962309166538625
81889,-30.34017857142858,0.03259252195248131,0.2737321256147336
81890,3.7901785714285694,0.4530472770426841,0.7413688392140123
81892,-70.76428571428573,0.5545448101428493,0.8037254133856506
81894,27.379464285714263,0.2454465481007229,0.5829174027942626
81926,36.686607142857156,0.33014370329501735,0.6536759244461169
81928,3.9544642857142804,0.6884166352973133,0.8740780185514303
81929,81.2928571428572,0.5935044586660704,0.8259903344083744
81930,1.3866071428571463,0.6877813029968525,0.8737903787841089
81931,-18.231249999999996,0.16735125757224467,0.503379546006628
81932,1.895535714285712,0.7925398423216324,0.9218618419090576
83259,-12.55535714285714,0.012581892065666012,0.21020770866237104
83394,16.577678571428564,0.3326863617673954,0.6556474364572088
83401,-0.26428571428571246,0.9375411499612305,0.9780641883616179
83416,263.7410714285714,0.10072237587432176,0.41388297803789925
83417,-11.569642857142858,0.01638503791729835,0.2241849746414504
83439,-43.79910714285715,0.07261060944967784,0.3664912611086791
83440,122.26160714285717,0.012840055718703036,0.2110099327983434
83442,122.83660714285716,0.014510112992798722,0.21716162281049847
83443,48.02321428571429,0.35412810532706757,0.6712179906662075
83444,-8.316071428571426,0.28407538796377557,0.6175064608671764
83445,-7.790178571428572,0.28652018032144955,0.6198508629397086
83446,-11.110714285714284,0.0012651330882606571,0.12532423491627354
83447,-4.135714285714286,0.2129191690190077,0.5513871858835953
83448,-8.249107142857135,0.45442537634835745,0.7424552783254034
83449,-2.4928571428571455,0.6490479904536414,0.8545143610872149
83450,-3.392857142857139,0.7346665465882216,0.8956850875152972
83451,-26.343750000000014,0.02918000260431359,0.2622315322798891
83452,-16.004464285714306,0.5438127608955817,0.7971517387052182
83460,-73.65446428571425,0.14323074327567747,0.4729521010144743
83461,43.70535714285715,0.06318067174527031,0.3491425629102346
83463,-6.1107142857142875,0.2938875682813253,0.6258833325198248
83464,31.82410714285715,0.016204301985609914,0.22353725511151168
83468,252.60178571428582,0.10855339518758512,0.42695898725855813
83473,-6.416071428571428,0.06994693012308871,0.3618543890832443
83475,9.791071428571428,0.11025479247252505,0.42938818850596955
83478,-29.587499999999977,0.19568860954993655,0.5342958665239841
83479,-160.33124999999995,0.33030182467199976,0.6537426382454261
83480,0.7517857142857451,0.9633193846754402,0.9875744579441426
83481,-13.871428571428567,0.012245484715732797,0.20849517196955838
83482,-3.3500000000000014,0.6670291047198874,0.8634797775393115
83483,-1.820535714285711,0.923009107315884,0.9729487596947201
83538,-2.015178571428571,0.7617297585063812,0.9073347976370101
83539,0.9017857142857144,0.8690214599282163,0.9522747433926291
83540,23.354464285714283,0.10905967014844296,0.4276593057995638
83541,1.766964285714291,0.7748831119360977,0.9134310579684286
83543,-59.701785714285705,0.051160887351577984,0.3198970855656597
83544,10.08482142857143,0.34653132532653474,0.6655050169894505
83546,-0.6303571428571413,0.9080034531058618,0.9667177862790955
83547,-5.341964285714283,0.8733330238396283,0.9539022130457614
83548,6.724107142857136,0.7408899524728012,0.8984598154580822
83549,-26.322321428571456,0.2564158023434985,0.5935199184255865
83550,-3.838392857142856,0.36654208437052144,0.6805361043207918
83551,-3.4973214285714285,0.2858597945245179,0.6191816918480317
83590,-5.806249999999999,0.30964667541374136,0.6381212211967345
83591,-5.341964285714276,0.5119915799227712,0.7785561579993867
83592,-10.136607142857141,0.335614063020923,0.6580039295280135
83593,187.20089285714292,0.019577890639823174,0.23629606417932272
83594,-36.44107142857142,0.006074293847218121,0.17879430951723688
83595,-272.95803571428576,0.012707425111090865,0.2104514998795099
83596,-3.65267857142857,0.5698120143785163,0.8120780996620135
83597,5.738392857142857,0.07372769111469923,0.3684009780388464
83598,0.6517857142857144,0.7325668904861694,0.8945414793373827
83604,-387.8946428571429,0.1080317068991832,0.42616403857957014
83605,48.178571428571416,0.1253523263760034,0.45080829077208356
83606,-14.566071428571405,0.8001996007273275,0.9250522031974797
83607,53.866071428571445,0.5477385661214804,0.7995196118934229
83608,-13.931249999999991,0.5411745770057218,0.7953376280472969
83636,-174.5080357142856,0.07616112736280989,0.3728837975218087
83637,192.05803571428567,0.014930175622250887,0.21814734156776247
83638,-7.049999999999997,0.6698881990796087,0.865068548729956
83639,-7.835714285714285,0.17530841754403872,0.5136334888085675
83640,-33.84107142857147,0.14986782552702171,0.48097196784447604
83641,712.1410714285714,0.04239392847402988,0.29823572302079054
83642,12.242857142857133,0.5355775856654592,0.7920238520761307
83643,-96.57053571428565,0.16919479048704808,0.5056638178752986
83647,1.8026785714285714,0.4826818038168984,0.7599841019458289
83648,21.26696428571428,0.4958694785652498,0.7676226320268138
83655,-13.158928571428568,0.21138008405419006,0.5494600177621892
83656,1.5812499999999998,0.49412390790869576,0.7664944825866984
83657,6.666964285714285,0.28906287435764294,0.6223971982789206
83658,63.75178571428569,0.4836043788070875,0.7605001556395969
83659,0.9874999999999998,0.48657803232337243,0.7624281283373435
83660,-65.92321428571427,0.0035600359467906953,0.15830078651700105
83661,-3.310714285714285,0.48384647946532794,0.7606839654014667
83666,72.61071428571432,0.08546421780683114,0.38919636399918267
83667,17.846428571428575,0.11903478038759488,0.44129553957768847
83690,-403.17499999999995,0.3252317100356807,0.6499522550605227
83692,-19.365178571428558,0.11719531068151459,0.43954105748377154
83693,-26.762500000000017,0.02211191834115589,0.24217667853313518
83694,-5.041071428571428,0.4830219061175357,0.7601311492598519
83695,13.226785714285715,0.05911118899064223,0.3405589313027781
83696,-26.996428571428567,0.02895625238441871,0.26170374565085935
83697,5.1535714285714285,0.3694218543710408,0.683232805962178
83698,-12.492857142857144,0.07607394805892577,0.3728012109099011
83699,-55.760714285714315,0.0701592855142205,0.3621562439095549
83700,63.243750000000034,0.3571332591266907,0.6731568567156829
83706,87.26696428571428,0.018737587943274153,0.2334177894685613
83707,-36.05892857142857,0.06808268615781134,0.3583040586849875
83714,-7.057142857142857,0.2605503156557059,0.5970780181579858
83715,4.036607142857142,0.28733121991599136,0.6207703184457591
83716,427.492857142857,0.02603807485915952,0.2538230656481518
83719,-10.498214285714285,0.2480312865706089,0.5855148997559709
83723,-3.264285714285715,0.411230762358458,0.7141108080112423
83729,6.429464285714286,0.6602254655700147,0.8603324116983783
83732,19.37767857142856,0.22707831209129076,0.5656150381672147
83733,-2.070535714285718,0.767414420572657,0.9099430384248882
83734,-7.072321428571428,0.2674134406467943,0.6030401965491508
83737,24.49910714285714,0.045125603222475386,0.30482361702357813
83741,-18.83571428571429,0.006463979780472993,0.18069057216695386
83742,97.95267857142855,0.021078128247497552,0.23948214269929366
83743,17.891964285714295,0.09484949597098881,0.40473503452264353
83744,-9.232142857142856,0.28098510159473017,0.6150064223255353
83746,15.391964285714266,0.506722209778979,0.7750744669090971
83755,5.177678571428571,0.043927874538585696,0.3018926526398785
83758,-2.6517857142857153,0.43583739554102474,0.7299782379979637
83759,36.46517857142856,0.006568379874580444,0.18109948666886078
83786,152.24999999999994,0.320735854347221,0.6464493986225646
83787,76.02589285714282,0.021991602514063693,0.24158128810580906
83795,-1.6955357142857146,0.6502779497177775,0.8552261953714907
83844,-0.7517857142857141,0.753984801590611,0.9037404149285686
83849,-28.574107142857144,0.5722610939459202,0.8135056994100172
83850,-1.4160714285714269,0.6385415175312619,0.8494371386794164
83851,-4.056249999999999,0.3956171110356717,0.7025678029916773
83852,92.76071428571429,0.053338852980045405,0.324682897649074
83853,-3.222321428571428,0.3589523411012635,0.6746783749771935
83854,20.261607142857137,0.07105659993502897,0.36369777208834575
83855,2.9285714285714297,0.15104588144158748,0.48259583384938215
83856,-66.78125000000003,0.030579504308579208,0.2672529408682174
83857,-73.7705357142857,0.40249658161994784,0.707663140145846
83858,-12.358035714285712,0.08034241946755936,0.3799863210820892
83860,-17.974999999999994,0.10902234941629285,0.4276593057995638
83861,74.84821428571426,0.0062736366907067105,0.17961776568128374
83862,-14.214285714285708,0.44465786971789467,0.7363595029612165
83863,-20.799999999999986,0.02295681283263911,0.2446432540456128
83866,-2.256250000000005,0.7951864244330754,0.9233236319839769
83867,-2.0446428571428577,0.5456746136677484,0.7982209608146837
83868,-1.6348214285714313,0.6626991818438827,0.8613797491278595
83869,-14.858035714285716,0.22077719728266113,0.5593544573785341
83872,196.42053571428568,0.12813160412552838,0.45397577531911626
83873,-3.5696428571428562,0.4015072628971973,0.706738193839848
83874,29.389285714285705,0.18900407882908093,0.5279470300396191
83875,-84.60982142857145,0.002212962634273964,0.14441564549074604
83876,-2.7107142857142854,0.5773677943859081,0.8159739488212973
83877,271.8464285714286,0.006655368146032468,0.18122967135939963
83878,-1.8285714285714283,0.19659504991142596,0.5351317177267181
83879,-3.638392857142861,0.5971291924003649,0.8280279385112241
83881,-5.660714285714285,0.18576905198747598,0.5246308071051424
83882,5.96160714285714,0.3598134948582351,0.6754378504214106
83884,-4.000892857142855,0.39702690971594057,0.7036644028536462
83886,-0.033928571428571086,0.9604117124948142,0.9862425179019583
83887,-5.371428571428572,0.10661553839219945,0.42403591591287393
83888,-266.0473214285714,0.3845333503301446,0.6945380373724244
83889,-19.48303571428572,0.10485635365324154,0.42054338684002096
83890,-4.948214285714284,0.14896912053137482,0.479829308528755
83891,-17.11607142857146,0.283730083982566,0.6173131867392316
83892,247.6133928571429,0.09253495921913805,0.4009946021484008
83893,-9.913392857142853,0.32989216722781245,0.6535216329394223
83894,1.603571428571429,0.5129440855271871,0.7790338298944154
83895,-9.719642857142855,0.10419986532048281,0.4191347144608294
83896,-4.753571428571428,0.08023153716903894,0.3798960158237814
83897,-10.198214285714288,0.0590494911115794,0.34050108270323026
83900,0.5026785714285711,0.8594452840955439,0.9488171813816024
83901,-9.760714285714284,0.07008215267569097,0.3620326064987332
83902,2.084821428571429,0.5035983759445415,0.7733002328038987
83903,-9.081250000000004,0.4256731703384396,0.7233242350899486
83930,175.57053571428577,0.011048447021516408,0.20359751968365675
83931,-17.85178571428571,0.021963469086262746,0.24158128810580906
83932,-6.999999999999993,0.1071774536058625,0.4246631839916322
83933,-8.122321428571425,0.41418426364291405,0.7166305257808964
83935,-37.354464285714286,0.1571696906483676,0.48983941379464735
83937,121.77053571428574,0.09863615022410009,0.4106084599895441
83938,12.524107142857162,0.11534426093175408,0.43734032360912994
83939,-12.116964285714403,0.8832476319076015,0.9573725424493316
83940,-183.8794642857144,0.01068594198549871,0.20115514806731286
83941,-68.5196428571428,0.8115388462167461,0.9293778457731673
83942,3.617857142857143,0.3261216618157267,0.6504859235621018
83943,-65.18392857142857,0.0013116005123481008,0.12532423491627354
83953,1.3598214285714274,0.7707862945701133,0.9115797760760288
83955,-1005.894642857143,0.432357851414399,0.7275639822646883
83956,-3.146428571428574,0.49406849275782366,0.766484796720192
83957,-3.286607142857143,0.5215862383217253,0.7840356192846434
83959,-2.44464285714286,0.7832181851986231,0.9178338107796363
83982,58.41874999999999,0.2378606781012424,0.574789450692408
83983,-8.556250000000002,0.08430454530697927,0.3874092459130344
83985,27.176785714285714,0.021565318203213616,0.24067845943268104
83986,-4.116964285714275,0.7361784224224761,0.8964138328549454
83987,70.53392857142856,0.08885070479235509,0.39522586153276984
83988,-25.275892857142864,0.021080803475099334,0.23948214269929366
83989,-47.67946428571429,0.37643876825909156,0.6888149148114401
83990,15.894642857142848,0.038516555712538286,0.2890847070195864
83992,-22.212500000000006,0.3602347648857107,0.6760197621460866
83998,-9.617857142857144,0.019621350925340456,0.2363066358162577
83999,78.58482142857142,0.09034004792792577,0.3975325650269088
84000,-6.737499999999994,0.5853313420948567,0.8204762565984689
84002,-77.9169642857143,0.00393917176123431,0.16254657814753654
84033,-249.15535714285716,0.013130946032728023,0.21137711545547824
84034,154.89642857142854,0.03622929240451043,0.2830170827570521
84056,45.40089285714288,0.4884616836592035,0.7634087137829101
84057,-0.13839285714285943,0.9708244017380439,0.9896674528289433
84058,93.5169642857143,0.0006952653204749561,0.11428329961427276
84059,-14.083928571428574,0.05039796177106091,0.31877701987884716
84060,-18.071428571428584,0.2120515204011001,0.5501004402130455
84061,712.8491071428568,0.04161157778479283,0.2973226627526853
84062,13.108928571428564,0.463428717192063,0.7483933681946968
84063,-0.22946428571428568,0.7699795481637574,0.9112801922262631
84064,-31.105357142857144,0.3148356606113412,0.6420480854197855
84065,33.991071428571416,0.07884214108062215,0.37799842718195514
84066,-10.463392857142855,0.0962408082964118,0.40684587168987807
84067,16.866071428571423,0.1507061484282234,0.4823708386203674
84068,63.70803571428573,0.06872056869131869,0.35979096937641
84069,-0.20624999999999716,0.9701895218240975,0.9894814890348562
84070,-0.6580357142857141,0.6796185824276058,0.8695957492403029
84071,3.0410714285714295,0.41636142238886964,0.7178984790006764
84072,11.021428571428572,0.0008351530577483448,0.11789051123565568
84073,-11.806250000000002,0.025665529850113264,0.25274811155388605
84074,-10.041071428571431,0.2365892998876804,0.5735100851854988
84075,-0.9919642857142854,0.5064585191719874,0.7749312830080993
84076,-4.034821428571428,0.14641280643705246,0.4766073057251301
84077,-2.9553571428571406,0.5096499612439195,0.7768412857533813
84078,-26.509821428571442,0.03506826662194622,0.2807479594972503
84079,31.61964285714282,0.3720173145194051,0.6854289823763381
84080,21.243750000000006,0.02958378120038727,0.26360349475004224
84081,-131.6696428571429,0.048266468296930515,0.312748181338549
84083,-12.085714285714289,0.10918714529928272,0.4278204937106409
84085,-78.23392857142855,0.0009449539524745607,0.11859210302321158
84099,38.490178571428544,0.5294119445431322,0.788563540003239
84100,11.47767857142857,0.5273769772605218,0.7874576352983321
84101,-3.9482142857142826,0.2891201470852862,0.6223971982789206
84102,114.17500000000001,0.014390390969033677,0.21702423110789504
84103,-2.7053571428571423,0.5006911312824149,0.7710052376531626
84105,-148.06785714285718,0.004151097541019333,0.16481026338152016
84106,8.600892857142856,0.26838057001179205,0.6040158535838667
84107,4.583035714285714,0.31431370937356373,0.6416750308791762
84108,-25.438392857142873,0.19242192578204917,0.531193657954588
84109,-1.9169642857142852,0.5127836720198281,0.7789633048367443
84124,18.689285714285724,0.19736784566046808,0.5357046979539236
84125,-6.021428571428572,0.23899238191626607,0.5758153611010934
84126,39.929464285714275,0.0071528557281091325,0.18463030824512597
84128,-0.599107142857136,0.9759165760330313,0.9917335240526733
84131,24.308928571428567,0.08500017129628964,0.3885772880957054
84132,28.96071428571426,0.07191044383593835,0.36520671790368353
84133,-33.426785714285714,0.053648736416347084,0.3256866553087282
84134,0.6044642857142861,0.9632122167140846,0.9875417782186202
84135,-5.776785714285712,0.15643213162749464,0.48880718076999824
84138,12.898214285714289,0.09034817927048401,0.39753635132896453
84140,-12.359821428571422,0.049581290220584315,0.3164204736075433
84141,7.865178571428569,0.32937065323140613,0.6532571721778624
84142,-34.0410714285714,0.023213227503201924,0.2453688454096358
84144,-11.304464285714293,0.011599854493834959,0.2066643213509123
84146,-40.98124999999993,0.31637560436515505,0.643407016210503
84148,3.3866071428571445,0.8950168074375954,0.9616035675028106
84152,-13.586607142857146,0.054793475821350454,0.328807694880574
84153,66.6455357142857,0.295837292071688,0.6270995701161498
84154,27.690178571428532,0.6753723346647402,0.8677344328239992
84159,-314.2223214285714,0.15777172639454248,0.49065557735024007
84162,-274.4553571428572,0.042026293064953146,0.29800368727482635
84163,-117.05624999999998,0.0811262392151838,0.3818394746121887
84164,0.2562499999999943,0.9741319653346109,0.9907854975197159
84166,254.50446428571425,0.17428636295151886,0.5124002201631604
84167,-6.64196428571428,0.1370802361472346,0.4654904609247905
84168,379.26964285714257,0.4342560741896062,0.7290901317890823
84171,-10.182142857142864,0.8052533997544488,0.9268328595726499
84172,-81.98125000000002,0.41379875174648806,0.7163211976066333
84173,-2.442857142857143,0.8205694249940584,0.9332283683701569
84174,-5.376785714285717,0.2757682974974232,0.6105045821626762
84176,-4.020535714285712,0.221092395530277,0.5596660366506735
84179,9.925892857142856,0.1299070184048252,0.4564717978604833
84181,4.663392857142846,0.5441515219129411,0.7973735699856604
84186,68.62589285714287,0.15119155890707503,0.48262782790070824
84188,-38.92678571428573,0.09675557633144108,0.40774712008027914
84189,-20.353571428571428,0.039779345197284086,0.29283324851622966
84190,-4.370535714285722,0.9156625819113365,0.970098080996809
84191,377.9687499999999,0.034607357200275995,0.27968395234727883
84193,-256.22678571428577,0.021334869433518464,0.24020584864565522
84196,97.84910714285712,0.10509490578418018,0.42111132090509723
84197,-12.917857142857144,0.27090494534263887,0.606041829938521
84200,9.629464285714285,0.04175767598444375,0.29743981205417847
84203,-1.9955357142857135,0.7548321095426652,0.9041811758225664
84206,-1.807142857142857,0.5040216568888528,0.7735088042187689
84214,7.964285714285712,0.14073300941132716,0.470042127183514
84215,-0.7946428571428577,0.9040535959236413,0.965409462552441
84216,2.1419642857142804,0.867257331955181,0.9514751200638614
84217,-6.144642857142863,0.3696675500335956,0.683422472491495
84219,3.9937500000000004,0.5120931950812618,0.7785561579993867
84221,5.624107142857143,0.28323204780119676,0.6167149427929285
84222,4.7857142857142865,0.2992358814429631,0.6297504645283801
84223,25.82053571428571,0.009099955255426381,0.19450353932386139
84224,13.184821428571432,0.21924056161634192,0.5580649856327179
84225,1.6910714285714281,0.6078967924477958,0.8330831339200437
84226,-9.65625,0.158235285547513,0.4909260009548895
84229,-3.1571428571428584,0.2598283133983465,0.5964204429577301
84231,6.161607142857143,0.3815208039223086,0.6925744531509087
84232,-2.633928571428555,0.8707354019392094,0.9529877912768491
84233,-231.7580357142857,0.10811651301803839,0.42625254898047654
84236,59.18928571428573,0.039995831677002915,0.293487061728645
84237,-11.21160714285714,0.15528362234388546,0.48771438715831444
84239,-3.638392857142856,0.4692823211526313,0.751883103561029
84240,64.75446428571428,0.27110714505035016,0.6062983947819002
84243,-8.929464285714289,0.35406775550379493,0.6712179906662075
84245,132.8669642857143,0.040143267342846456,0.29389827311493544
84246,23.339285714285708,0.13300268257097472,0.46006249154260215
84247,-0.47500000000002274,0.9948692700467847,0.998395443826625
84248,-316.78660714285706,0.04730134578924155,0.3096875920281142
84249,-0.6678571428571409,0.9374194253991713,0.9780276009449148
84250,12.527678571428552,0.2727461481968212,0.6073676534704323
84251,48.429464285714296,0.21142100210366102,0.5494600177621892
84253,-13.8125,0.2498926796489154,0.5876255756657541
84254,-3.8285714285714256,0.6532113208122742,0.8568902556541925
84255,16.265178571428606,0.6300143608686698,0.8450296537059612
84256,17.12678571428571,0.1578841174095144,0.49065557735024007
84258,3.553571428571429,0.38835368712491997,0.6972283173478698
84259,71.72142857142859,0.1663378298967444,0.5018829298510993
84260,39.314285714285745,0.06295534899408263,0.34842430471216396
84261,-6.038392857142853,0.6570778826233943,0.8589330376424731
84262,55.87142857142854,0.005834474452157604,0.17778091896531587
84263,-609.6794642857143,0.005548367201494543,0.17494004893057594
84264,-8.050892857142856,0.4215736437685999,0.7208261070384331
84265,-120.05535714285713,0.05393677315655036,0.3262598525696455
84266,-10.49821428571429,0.08775549365862234,0.39295130384950666
84267,-322.86517857142826,0.5186878420112063,0.7824853576040937
84268,-20.26785714285714,0.2669955024071479,0.6027185892413732
84269,4.190178571428575,0.6142098704711131,0.8365574239097254
84270,-7.136607142857173,0.6446974638379236,0.8524586480115237
84271,24.963392857142864,0.17885825551062492,0.5177831201317737
84272,-19.254464285714292,0.27442453589870447,0.6092267074532267
84273,-31.21249999999992,0.42648706025305116,0.7238510397128644
84274,-77.42142857142855,0.07005859056003283,0.3620326064987332
84275,-69.38392857142858,0.05831667633924321,0.3389657855933885
84276,26.671428571428578,0.07861955642306627,0.3776332539844492
84277,-3.250000000000007,0.7365710812243694,0.8965676091086513
84278,-3.0232142857142836,0.4543281967165169,0.7423685531058714
84279,-38.127678571428575,0.1965164173245708,0.5350678382495042
84280,18.51875000000001,0.6486020995828303,0.8543281005704206
84281,-32.877678571428575,0.22712903207085974,0.5656150381672147
84282,441.40089285714305,0.004669212993398864,0.1695147545910245
84283,1.7053571428571423,0.8376561807693567,0.9410902470574962
84284,-38.5625,0.039033892408595346,0.29055493643764524
84285,145.8910714285714,0.042371838291477296,0.29823572302079054
84286,-3.0723214285714278,0.7901057367850548,0.9209326196469212
84287,38.47410714285712,0.09828343899033282,0.4102961815872072
84288,-25.916964285714272,0.10303063078045543,0.4173049661398178
84289,17.169642857142875,0.4412570912823154,0.7339295286523666
84290,-3.100892857142858,0.5630645489392451,0.8086565330510435
84292,10.14017857142857,0.19622980879104018,0.5348836184335198
84293,-224.03035714285704,0.33822789851328194,0.6596943334569787
84294,70.19464285714287,0.12242624884440005,0.44590084072400066
84295,137.06249999999994,0.12683011029406094,0.45228866214956576
84296,-17.39732142857143,0.07506333573151681,0.37127626932519286
84298,-37.06875000000002,0.46497963084727867,0.7493023466387003
84299,69.25624999999997,0.045764889632130566,0.30627276641502404
84300,-3.578571428571429,0.40461379876612474,0.7092664347849073
84301,-162.88571428571436,0.017838167420653344,0.22991555957666704
84302,-36.19464285714285,0.00044818390588005966,0.10125807873550521
84303,1.7562500000000085,0.819873831889501,0.9329288502259431
84304,21.45446428571428,0.19078041514727917,0.5295420447851299
84305,20.283035714285717,0.2181917891499401,0.5572057619055936
84306,-19.73482142857143,0.10688229798051038,0.4243502217687326
84307,-15.266964285714323,0.7431432766544649,0.8991633519324166
84309,-20.59642857142859,0.12250345731166372,0.44590084072400066
84310,-21.431250000000002,0.07789359953954614,0.3763216890363776
84311,-38.22500000000002,0.10409258716250601,0.4189555507772443
84312,-154.6526785714285,0.0006390949711583124,0.11271779854219591
84313,16.45178571428569,0.4597808586729582,0.7460165132784518
84314,68.4375,0.0023454708453599623,0.14622419437862708
84315,12.070535714285711,0.43860690957089676,0.731753419268026
84316,24.307142857142907,0.6233784875461886,0.8419896203663861
84317,29.46874999999997,0.245132593663499,0.5826974722208516
84318,15.410714285714292,0.07182069023197167,0.36502265156216224
84319,-39.61785714285713,0.15357921761353657,0.48584989429034964
84320,30.663392857142895,0.21310891090743125,0.5517461109183924
84322,-15.684821428571425,0.09835042649245954,0.4102961815872072
84324,54.831249999999955,0.5424889970403377,0.7962675772765625
84326,-10.735714285714295,0.19023665124136666,0.529063193774742
84327,-5.549107142857125,0.7886890399991483,0.9202802838840181
84328,34.99107142857143,0.1280422840561354,0.45397577531911626
84329,91.97142857142856,0.001925844778331078,0.139342211571187
84330,-5.086607142857141,0.21015057992742123,0.5484478738678642
84331,-34.49553571428573,0.035540980474424146,0.2815881789411105
84332,1.5526785714285714,0.4662756955165684,0.750099263023167
84333,52.8874999999999,0.31776865786001607,0.644194415955335
84334,-171.63214285714287,0.2216546544539154,0.5602333687253988
84335,3.9098214285714317,0.22965661168095897,0.5676525878687355
84336,5.054464285714282,0.5144395960023852,0.7799618687657481
84337,-4.71875,0.7338165070399758,0.8952476241166253
84340,-53.542857142857144,0.17564063242217834,0.5140829795637476
84342,-29.142857142857146,0.07851097690101197,0.3774698964177655
84343,109.94464285714287,0.018990346475115192,0.2341143615618767
84364,37.43035714285715,0.01079042542086774,0.20159123854276162
84365,142.12142857142854,0.0037002206721259176,0.15974506099306038
84366,-10.734821428571433,0.037899191048343175,0.2877570157711655
84376,-82.12321428571443,0.16112526610877964,0.4946391872261385
84417,-970.141071428571,0.06546582863729085,0.3534805629808293
84418,-342.58303571428576,0.011687354030489636,0.2066643213509123
84419,436.7651785714286,0.04436644340214669,0.30302061811524766
84432,1.227678571428573,0.7510159397432447,0.9024746017289313
84433,18.146428571428572,0.08030058012946134,0.3799637983654813
84435,1.125892857142857,0.6053262385903933,0.8317814891521061
84436,6.979464285714286,0.6964165093597376,0.8778809652765581
84437,-20.263392857142833,0.6265222574887472,0.8434932512914544
84439,10.447321428571424,0.1700056760563999,0.5069019108024031
84440,-7.274107142857147,0.3043049562152894,0.6337513229372242
84441,212.3223214285715,0.10126628726874506,0.414886404113544
84443,-2.046428571428578,0.7869383559662222,0.919434451928652
84444,6.421428571428571,0.4267410190185816,0.7239726673578971
84445,12.56339285714286,0.061187339750837386,0.34506521202377305
84446,-2.764285714285716,0.7155853508324571,0.8874816617163341
84448,-78.25178571428572,0.03177853282081317,0.27067943324162025
84449,-27.43303571428572,0.004333002955369547,0.16576162857571458
84450,-22.535714285714334,0.7069844087419466,0.8832376966828442
84451,-0.7124999999999986,0.9303598584488384,0.9750881833475231
84455,-38.133928571428555,0.18732289633823232,0.5263074569811426
84456,-26.41428571428571,0.27606656482695924,0.6106330315735713
84457,-12.752678571428575,0.17407265780698902,0.5121283582096916
84458,-165.6767857142858,0.01414716608025785,0.2156989139537362
84460,-72.04642857142858,0.09168520378610945,0.3994333479685685
84461,-3.303571428571427,0.45805939790141037,0.7448591282709729
84464,-7.408035714285717,0.36084731547027155,0.6764495293608002
84465,-9.705357142857142,0.17021162695138742,0.5069906680958328
84466,216.2723214285715,0.3093453280414504,0.638010028978615
84467,-3.810714285714285,0.2939545147904167,0.6259690630472249
84498,21.6517857142857,0.07970926881807375,0.3792380935870262
84501,-13.25,0.22614774335138266,0.5647235485622768
84502,3.256249999999998,0.6640457252435649,0.8619007163885327
84503,-73.18303571428572,0.00020005983003717651,0.08218894428282343
84504,-8.07767857142857,0.14859517198878675,0.479565421868002
84513,698.0839285714287,0.035905411567639024,0.2825051629674289
84514,-2.325892857142861,0.7227924478091747,0.8907535631323336
84515,-11.39107142857143,0.17547599075635156,0.5138805460419669
84516,20.53392857142856,0.2619501346299754,0.5982538191921761
84517,0.28749999999999787,0.9624712552302999,0.9871893572902984
84518,-2.6999999999999993,0.48178035752590986,0.7596199511990404
84519,16.20714285714286,0.23809703995370535,0.5749726451777236
84520,-0.6392857142857125,0.9423284544580244,0.9798681331200338
84522,52.4071428571429,0.06246059417934028,0.3475341621176599
84524,-48.958035714285714,0.0001581493191871893,0.08218894428282343
84525,-20.091071428571453,0.4759602918995707,0.7560247802100178
84527,-4.135714285714272,0.8864870058589619,0.9584851496072366
84529,-38.54910714285714,0.1623298566461272,0.4963581353516831
84530,-13.298214285714288,0.03272720028685443,0.274059394206436
84532,-10.893749999999997,0.02407281310231159,0.2477526110470337
84536,-6.087500000000002,0.23832809420673784,0.5751832183473985
84539,0.25178571428571317,0.928943455827519,0.9745689107382897
84541,45.131249999999994,0.30236206418404665,0.6318248150501806
84542,24.38749999999999,0.45845218165237267,0.7450744033658478
84545,-52.30714285714288,0.3268521310735186,0.6511291418725216
84546,410.9723214285723,0.6105805300143735,0.8345604373023064
84547,2.692857142857143,0.6583289722738076,0.8594998939555478
84548,13.207142857142856,0.1977168207576664,0.5360001372173916
84549,-15.68214285714285,0.5409143587833148,0.7951240218713207
84552,-16.60267857142857,0.08966542826539844,0.39635033474093784
84553,-1.501785714285714,0.3235267191518426,0.6487613671701176
84557,-23.52767857142858,0.052867831349976,0.32377246849319813
84560,-4.202678571428571,0.19967103259976401,0.537783926472517
84561,20.135714285714286,0.2562940347989238,0.5933887932513724
84569,-3.380357142857143,0.47849642883165894,0.7578076136596168
84570,-14.8,0.0057152967041760264,0.17665891665889058
84572,70.48214285714286,0.0017061794909754553,0.1322094559402314
84612,-6.200892857142857,0.14087938432841782,0.470042127183514
84614,-6.449999999999996,0.4668551901476248,0.7505163709952815
84616,-5.669642857142859,0.20113605446105667,0.5390361855835212
84617,228.2660714285713,0.1113692973421755,0.43099634287821675
84618,-16.11517857142857,0.026365170274773975,0.2546848805012123
84619,34.4875,0.03619572521141866,0.2829165512415033
84620,32.408928571428575,0.2631065847058856,0.5993362109536551
84622,-5.927678571428572,0.20471636232702356,0.5420492528747268
84623,0.6366071428571427,0.8625397719208289,0.949763187077467
84624,270.6419642857144,0.176942428560032,0.5152868776672247
84626,9.689285714285703,0.3553501686842392,0.6721461137527224
84627,6.481250000000003,0.7042268526995195,0.8819250862033916
84628,7.081249999999997,0.28161694385205205,0.6155118364616797
84629,-26.183035714285737,0.08549291850614986,0.3892244016065856
84630,-9.105357142857141,0.15581929789077703,0.4883204875280645
84631,1.7446428571428578,0.565867607257306,0.8103204598303375
84632,-22.849999999999994,0.010452983650683867,0.1992578974531014
84634,18.772321428571423,0.24690551127019916,0.5843644398290307
84636,-5.983035714285714,0.05586625473426886,0.3321499206586444
84639,-8.693749999999998,0.014810682513436608,0.21773973283736126
84640,-329.00714285714264,0.05537106554688195,0.33056872008981647
84641,165.05357142857133,0.0021707978000118674,0.1441860989157835
84643,-6.047321428571428,0.03073970306699065,0.26767248681144057
84645,-0.5428571428571427,0.8626285167140952,0.949763187077467
84647,-6.783035714285715,0.2127585666336999,0.5511501293801546
84648,-19.16071428571428,0.006522509617294772,0.18109948666886078
84649,-80.22946428571431,0.02285044034309954,0.24448806006671736
84650,93.60982142857142,0.057849206089910794,0.337852851108743
84651,-4.266964285714286,0.1800776961192216,0.5191536005968068
84654,0.5499999999999989,0.8531789927219164,0.9464091668946577
84656,127.87053571428572,0.09741976233082089,0.4090014209811589
84657,1.0214285714285722,0.8094895711049848,0.9285980928237388
84658,0.44464285714285623,0.9611830289479569,0.9865660439912093
84659,-8.231250000000001,0.07540659116959139,0.3720317065689776
84660,-19.108035714285712,0.02459309956333931,0.24887181659343932
84661,49.65624999999997,0.26571727938958756,0.6014527944783978
84662,19.52857142857141,0.883586982400478,0.9573999693196426
84665,-613.475,0.0011246675537192586,0.1240993704425147
84666,-2.9517857142857133,0.37190519277492196,0.6854289823763381
84667,6.082142857142863,0.44504058769455074,0.7365478306150732
84668,-71.91696428571424,0.5317875458465956,0.7901161463399173
84669,-194.60446428571424,0.001886351572955285,0.13843794933064457
84671,5.990178571428572,0.3286566600771497,0.6527446101195911
84674,123.92946428571435,0.02656835883950914,0.2551598488582755
84675,-134.70982142857142,0.0036983973893746623,0.15974506099306038
84676,-825.4785714285714,0.011693238249413625,0.2066742126852118
84677,-6.435714285714287,0.07981016951207814,0.37926354028957737
84678,61.05803571428575,0.05357503856515245,0.3253454013547106
84679,19.17767857142858,0.194490682466886,0.5333957696567513
84680,21.546428571428578,0.48059362380854087,0.7588608442888175
84681,-100.74553571428564,0.08356909381137283,0.38580935608687067
84684,-2.2642857142857142,0.6407387450693314,0.8503833111628724
84687,16.366071428571427,0.009879378760051565,0.1979263415238281
84688,-7.418749999999999,0.1823528619701829,0.5214850330466533
84689,17.541964285714286,0.5228015779578086,0.7847652084692553
84690,-9.599107142857143,0.09104032487825271,0.3986568767194031
84691,-5.35089285714286,0.6933627341699764,0.8767659810986507
84692,-6.436607142857142,0.17035257094992334,0.507036532074636
84693,32.618750000000006,0.32042092186324894,0.6461921059982045
84694,3.744642857142857,0.31277580026727325,0.6406017327064027
84695,74.8107142857143,0.3448954150191902,0.6642587993248124
84696,-12.661607142857143,0.13890958100701567,0.4677334088825866
84698,-14.908928571428568,0.04930286943557367,0.315746570379373
84699,0.12053571428571352,0.8470069528516375,0.9441600266501515
84700,-71.82142857142858,0.0037876998201701014,0.160651413363456
84701,-5.244642857142864,0.691679947912113,0.8758331863196177
84705,-3.9357142857142833,0.8995650526099004,0.9633854866794567
84706,-103.06785714285715,0.10409309444609358,0.4189555507772443
84707,-6.385714285714286,0.7600749176708603,0.9066142421621539
84708,295.4723214285714,0.06955260022271029,0.3613100633897088
84709,-9.008035714285716,0.0733200070155949,0.3678722156273826
84717,-10.757142857142881,0.3433415821249165,0.6631194807838569
84719,0.5125000000000028,0.9526977535500688,0.9837345387588838
84720,8.062500000000004,0.2977928202345898,0.6286903408111127
84722,7.536607142857143,0.37067760260625415,0.684475739382301
84725,47.15267857142857,0.08223975846786395,0.38305097012584793
84726,55.44196428571426,0.19277959418330096,0.5316865644491741
84727,4.651785714285715,0.5082235331254183,0.7760898691104974
84733,-14.284821428571423,0.008734971572547273,0.19200898708156414
84734,3.196428571428571,0.3639233271609592,0.678733186788955
84735,2.812499999999999,0.37104745051722354,0.6847707877212312
84740,-1.8196428571428571,0.20653242182799184,0.5442267175982194
84747,129.75178571428572,0.001827191285443147,0.13683399283540879
84749,-44.19464285714287,0.007746353779401186,0.18786893212895334
84750,-25.17142857142857,0.005904121724187954,0.17799075792294128
84752,8.278571428571425,0.5106864027839317,0.7776787843196153
84757,-1.783035714285715,0.6668650630985674,0.863407784340481
84759,6.28125,0.3870105166617858,0.6963896659036742
84765,-16.97678571428571,0.0025289866737767367,0.1481530285803955
84766,44.286607142857136,0.033895798749738554,0.2773085136378805
84767,2.886607142857142,0.2432667214433909,0.5803839673283713
84769,-0.4955357142857082,0.9458795573046069,0.981513850742634
84771,19.821428571428566,0.31482377873866163,0.6420480854197855
84775,-1.7883928571428562,0.6538427375368188,0.8572043850667938
84777,-6.922321428571429,0.09847243556808587,0.4103769189411107
84779,-3.049999999999997,0.6469416985827579,0.8535528916218151
84786,-9.270535714285721,0.28950220856987285,0.6226111419082445
84787,-14.945535714285718,0.34499764991325704,0.664261137770975
84789,-3.549999999999999,0.300465731427695,0.6305458872836444
84790,852.8303571428569,0.07752787300461733,0.3755495144620504
84791,13.102678571428577,0.3115214874096055,0.63952379845005
84792,-477.4428571428571,0.04403901051499579,0.3024155865244153
84793,-19.722321428571426,0.0015220176602440364,0.1290963936360878
84795,-24.329464285714298,0.02718389910478024,0.25702448261428906
84803,-122.64464285714288,0.02677950625924227,0.25566505750509794
84804,24.55625,0.006332555797774771,0.1802829224942271
84807,10.810714285714285,0.07667096600722546,0.37412790036263255
84808,-16.03214285714286,0.09322686545994789,0.40230298887313737
84809,33.537499999999966,0.34303561005542704,0.6629938063706204
84811,4.913392857142867,0.6669175310554827,0.8634371452531513
84812,-115.74553571428571,0.01762205426906003,0.22929219827721492
84814,-62.45357142857142,0.08057098557088685,0.3805475670428679
84815,-3.930357142857141,0.3304650734574007,0.6539437246315548
84816,-49.12410714285714,0.03522013691011324,0.2810816690874215
84817,136.40803571428563,0.05562386526946579,0.33136138958466355
84818,-18.89553571428572,0.14861192110266472,0.479565421868002
84820,15.804464285714275,0.4429612263709065,0.7351401493618148
84823,23.849999999999994,0.0931790754984606,0.40222291321276865
84824,57.254464285714285,0.04648637370022696,0.30764872391166065
84826,220.88125000000008,0.018764958316069003,0.2334177894685613
84830,217.84374999999994,0.04390864363244715,0.30182362215288505
84833,-640.548214285715,0.3361928557290753,0.6583681447695573
84836,8.770535714285707,0.43483463403453304,0.7293935761877003
84837,-9.25892857142857,0.23448926260265487,0.5718421245673575
84838,-11.938392857142858,0.07432614059277907,0.36987182460273016
84839,-41.94642857142856,0.1614698729277265,0.49505777504196974
84842,0.9464285714285712,0.8098707126404384,0.9288794045230957
84843,-3.4383928571428575,0.3787998096205363,0.6903060206882818
84844,23.089285714285722,0.3846390190123887,0.6945976047014396
84847,41.192857142857136,0.2715223974209942,0.6066417787234833
84850,1.7892857142857146,0.5147368305304453,0.780130956339147
84851,-13.683035714285737,0.20250356956724266,0.5403295999678848
84852,4.207142857142857,0.4667870421842035,0.7504802402864508
84856,-7.672321428571431,0.04790350934536945,0.31123452292581527
84858,268.3928571428571,0.15638456485094615,0.48879755797074376
84859,-31.528571428571432,0.029278914819388484,0.2626024717437771
84861,12.804464285714289,0.4275907680148703,0.7244972274609109
84864,-72.16875000000005,0.07442252695415731,0.3700751471786039
84865,-0.9116071428571448,0.8251776792569623,0.9351557594232441
84866,3.7526785714285733,0.48805171775541345,0.7632146530025521
84867,-2.588392857142857,0.7647162964927103,0.908844569260579
84868,296.86250000000007,0.03693719361516402,0.28437872846766626
84869,-63.62946428571425,0.22307174360772447,0.5615802244956469
84870,-31.093750000000057,0.7799553031475587,0.9160520750900664
84871,-15.41607142857142,0.19608061995198536,0.5346986481733067
84872,-17.785714285714285,0.09452216790268274,0.40432128742674656
84873,-4.328571428571427,0.5322949517746817,0.7904338515298548
84874,-7.125000000000007,0.5726047145368766,0.8135534215296432
84875,32.02232142857143,0.2101224538046243,0.5484268265117354
84876,-25.19642857142857,0.0668255510137783,0.35635297002617067
84878,2.7598214285714278,0.7257301004564917,0.8920503865124139
84879,-15.978571428571428,0.2719405649676173,0.6070378743209132
84881,-367.67142857142863,0.016175453725297412,0.22344439930031226
84883,-12.274107142857144,0.2538810694858105,0.5909803931427405
84885,0.6741071428571459,0.8483818726605102,0.9447121175136681
84886,-86.28482142857149,0.04071335268971645,0.2955286054611813
84888,-440.0366071428573,0.008361349800053503,0.1902441948888578
84889,-14.283928571428573,0.05336283162424182,0.32474613095252536
84890,31.076785714285705,0.1710000964107232,0.5080383780501163
84891,-16.922321428571426,0.020328335950548063,0.238009362137482
84892,-13.771428571428572,0.07484581916707723,0.370738598965523
84893,21.903571428571425,0.14413844376211868,0.47398449003684384
84894,16.682142857142846,0.08780394601300118,0.39304738400694605
84895,2.305357142857133,0.8405637574858832,0.9421448019791034
84896,-272.4767857142857,0.012552265669058335,0.2100689089243234
84897,44.82946428571428,0.06502660918283266,0.35264132682715493
84898,251.01249999999993,0.2684526629749942,0.6040482722501526
84899,-31.711607142857133,0.19325272199169782,0.5320947482403963
84900,8.63125,0.020542603254660886,0.2382045204675808
84901,-30.166071428571428,0.20028558728427956,0.5384841898489371
84902,-4.49642857142857,0.5829678466947141,0.8189406309993776
84904,-4.159821428571428,0.08997881015059273,0.39706278549869634
84905,14.14642857142857,0.0465151207872162,0.30764872391166065
84909,-227.66517857142867,0.044149279788306364,0.30271340020851467
84910,135.40267857142854,0.03118201322057566,0.26886198072317047
84911,17.00982142857143,0.004101848842215035,0.1646908717036068
84912,75.88839285714286,0.007772538929820668,0.18798333344091506
84913,-25.117857142857144,0.00712214819827956,0.18463030824512597
84914,30.023214285714232,0.42728167758468666,0.7242792039045959
84915,-9.596428571428572,0.02059713497494066,0.2382045204675808
84916,-29.305357142857147,0.255535787489349,0.5927627993627559
84918,89.54553571428573,0.631089954976099,0.8455618714514229
84919,85.88482142857146,0.05177266408003928,0.3213365147933599
84920,-3.02767857142857,0.594042580496236,0.8262403673649557
84922,11.113392857142863,0.5136360733094242,0.779567261858263
84923,49.570535714285654,0.3273689398838118,0.6517552688329757
84924,5.062500000000014,0.6195044494094579,0.8394240425687539
84925,-25.167857142857144,0.43848486210191817,0.7317518797339265
84926,5.085714285714289,0.7306756404438113,0.8940891330125191
84928,45.84642857142859,0.2104103754210267,0.548575999053199
84929,-15.271428571428562,0.2570839009657,0.5940101544732134
84930,13.947321428571442,0.21918295909257354,0.5580619143186898
84931,-6.649999999999999,0.2705623193669704,0.6057444947719227
84932,102.85178571428571,0.11697849185955055,0.4393717768924604
84933,61.27946428571431,0.0032615520110063283,0.15407914923109772
84934,-8.307142857142853,0.4385559322381583,0.7317518797339265
84935,-214.65982142857138,0.12801169824119768,0.45397577531911626
84936,3.1178571428571438,0.5594059508614937,0.8065559302194982
84937,-89.17053571428568,0.11518686555518118,0.43710729276995636
84938,51.429464285714275,0.020426717821317247,0.238009362137482
84939,30.17500000000001,0.022459034773577854,0.24278748579577553
84940,-194.28035714285713,0.015142418115453167,0.21898676465652597
84941,-0.5946428571428575,0.8359233223573151,0.9403557600543072
84942,-12.832142857142856,0.34000729451959094,0.6609271812798605
84944,-5.885714285714284,0.1251925105815223,0.4504956491130284
84945,-12.775000000000006,0.22484382916310383,0.5635483507185985
84946,-37.44017857142859,0.26724141365425175,0.6029307704690193
84947,-2.0089285714285703,0.43588275760261314,0.7300318508783236
84948,-4.129464285714285,0.6945250093297963,0.8773373758963471
84950,10.232142857142875,0.2734306488189478,0.6081365465637217
84951,3.625,0.6053925371594071,0.8318213954862933
84953,1.8982142857142863,0.6093344584609675,0.8339345895049596
84954,7.476785714285711,0.3494960444403104,0.6678474208274329
84955,13.052678571428572,0.592806839668329,0.8254817124813032
84957,15.402678571428574,0.24693319270385794,0.5843644398290307
84958,38.736607142857146,0.1449183654294428,0.47516711423417
84959,22.814285714285713,0.03306968011729274,0.2750996286274776
84961,23.40357142857144,0.250142392682592,0.5877707261711625
84962,20.65535714285715,0.3618063830590085,0.6772257443940872
84964,42.40446428571427,0.00896330835488687,0.1935974675087592
84966,27.372321428571432,0.12174036847107733,0.4448706487205022
84967,-38.24821428571428,0.29078985004957714,0.623634386579612
84968,-13.471428571428568,0.07021811319331642,0.3621863527211863
84969,6.445535714285711,0.5209352673452929,0.7836454243194272
84970,-6.275892857142857,0.222599259158375,0.561238159107251
84971,-25.503571428571448,0.013455281613392272,0.21281174758909507
84975,32.51517857142855,0.01158855728013299,0.2066643213509123
84976,-6.266071428571422,0.5794323803759256,0.8168741273534944
84978,-4.166964285714286,0.13482514866884224,0.4624524824668326
84983,1.8151785714285724,0.5752275446267033,0.8149007033474703
84984,40.70000000000001,0.009685907090237603,0.197522152584313
84985,-18.691071428571433,0.15878957618907566,0.4915875447925082
84986,6.269642857142848,0.46714156328275686,0.7505646646238424
84987,-94.2035714285714,0.0336443222344433,0.2764179898935509
84988,-6.158928571428575,0.442148304615894,0.7345180649876641
84989,1.1151785714285758,0.8545277222342522,0.9469446728380742
84991,-112.74464285714294,0.45703742303511524,0.7442430212042923
84993,7.267857142857139,0.4645583914341385,0.7490557094476843
84996,-15.44464285714286,0.06371257672768235,0.35018070559545844
85001,-6.859821428571433,0.07882154327712473,0.37799842718195514
85003,-4.420535714285716,0.610058816690798,0.8344345319505357
85004,23.183035714285666,0.9156452369094562,0.970098080996809
85007,19.425892857142856,0.3013456410157113,0.6310495584868825
85009,-5.652678571428574,0.04490730113898215,0.304419953119964
85012,202.02232142857144,0.14778544996379048,0.47878513680650375
85013,10.616071428571416,0.595655515605249,0.8269842135983593
85014,0.048214285714280436,0.9974128009873094,0.9990939467229933
85015,-17.769642857142852,0.04971213298443764,0.31693223774768287
85016,41.63749999999999,0.10834617800285411,0.42660579740926685
85019,-138.73392857142852,0.18472685350011842,0.523784565491222
85021,6.456249999999983,0.7460358011063934,0.9004031884033062
85025,147.63214285714292,0.057293372818000836,0.3361347904450059
85026,-14.390178571428574,0.14102585507962187,0.4701255923940546
85027,108.42499999999995,0.06754724101238395,0.3575021589305589
85235,20.41339285714286,0.09901397983721745,0.4111146888912329
85236,205.6410714285714,0.1851537935374006,0.5242358308535995
85280,-0.6723214285714283,0.7662603116283202,0.9093792396103261
85285,2.6937500000000014,0.7254321088830973,0.891875763862916
85289,-11.154464285714287,0.15201442529820391,0.4834904064236111
85290,-11.722321428571426,0.021479753140291415,0.24025847970951164
85291,-5.523214285714285,0.5336246014645987,0.7911686168906618
85293,-7.836607142857145,0.119284676553687,0.4416669830274791
85300,-5.145535714285714,0.4298990362486991,0.7258130498671449
85301,10.45357142857143,0.50836830855102,0.7761506206499741
85302,4.2232142857142865,0.6191390194643673,0.8392557482839327
85313,-13.19196428571432,0.4584820026312158,0.7450809503585104
85315,41.412499999999994,0.03856657664439367,0.2892096527269543
85319,-17.767857142857142,0.19471041110095927,0.5337841820570071
85320,-12.841071428571428,0.008514625401270744,0.19074068353740092
85329,-16.733035714285712,0.019057799152116382,0.23431874601118416
85352,66.44910714285714,0.15510424142424567,0.4875711148088675
85358,-13.637500000000003,0.6166690707327934,0.8379447136296314
85359,-10.957142857142841,0.46835981179845365,0.7513568010135679
85360,23.421428571428578,0.33245034293499276,0.6555292032865239
85363,38.8419642857143,0.19885358028844818,0.5370988640828616
85364,-10.25,0.5059392645876821,0.7746240425105928
85365,397.4633928571427,0.04088079005484685,0.29600810438998165
85366,-94.86607142857143,0.041679622182443025,0.29741646469945043
85367,15.419642857142865,0.10809041165657446,0.42623963364355333
85368,-1.996428571428571,0.4071089130141448,0.7111007604239256
85369,38.77946428571428,0.1539776737366001,0.48635127985437
85371,-2.9785714285714313,0.5952841882557006,0.8268832477807945
85375,-6.388392857142858,0.12312045060707284,0.44688113024692255
85377,47.930357142857154,0.027118147461831693,0.256901229998752
85378,7.508928571428571,0.31335013384517274,0.6409332377973923
85379,-246.2375,0.0007619976910683222,0.11771810301684014
85390,516.0214285714283,0.5673981826039143,0.8109051594476797
85395,10.780357142857143,0.01584680682751596,0.2220128919919221
85397,2.078571428571429,0.40264359262643773,0.7077719401636601
85403,146.05714285714288,0.02672803133320266,0.2555710236346372
85406,17.168750000000003,0.07864000242858016,0.3776497675676145
85407,-6.533035714285713,0.3791921697881375,0.6906403239004104
85409,-1.761607142857141,0.6475880544834526,0.853939099411108
85413,13.97410714285714,0.20799006379321625,0.5457753808714617
85414,-22.785714285714285,0.0008325665522418126,0.11789051123565568
85415,1.9312500000000057,0.8588642687810415,0.9485204899429059
85416,-1.3017857142857139,0.7191928999240291,0.8890916237732804
85417,-4.592857142857138,0.4450622931926544,0.7365614577688161
85437,-51.075892857142776,0.5184984848347111,0.7824704570338898
85438,-5.9875,0.010039571211062031,0.19823530370704823
85439,-40.05803571428572,0.05288727784385464,0.32377246849319813
85440,73.54642857142863,0.3832778113830108,0.6936391143208992
85441,-9.655357142857143,0.01626216034101867,0.22369163951153315
85442,-9.096428571428564,0.26703230707144493,0.6027325842848223
85443,-0.4776785714285712,0.8813688934584943,0.9566251625393488
85444,-11.671428571428578,0.3763615829937513,0.6887428306116193
85445,1.10625,0.25718831392874364,0.5940184060338628
85446,-13.144642857142856,0.1045922839152641,0.4199196956669999
85449,-7.445535714285718,0.3739046973138276,0.6867752654158472
85450,40.12053571428571,0.25680637860571626,0.5938636341263241
85451,17.93660714285717,0.43871399452830323,0.7317927673256341
85452,-9.784821428571426,0.04898321071949563,0.31504023598264014
85453,18.9901785714286,0.5716660673937628,0.8132341737720242
85455,1.2482142857142868,0.8897957497771748,0.9597282085393272
85456,13.863392857142852,0.05863004268377726,0.3399684335287676
85457,-266.4276785714286,0.009111271565395119,0.1945932706398352
85458,39.30714285714288,0.6515072179854481,0.855859119674279
85459,13.924107142857146,0.21963147998250548,0.5584240684544033
85460,-29.86964285714285,0.39925465821028894,0.7053232935401849
85461,-89.57142857142856,0.3002375809161728,0.6303709433812738
85462,-4.425000000000004,0.6966182047877179,0.8779125660795634
85463,-140.15089285714282,0.028471982343873457,0.2601446581970724
85464,-62.69107142857143,0.02800875584357025,0.2584605444299078
85465,20.122321428571425,0.04652991834101966,0.30769512400765
85476,-378.44375000000036,0.09952544480101377,0.41202042057207755
85477,9.864285714285707,0.6745228355692503,0.8673456264051919
85478,-6.907142857142857,0.28017162412023694,0.6143110042757315
85479,1.200892857142854,0.8916227447343222,0.9604104408745063
85480,-19.07946428571428,0.0030799746554328283,0.15203924887737885
85481,-7.137500000000001,0.2677369353350119,0.6033572831684023
85495,-2.1205357142857117,0.773441174522695,0.9126358817556187
85509,-9.39642857142857,0.008258703985525613,0.189804388570245
85569,-1.8598214285714287,0.08361266912652382,0.3859127709347197
85865,1.49375,0.6538387591571563,0.8572043850667938
87178,-23.022321428571416,0.7033115450270077,0.8814239286813125
87769,7.996428571428567,0.6324696002532252,0.8462283524335622
88455,67.04821428571421,0.3185848072968482,0.6449209490462157
88745,41.48392857142858,0.13671881842480874,0.4652166665033867
89122,-435.9526785714286,0.22288477409443416,0.5615409079694712
89765,2.936607142857145,0.7013242362036247,0.8801768074011977
89766,-0.6303571428571431,0.8282632299058342,0.9367497278841092
89777,1.9812499999999993,0.6847512331504425,0.8723326732955974
89778,1.1866071428571434,0.7466465002306771,0.9004719841207075
89781,42.297321428571436,0.05947306849416069,0.3417232591363394
89782,74.23839285714286,0.107945714046845,0.4260092331103833
89790,342.28749999999997,0.16431797911881543,0.4989366675722999
89792,1.536607142857143,0.5425870685988455,0.7962675772765625
89795,-39.4125,0.04429442969875406,0.30287408662826065
89796,95.21071428571429,0.07612392980555215,0.37285688340907813
89797,71.0,0.35884429078169855,0.6746604956269769
89801,-28.355357142857144,0.01260983409364188,0.21035609057825028
89822,-3.6312500000000014,0.5760224854872282,0.8153706709688024
89845,100.55803571428574,0.012926020531735156,0.2113494599830515
89846,41.38839285714286,0.07962895454796189,0.37914618418506313
89848,4.855357142857144,0.29495381285373934,0.6266873202494182
89849,26.32053571428571,0.1351607357086123,0.46277960044534805
89853,-19.719642857142844,0.4721912210144455,0.753980754328577
89857,139.6339285714286,0.0471889937684071,0.30917414431248147
89866,24.083928571428572,0.2423849413603047,0.5792672784837826
89869,-3.1053571428571436,0.4513782865114902,0.7402247374178226
89870,-7.49732142857143,0.2503091648499195,0.5877707261711625
89872,-2.7901785714285703,0.3282335071169373,0.6525571282026102
89874,-4.736607142857142,0.1967431921912962,0.5351974741558844
89876,-12.526785714285717,0.17007290068755418,0.5069528944390908
89882,-1.8437500000000009,0.5681762889977429,0.8111715183277092
89883,-0.9437499999999996,0.1828606344171657,0.5218589743534896
89884,-4.960714285714284,0.04238805406813182,0.29823572302079054
89885,-3.033928571428575,0.6775602534068843,0.86851425083278
89886,28.402678571428567,0.34215146600775576,0.6622974115602325
89887,-14.609821428571426,0.026430199380480208,0.254862636883202
89890,4.380357142857122,0.7570522817084807,0.9054059555362612
89891,11.075000000000003,0.25493050743895573,0.5921123829322389
89894,-24.528571428571425,0.012473000833436563,0.20957631240569885
89910,-28.276785714285722,0.1489364285724672,0.479829308528755
89927,-95.96607142857141,0.003506362657064997,0.15787269643171345
89932,101.38303571428571,0.14955561870477826,0.4804505200826145
89941,23.643749999999994,0.12588076314380797,0.45162735282722055
89944,-0.602678571428573,0.8673854817483633,0.951550015341234
89953,-11.819642857142853,0.4496813956678802,0.7391268859531362
89958,-17.24375,0.22463778299716572,0.5633718997004741
89970,98.9464285714285,0.19367280640862775,0.5325326484811888
89978,-2.3499999999999943,0.7380335052525143,0.8972055508668974
90007,-11.119642857142864,0.5604836031199489,0.8073036961085174
90011,-0.23303571428571956,0.9777761759450142,0.9925717122130273
90019,-9.34017857142857,0.20852442887565556,0.5464177448778654
90024,14.99642857142858,0.2806248812994334,0.6147800222083072
90025,-8.111607142857142,0.005076592255555348,0.17125077921971654
90050,-1.774999999999995,0.8259591511531089,0.9355109986724951
90060,-2.565178571428568,0.6713798542279001,0.8657883279850568
90070,1.8607142857142853,0.3098319214569406,0.6381879259214222
90075,-28.696428571428584,0.030540225815396754,0.267037717328773
90102,-327.0437499999998,0.29691344364330663,0.6279491927586953
90113,-3.0241071428571438,0.505838048072171,0.7746240425105928
90120,21.055357142857147,0.1470504905233044,0.47746142390613916
90121,15.764285714285705,0.33324486342947096,0.6560209039995939
90133,-19.310714285714283,0.25989480811455407,0.5964204429577301
90134,-2.367857142857142,0.5733954305092329,0.8139577101228661
90135,-251.04196428571424,0.05513771620000771,0.3297400172966667
90139,-25.808035714285722,0.02855062227845079,0.26055838308701335
90141,10.217857142857142,0.40326461376282646,0.7082260297276929
90161,-36.127678571428575,0.29381439186392594,0.625880327174741
90167,11.476785714285715,0.05926104785913321,0.34106292544190614
90187,0.5607142857142833,0.9389555757445858,0.9787163089619652
90196,20.46249999999999,0.04085083914455311,0.29587784010501456
90199,-8.78482142857143,0.2014809700756258,0.5394242645877962
90203,-127.2080357142857,0.0225663394867757,0.24325997859610832
90204,-4.287499999999994,0.6564798455744928,0.8585229004898773
90226,8.470535714285717,0.0974322932119253,0.40902262218688695
90231,46.77589285714285,0.20433223012038107,0.541797511243057
90233,-3.954464285714291,0.5513097539725885,0.8018424345193466
90246,-10.945535714285715,0.10646872907407262,0.4237926534712066
90249,-23.34642857142858,0.009798707663561687,0.1979263415238281
90268,25.066071428571462,0.09211842437628405,0.4001499767658937
90271,-34.48750000000001,0.013391984238968722,0.2127889387578073
90273,7.424999999999999,0.15120762074958133,0.48262782790070824
90288,2.8080357142857144,0.32898886814688344,0.6529973994747278
90293,-58.591071428571425,0.006631354280971312,0.18122967135939963
90313,4.084821428571427,0.5633113509776956,0.8087772935244744
90317,-0.7339285714285566,0.9116039546142969,0.9685194166285158
90321,21.69285714285715,0.1857225700657032,0.5246115684202481
90324,11.125892857142858,0.3809643965395643,0.6923689795506142
90326,-16.169642857142854,0.09559932784234833,0.4060038255227897
90332,-13.797321428571408,0.5424855298361623,0.7962675772765625
90333,22.45178571428572,0.4265050712786103,0.7238510397128644
90338,-865.0312500000007,0.390587100513521,0.6989247154083261
90342,-5.385714285714287,0.12940414314013854,0.4559038292536294
90355,-56.34107142857141,0.006704922238385353,0.18122967135939963
90362,-104.62232142857135,0.05333710098977132,0.324682897649074
90378,10.444642857142856,0.09000089804637117,0.39706278549869634
90379,-9.324107142857144,0.2008086751112066,0.5388186849545494
90381,-5.893750000000001,0.38929292465541604,0.6978554313290122
90390,23.136607142857144,0.13689611273453972,0.46547232361697505
90407,-24.520535714285714,0.08878962154177548,0.3951947702537101
90410,160.0651785714286,0.003409163734741779,0.15595317694243888
90411,-18.16964285714289,0.8705483936712641,0.9528594135165032
90416,-26.269642857142852,0.0016518691397425108,0.13146425795549022
90417,-2.1875,0.8785688157366505,0.9554979810315948
90423,-16.656250000000014,0.1984446541129677,0.5367578403475916
90427,13.604464285714286,0.1140897509488255,0.43488470321247247
90441,51.177678571428544,0.1370572963282463,0.4654904483641614
90459,34.016964285714295,0.0036718018008230534,0.15958327779014342
90480,-7.6035714285714295,0.14750580115118142,0.47822082159357454
90485,4.091071428571429,0.23598555736131807,0.5730035384752181
90488,493.38571428571424,0.05174588563238336,0.3212087076465213
90499,-9.008035714285716,0.03128456449654523,0.26923650294711127
90506,-8.4875,0.08591669265128339,0.3900602151215577
90507,-15.779464285714297,0.1456107571467253,0.47612392482490323
90522,36.732142857142854,0.05531948673080432,0.33039281769331863
90523,634.424107142857,0.07804555572500596,0.3764438475482971
90525,3.0419642857142843,0.31139403808264815,0.639406205436917
90527,4.958928571428573,0.37219227527185794,0.6854799242947968
90529,5.571428571428571,0.3513760083488769,0.6695238540789458
90550,-84.90535714285716,0.007656326064996841,0.1878321840087255
90580,0.9160714285714135,0.9479251263935744,0.9820061412546113
90586,1.952678571428569,0.7015992409047412,0.8803500373210841
90589,-4.198214285714286,0.554538546611663,0.8037254133856506
90592,21.366071428571416,0.26380523736925154,0.6000579252402424
90594,12.350000000000001,0.125953791381392,0.45165828156242904
90624,-295.0776785714287,0.0135946811479743,0.21361457352179491
90625,-0.9857142857142858,0.6151223151213551,0.837050731376859
90627,-4.208928571428572,0.20965942350409075,0.547924524644432
90632,-7.232142857142854,0.2712336427242401,0.6064076637067196
90634,65.47500000000002,0.4659682865530367,0.7499058589957994
90637,40.749107142857184,0.07716817347938142,0.3750714334016071
90639,-10.441071428571433,0.27269886893807627,0.6073676534704323
90649,-5.28839285714286,0.5862765593759018,0.8212407994434677
90655,-7.374107142857142,0.16637854734077945,0.5018964788052003
90665,-3.321428571428571,0.4851616979357057,0.7614607681829136
90668,-19.093750000000007,0.09688383502224192,0.40802695528936594
90673,11.524107142857144,0.4208628856585708,0.7202653231017324
90678,14.172321428571433,0.007894120857807265,0.18798333344091506
90693,-69.58928571428575,0.0017523801964178774,0.13362815514525445
90701,289.79107142857146,0.24986471735234128,0.5876255756657541
90736,-42.16071428571428,0.019356191523770307,0.23543932626521502
90737,0.11249999999999893,0.9514454099504013,0.9832771531809505
90768,2.869642857142857,0.7850486830698606,0.9185986545722792
90780,-11.31607142857144,0.2693691835048577,0.6045878533714325
90784,16.786607142857143,0.043590798734795176,0.3012256115169488
90799,-36.97857142857143,0.14726297251216267,0.4777237263968793
90806,41.69464285714281,0.4430764442309478,0.7352110648961174
90809,17.207142857142856,0.2165512943093389,0.5555250874318739
90826,0.5848214285714306,0.9526906986404129,0.9837345387588838
90834,-20.174107142857153,0.3495648374803745,0.6678474208274329
90835,10.12232142857143,0.0716149744670277,0.3647579298267606
90843,47.40535714285713,0.14986746872665738,0.48097196784447604
90850,6.823214285714286,0.3766819900301907,0.6889601560644251
90853,-11.610714285714286,0.17948498826969922,0.5184338209081212
90861,132.3089285714286,0.02100414502587568,0.23937255788545253
90864,53.74464285714282,0.4724946509498348,0.7541633479610743
90865,-94.03392857142862,0.13296967114377964,0.46002800428241875
90871,-234.9142857142857,0.03682177406853536,0.2841337358476055
90874,26.873214285714283,0.20358707746981342,0.5411601663018157
90933,-16.492857142857147,0.10102182449488566,0.4142873068553131
90952,-10.383928571428573,0.22776211790465678,0.5660228659890875
90956,30.310714285714297,0.047371039151889414,0.3098470997892742
90957,-1.3508928571428598,0.8244819942950069,0.93483590798075
90987,-5.1982142857143,0.6560296136764566,0.8583797412543639
90990,-7.999107142857142,0.6151997547260668,0.837050731376859
90993,33.202678571428564,0.1454673321517243,0.4759439098150232
91010,26.283035714285724,0.05103006304239714,0.3198153022516121
91012,126.23214285714295,0.015229687689775296,0.21953155139426953
91039,13.692857142857122,0.5277606621946075,0.7877867590562465
91050,-12.277678571428567,0.13600512965237418,0.4642252044023014
91056,2.141964285714284,0.7591940022736922,0.9063085605745441
91057,17.098214285714292,0.19689290260257208,0.5352323066254338
91074,-4.206250000000002,0.07351231691522976,0.3682184359712268
91107,57.273214285714275,0.0426454274073982,0.2988951158454558
91120,0.9741071428571502,0.9324349520493338,0.97614032977765
91133,3.2767857142857117,0.6457638502427164,0.8529948743346937
91137,-146.64375,0.11099446070558201,0.4305514110732669
91147,-10.368749999999999,0.5083929119068209,0.7761506206499741
91149,2.5687500000000014,0.6036642348912865,0.8312217919638727
91151,-13.77767857142858,0.14280941198319064,0.472502547666018
91156,-39.83839285714286,0.0116504270386422,0.2066643213509123
91179,-14.11517857142857,0.016633475275590698,0.22475972927854593
91181,-7.031250000000002,0.18046735851304052,0.5196496864882505
91227,-10.353571428571428,0.2412136222939315,0.5778790114328589
91252,42.033928571428575,0.005516517988595471,0.17479173462291828
91272,-103.43571428571431,0.04851396348476399,0.3134602875832512
91283,51.263392857142875,0.22346818029235385,0.562192185040466
91289,47.65267857142854,0.06929479781248883,0.3607333865492541
91298,-19.89375000000001,0.6749867236948185,0.8674932800059754
91300,81.19999999999999,0.33023450095789897,0.6537426382454261
91304,34.82232142857143,0.005832596456561685,0.17778091896531587
91316,984.1339285714286,0.014120286161765798,0.2155857616657225
91319,219.82142857142856,0.17292115633581473,0.5101696645079145
91351,169.53125000000003,0.04666914512448082,0.3080420674476154
91353,3175.861607142857,0.07240282489266853,0.36599708311821855
91355,5.9062499999999964,0.4982561649682791,0.7693568250908148
91368,-19.11785714285714,0.02504871653572288,0.2504621285450221
91369,-163.10089285714287,0.026990375315170054,0.25639246494633033
91370,-9.629464285714288,0.12836354612261947,0.4543198775646807
91373,-1.9633928571428605,0.6711989596671222,0.8657184033923072
91392,-33.06785714285715,0.06433439766972088,0.3513829241320647
91404,64.93214285714282,0.5565958496935572,0.8049549284880548
91408,51.21874999999997,0.13729446236684084,0.4657368999538674
91409,-6.1848214285714285,0.25434490388640313,0.5914557511053543
91419,-50.514285714285705,0.03693787523936399,0.28437872846766626
91433,11.90892857142859,0.5061250542599962,0.7747196012030956
91442,-9.642857142857146,0.5018552574275781,0.7719058204589088
91445,30.654464285714297,0.14470341586716537,0.47477551983540967
91450,7.207142857142859,0.30413557887173864,0.6335433678063135
91452,-224.79821428571415,0.025378256779246718,0.25187079132425383
91461,-78.68482142857141,0.005089757955775755,0.17125077921971654
91464,0.617857142857142,0.8372836452333628,0.941014703649361
91522,-19.75803571428571,0.001556112513030132,0.12969581044195497
91523,29.576785714285712,0.07599485873849476,0.372638639592663
91526,228.46339285714288,0.08014308971155659,0.379773221527072
91543,9.941964285714292,0.8185664873671101,0.9323830620054886
91544,6.8124999999999964,0.3669083629411882,0.6807857855841947
91548,-52.3875,0.09313874174344718,0.402206053047282
91574,-17.04017857142857,0.028433396489725635,0.2601398850528362
91582,1.918750000000017,0.9482088661993927,0.9820856572288127
91584,-8.367857142857146,0.1724638437178662,0.509757829364026
91603,17.527678571428567,0.44747811401701093,0.7381465042655023
91607,68.54732142857145,0.03604817048538872,0.282760830294693
91608,-5.878571428571437,0.3450270151176574,0.664261137770975
91612,-51.76607142857142,0.029344403911114557,0.26292045672093695
91614,-2.16339285714286,0.8080059721854056,0.928023260887427
91624,-1955.9758928571428,0.006189476523705424,0.17952850950194416
91646,0.7749999999999999,0.6779599125739688,0.8686730993265424
91647,-11.298214285714288,0.19594118001344502,0.5346383879246984
91653,-26.396428571428572,0.5977727478323176,0.8284721162923185
91661,36.553571428571416,0.06416488053494088,0.3511023662177635
91662,4.431250000000006,0.6506968817859814,0.8554389865504949
91663,20.557142857142935,0.9801529558220528,0.9933220272769352
91683,-7.546428571428571,0.07100203194549538,0.3635649765582091
91687,23.281249999999993,0.09228770115346371,0.40058987460825884
91689,-101.91696428571436,0.6881415799217802,0.8739721787373013
91694,-216.86339285714286,0.0043667561808770254,0.16595406639301308
91695,-6.0866071428571455,0.2300171517703985,0.5678774761653801
91703,-3.814285714285715,0.4529017738202426,0.7413021155837398
91734,-320.1348214285714,0.04423354889030218,0.30283952122126623
91746,-117.41874999999993,0.24350691172396624,0.5807773686314716
91748,-37.01071428571433,0.1472595126146992,0.4777237263968793
91749,-14.51696428571428,0.42872091455861233,0.7251541873348655
91750,28.152678571428567,0.2756428533565964,0.6103487188795957
91752,6.936607142857138,0.33832817561762096,0.6597433906925745
91754,-77.77499999999998,0.697186663444617,0.8781868590998324
91768,-33.98660714285715,0.12076475370740278,0.4432378904845718
91775,-32.014285714285734,0.3221412655658916,0.6474680621554654
91782,15.839285714285722,0.21804412333745016,0.5571634415778626
91801,-7.540178571428569,0.4116424512612539,0.714407105425629
91807,-166.44285714285715,0.017562082731545556,0.22872960298886452
91828,-3.869642857142858,0.2952302894361529,0.6268282411034015
91833,22.298214285714295,0.1109115785244137,0.4303520371742473
91851,-545.5982142857143,0.07544119507009113,0.3721654604564413
91860,13.005357142857136,0.40370892053195706,0.7086815562228046
91862,-6.285714285714288,0.4914899475394103,0.7651759128026783
91869,17.480357142857137,0.06325078058645157,0.34917572986310985
91875,-11.017857142857146,0.1307695105474951,0.45779496712501355
91893,2.3937500000000007,0.6721056581698931,0.866181504327524
91937,40.58571428571426,0.6236782206094412,0.8421107352351457
91942,-10.40892857142856,0.7345259498459912,0.8956335037428538
91947,129.1669642857143,0.08907664878443468,0.39547858670887726
91948,4.1625000000000005,0.2443450944929662,0.5816853764707156
91949,-5.508928571428566,0.5211716405487458,0.7837276704667274
91966,63.52946428571428,0.36684808898648497,0.6807829048336127
91975,-16.703571428571436,0.12066887865656634,0.443057614703362
91977,-364.4625,0.02036939958165368,0.238009362137482
91978,9.22142857142857,0.33150984102238196,0.6546502169934891
92002,0.45892857142857224,0.9789779986819641,0.9928841693542712
92014,-15.33660714285714,0.032736751779830514,0.274059394206436
92017,21.104464285714272,0.38254842511359033,0.6933255858301457
92070,-32.021428571428565,0.024999121221645826,0.2504621285450221
92086,3.6883928571428655,0.6869303005031905,0.8732240591027771
92092,142.4571428571429,0.0461544628774808,0.306951738867754
92104,-3.381249999999998,0.5339413432344242,0.7913163542595182
92105,-35.31607142857142,0.2317057794535647,0.5693563524236335
92106,16.17321428571428,0.30810276778791507,0.6369832889607294
92126,88.85178571428574,0.2053503955192668,0.5426025939984492
92129,-6.167857142857146,0.10635405051753136,0.4236755685045831
92140,323.37410714285727,0.09148070998987139,0.3991785968632257
92154,7.230357142857142,0.10700547467941611,0.4243502217687326
92162,-33.24464285714285,0.001534753650909137,0.1290963936360878
92170,-8.943749999999994,0.6280097958199501,0.8439166216839721
92181,100.15089285714294,0.6346963715287127,0.8476810379109134
92196,-1.3991071428571402,0.8517447571304436,0.9459121018058784
92211,-0.47857142857142954,0.8690992368979354,0.9522836284774168
92235,-471.56517857142865,0.010872743598239433,0.20239076824216223
92241,-40.56875000000005,0.4468791237506554,0.7377371324939487
92249,-6.739285714285714,0.30091032162217485,0.6307647475962582
92255,-63.77053571428576,0.5151885414879712,0.7804156125526216
92259,-89.76607142857142,0.10134303194180835,0.4149577077374651
92270,-6.194642857142856,0.3084753078145607,0.63731479697039
92283,0.733928571428569,0.8796472806249516,0.9559404914187842
92285,7.990178571428572,0.4853188018080797,0.7615860057478377
92291,-15.059821428571428,0.008221175561087863,0.1897704920352109
92292,-3.0366071428571413,0.5128682017263586,0.7789943657427938
92293,-100.50089285714284,0.08444362066879897,0.38749877920255654
92304,-1.6187499999999986,0.8230169200191336,0.9342017029044928
92305,28.36607142857143,0.00637903089122315,0.18052459315612096
92312,7.473214285714285,0.23917000313503425,0.5759440382412644
92335,11.242857142857133,0.5979917862738632,0.8285714003436229
92340,0.046428571428577925,0.9959023550690692,0.9986728469997056
92342,-1.484821428571422,0.9370649975004015,0.9778614253578067
92344,80.92946428571426,0.10838482422815689,0.42660579740926685
92345,1.3473214285714405,0.8208467119958456,0.93340114758897
92346,-12.672321428571426,0.06843608335260588,0.3590924047316436
92359,-6.331250000000004,0.4089766251739505,0.7124212734374306
92369,7.44107142857143,0.31051181907844927,0.6390106032864429
92370,679.2071428571427,0.020878629777699387,0.23901065822335496
92399,5.110714285714295,0.6514221369855305,0.8557956975271248
92400,-80.71160714285713,0.07994084726719419,0.37938331579288886
92421,-9.424107142857146,0.4102149158920992,0.713465470365203
92482,108.28928571428571,0.05143249939938978,0.32043494193397615
92483,0.5741071428571445,0.8877804445792182,0.9590870540875076
92521,-15.49107142857143,0.2574451554275143,0.5941764645980742
92552,-2.9053571428571434,0.6051305282043333,0.8316897994546485
92558,14.575892857142858,0.1083486577788326,0.42660579740926685
92565,-4.541071428571431,0.5287935228907517,0.7883750719603494
92579,48.58660714285716,0.13819804942482863,0.46696856243059065
92591,-15.53660714285714,0.04192918422809936,0.2975529404363619
92595,41.28125,0.01547147263164961,0.21982920117864926
92597,-44.21874999999994,0.5692094601179147,0.8117002551131293
92609,-6.04196428571429,0.2598201095112846,0.5964204429577301
92610,155.37857142857143,0.111779901719516,0.4316379967483734
92659,3.9241071428571406,0.46057426586568556,0.7464620716231319
92667,29.301785714285728,0.3443140679477504,0.6636831188099154
92675,92.69464285714287,0.2926346255223101,0.624992115251262
92689,367.3008928571428,0.3373541604304625,0.6591063055378172
92691,2.8035714285714306,0.5753977105470951,0.8149803073457962
92714,6.514285714285705,0.334441951419317,0.657000050761903
92715,-10.125892857142851,0.2808746459735312,0.6149908317973874
92736,-13.485714285714284,0.0023130629019499052,0.14558381924032737
92737,59.66071428571428,0.5562343259873719,0.8048256191798159
92745,-0.8517857142857181,0.9336980496525035,0.976621152141694
92747,0.5660714285714286,0.7506563286539852,0.9024216088205067
92749,2.4785714285714286,0.4574793765069542,0.7444916186123083
92797,6.666964285714284,0.16403693128805472,0.4988996616885126
92799,28.449107142857137,0.00991995694177568,0.1979263415238281
92806,13.342857142857142,0.21991911976805065,0.5587137155949152
92815,-29.17321428571428,0.13595453911160776,0.4641470137950143
92822,-9.601785714285713,0.08294990139157282,0.3844439992018517
92840,2.356250000000003,0.7307613367028107,0.894130216622983
92856,27.223214285714278,0.49054036530290746,0.7646254462179211
92906,74.76607142857145,0.054432349651398655,0.327690895968974
92912,444.34107142857135,0.0051887815490403435,0.17182093284629854
92922,1.5383928571428562,0.69013217894961,0.8748837284618045
92935,1.09017857142857,0.8160465970093145,0.9312081323377022
92949,-27.783035714285717,0.565844185744816,0.8103204598303375
92960,10.411607142857141,0.14140729454181158,0.4706546435182047
92973,0.6383928571428577,0.9082890042232478,0.9668557936045543
92979,14.451785714285716,0.059702244063013984,0.3420073613205415
92999,-70.08392857142857,0.015174878298072129,0.2190302193630131
93010,37.20000000000001,0.09842612434713843,0.4103769189411107
93035,9.784821428571426,0.47231065960470303,0.7540927366801451
93058,-270.7991071428572,0.031163349730111298,0.26886198072317047
93081,1.1526785714285666,0.8964204432464399,0.9622287833947766
93082,-8.466071428571428,0.1196324312506885,0.44202582249419686
93099,9.600892857142858,0.09672495565710229,0.40767638791141503
93100,29.511607142857148,0.0853186035386872,0.3889928094753817
93107,-3.669642857142856,0.400936558740598,0.7064747929079956
93109,-14.054464285714289,0.15638839838284813,0.48879755797074376
93129,129.41517857142858,0.06581681763367242,0.3544811272483247
93134,8.620535714285708,0.7433176769360014,0.8992130094318969
93145,-4.020535714285712,0.29059079625949746,0.6235443004295333
93164,4.61964285714285,0.691798922709543,0.8759229794623746
93166,-7.414285714285715,0.061696637639131115,0.3458338797333908
93183,23.58749999999999,0.13854477504698107,0.4673659364446294
93185,5.981249999999999,0.28804387533686876,0.621416588728171
93190,-3.801785714285714,0.2733584597994881,0.60809967407995
93210,9.328571428571422,0.602166270220594,0.8304492438917771
93233,-2.8321428571428573,0.11900171762998817,0.4412627271223874
93273,-10.523214285714289,0.005777063802919659,0.17740899948735755
93323,15.24107142857143,0.11035455094166219,0.4295930988063638
93343,29.190178571428575,0.011712999975325426,0.20678342707488462
93349,45.724999999999994,0.2764861163781801,0.6110545459791017
93377,-10.806249999999999,0.09284996594510937,0.4016972729013791
93380,166.50803571428594,0.05646804068022911,0.3342664896556326
93408,-28.596428571428575,0.25602391471900876,0.5932026330980246
93426,-2.4598214285714297,0.16975717471647733,0.506492416241386
93429,0.3767857142857145,0.6933085613829838,0.8767659810986507
93432,1.2276785714285712,0.7930872860066132,0.9221062703330478
93436,-10.476785714285718,0.22310167455454866,0.5615802244956469
93444,-5.334821428571427,0.5100926417202704,0.7772652260811878
93463,-3.457142857142858,0.2363979861209359,0.5734022399699291
93474,-7.157142857142851,0.42214356297405053,0.7210139882796925
93487,911.9696428571428,0.10180697612739363,0.41561236614389957
93517,3.6821428571428587,0.30495319162311374,0.6342075219472706
93550,1.2553571428571448,0.8037607329370584,0.9262629220414313
93556,2.92142857142857,0.5789837582032111,0.8167292180951358
93587,13.60357142857142,0.24784758064963192,0.5854098182140411
93589,7.236607142857146,0.35446863271219764,0.6714444461453508
93594,19.50446428571427,0.041882761046894104,0.2975529404363619
93611,-18.382142857142853,0.0467455107043591,0.3080420674476154
93621,-1009.9366071428558,0.18079527273968152,0.5200979447038876
93622,4.083928571428601,0.8417005168910214,0.9423452086707383
93624,-98.45982142857144,0.16382683342836923,0.49862911773000573
93627,15.391071428571422,0.7115242240041227,0.8853336917618291
93643,79.46964285714284,0.1698842081581783,0.5067055305792592
93649,-49.674107142857146,0.000947459626544522,0.11859210302321158
93650,-21.695535714285718,0.18670995897026724,0.5256827515556448
93653,-2.3410714285714285,0.6771908371624653,0.868472714741242
93654,-6.485714285714284,0.21467407367781807,0.5537613244055996
93661,-2.475892857142857,0.469496591226763,0.7519792874917999
93663,432.4749999999999,0.17631924822703737,0.5147234180582663
93664,35.96428571428572,0.7420962828991727,0.8987077554228111
93668,-3.585714285714282,0.5244050494646852,0.7857237696824331
93953,-3.49285714285714,0.7865975800557031,0.9191786462596535
93973,8.932142857142864,0.4268970064599652,0.7240882791134059
93974,-296.5455357142856,0.12590283818183481,0.45162735282722055
93979,4.5892857142857135,0.2291694545726909,0.5673112807161389
93986,-120.43125,0.006308505466272703,0.18001959100650314
94005,0.07767857142859214,0.9972371562655795,0.9990314564950885
94015,-77.10357142857143,0.00024410833306199982,0.08348620717944168
94025,0.284821428571429,0.7968582354199287,0.9238146591413032
94026,-1.1651785714285694,0.869141290844504,0.9523096461543844
94027,-11.726785714285715,0.03901750298492451,0.29051913055981854
94030,1.8330357142857139,0.31057967326619723,0.6390645070638475
94031,-17.237499999999997,0.3486691811126159,0.6673254971586893
94032,-7.143749999999997,0.36114871134502147,0.6767716132608944
94039,42.592857142857135,0.04394572392856008,0.3019625909008746
94056,-39.61250000000001,0.19832423389026224,0.5367011492514185
94059,-0.00803571428571459,0.9983832799463149,0.9994736588287636
94081,56.897321428571416,0.010246623037178687,0.1988875360240836
94086,0.375,0.9144628559904634,0.9697032402645906
94097,6.039285714285713,0.09120622996823764,0.3987353793861496
94101,90.35089285714287,0.11878885915691578,0.44094903946475433
94103,54.510714285714286,0.1624008868824718,0.49646455075757034
94104,-21.88303571428571,0.7529580898635309,0.9032277431762787
94107,-4.11964285714285,0.8979647565471511,0.9629353756759795
94120,22.265178571428578,0.10154356414208121,0.41518753801756875
94121,58.99642857142854,0.4845005280591318,0.7610775835095395
94122,-3.0839285714285714,0.24233190406406058,0.579263623254602
94134,-30.92946428571429,0.32403076945164483,0.6490897098984985
94137,-0.08750000000000036,0.9537273455484235,0.9841896852896896
94160,-4.779464285714286,0.11305421847351145,0.4333763239940706
94163,510.2089285714287,0.3156912869582356,0.6428222827619654
94233,-3.7187500000000004,0.0008621188801946894,0.1180986166525225
94234,-13.563392857142851,0.5126127222614317,0.778823717048586
94235,-5.595535714285713,0.21634109225979115,0.5552600896168078
94239,-623.9223214285716,0.0027398537269143664,0.15053197737333318
94240,151.98303571428568,0.061243636210181945,0.3451104906612999
94241,985.7348214285713,0.12224816363242497,0.44562426472450395
94274,-16.36696428571429,0.10355995721661396,0.4181787784947096
95681,21.682142857142857,0.1039708058540922,0.4188170492943705
96459,-43.69464285714281,0.19772449506241557,0.5360001372173916
96597,-6.061607142857138,0.3076109834051385,0.6366111706603561
96610,200.05,0.31915883860081884,0.6452689975409448
96764,28.033928571428575,0.12914120547253533,0.45552718018699156
103910,-1463.216071428571,0.05004405875647226,0.31770303029989316
112398,-2.499107142857143,0.2561513495934466,0.5932730549602986
112399,76.625,0.1292828883022432,0.4558286106270207
112464,209.92053571428568,0.039433682053458034,0.29135629273957003
112476,-11.216071428571432,0.26054099689168975,0.5970780181579858
112479,-23.787499999999966,0.4493314713193616,0.7389035490904765
112483,89.70267857142858,0.0646687185219973,0.35189765173296594
112487,20.666964285714272,0.4794166759764597,0.7581479558995987
112495,-185.40178571428578,0.5686846258104515,0.8114555067270672
112574,604.2410714285713,0.0017580319843565595,0.13368622913031278
112609,-266.1410714285715,0.07991107443177636,0.37935496021364623
112611,10.09017857142858,0.46344952282279006,0.7483933681946968
112616,87.56517857142856,0.0888604259331215,0.39522586153276984
112703,0.316071428571429,0.8065143040555356,0.927329421092944
112724,6.92053571428572,0.6465748431259423,0.853315708164987
112744,7.144642857142859,0.05192169308909839,0.3218250277345488
112752,9.463392857142864,0.4855295596950887,0.7617030104886844
112755,-0.2669642857142862,0.8427950550367606,0.9424984817192075
112770,92.44821428571429,0.037927809694138614,0.2878244880605695
112802,-2.2401785714285714,0.3287695991783698,0.6528465836811712
112812,-6.186607142857142,0.3277843994422817,0.6521636695489108
112817,-4.251785714285724,0.6248987132042098,0.8426750097524696
112840,17.23660714285718,0.1762185890281124,0.5147234180582663
112849,-9.404464285714297,0.29387470981673436,0.625880327174741
112858,33.88214285714285,0.005158033555700329,0.17182093284629854
112869,-5.833035714285714,0.6090268087316826,0.8337749414886348
112885,-10.041071428571428,0.013355728153503933,0.21253035310169197
112936,12.448214285714279,0.15671319867736702,0.489113719470547
112937,-3.2241071428571466,0.6734836504996082,0.8667840165497406
112939,-6.358928571428571,0.48247178511400424,0.7599447989856809
112942,2.7383928571428555,0.9013535342984754,0.9640734083447933
112950,48.91517857142857,0.011129506053185979,0.2041475438128554
112970,10.345535714285713,0.08920724022158114,0.3957427147488143
113000,-14.18392857142856,0.11209707440418228,0.4320087081869786
113026,-17.495535714285708,0.2817518488706958,0.6155850991936973
113091,-9.810714285714283,0.2931519760297032,0.6253742189119977
113115,10.37142857142856,0.3786126400481044,0.6901810759614524
113130,17.71875,0.038966497023752523,0.2904118510591439
113146,55.97142857142862,0.5085937290141896,0.7762048471158467
113174,6.595535714285717,0.5271590607446203,0.7872827546083615
113177,-13.48482142857143,0.06408316852085115,0.35090107550100513
113178,-4.453571428571427,0.29612762802360176,0.6272503145923813
113179,-13.369642857142853,0.20420700864325755,0.5416012775362095
113189,12.367857142857162,0.3168029479368867,0.6437120733005972
113201,254.42500000000018,0.4063524666396698,0.710522278087689
113220,-1.5169642857142858,0.7186172955329618,0.8889312609515997
113235,33.89375000000001,0.0414014237052364,0.2967797357792969
113246,94.70982142857144,0.3018315048621239,0.6314884821020635
113251,-88.47589285714292,0.25573477311847675,0.5929476578708586
113263,123.50357142857138,0.6040359721213354,0.8312835768633619
113277,53.77767857142857,0.07858991246221213,0.3776215360066347
113278,-8.775892857142857,0.36235354187059504,0.67766991283649
113402,714.5937500000001,0.003007977963051128,0.1515798484623921
113419,20.80267857142856,0.031134553551335438,0.26886198072317047
113444,17.31517857142859,0.5826063479281173,0.8187325734517634
113451,11.723214285714278,0.1747887757623614,0.5131213119692033
113452,-0.06875000000000142,0.9922008373825297,0.997363741140018
113457,-46.2419642857143,0.05913640858287538,0.340560684565906
113510,-23.071428571428584,0.0006942458330583788,0.11428329961427276
113540,0.7651785714285717,0.7723368534034618,0.9120414138193148
113612,-61.27053571428576,0.21917081222347687,0.5580619143186898
113622,-46.4044642857143,0.0027322133791638937,0.1504980948474055
113655,-2.5901785714285737,0.6990468257217509,0.8791347946253417
113675,7.925892857142857,0.21809624099953206,0.5571634415778626
113691,0.15535714285714164,0.9795607904738447,0.9930562753078435
113730,7.032142857142855,0.3173238893776982,0.6440965508399747
113746,2.419642857142856,0.5366388385809376,0.7926634956987547
113763,8.407142857142862,0.22137946299974195,0.5600038002919817
113791,31.215178571428538,0.28718213489028027,0.6205875016047169
113802,8.593749999999986,0.5998645294781078,0.829373957496916
113828,1.5419642857142861,0.7124504230027914,0.8856616315767719
113829,-14.128571428571433,0.39665107825537604,0.7034476550558895
113835,4.4785714285714295,0.20652339410931153,0.5442267175982194
114026,-3.916071428571429,0.11364574781825826,0.4340911877856134
114034,1.6553571428571487,0.8747064999625741,0.9544408397971099
114036,-31.933928571428567,0.02459358802111299,0.24887181659343932
114038,-9.919642857142856,0.006249629039460345,0.17955778651208323
114041,-3.8464285714285698,0.23218411867584757,0.5696325541263133
114042,-17.80982142857143,0.005201646558725659,0.17189297802622241
114043,-6.744642857142857,0.13863965318179897,0.46745277190917484
114044,-31.23214285714285,0.04142527393487043,0.2967797357792969
114049,-2.0535714285714732,0.9311871859658727,0.9755064933165505
114088,49.27142857142857,0.0112864184344236,0.2052161383113104
114131,-3.6473214285714306,0.3932770300517301,0.7012033397199308
114132,-12.451785714285718,0.011633783500632204,0.2066643213509123
114134,-12.15625,0.05098915536930945,0.319705512593692
114224,2.533928571428561,0.9196176349799221,0.9717462446856951
114294,27.539285714285825,0.8200033944889864,0.9329288502259431
114299,-6.63392857142858,0.355244552775915,0.6720759834956108
114327,-13.873214285714276,0.0950617724256469,0.40523121698115566
114335,-12.841071428571432,0.33155009860110396,0.6547043027708279
114548,63.55714285714286,0.014334484043175964,0.21702423110789504
114569,-24.49017857142857,0.05314908974453047,0.32433624078093254
114571,-8.750892857142855,0.3436813493638312,0.6633287834110234
114609,-34.44017857142856,0.02686734659919838,0.25605232269673545
114625,-0.8285714285714363,0.9439894095040674,0.98087422726838
114659,-10.28660714285715,0.5607866634273174,0.8074247642056056
114757,-19.96607142857144,0.19504581055759332,0.5341077337524697
114758,1.5848214285714288,0.7105313154368899,0.8851136417737905
114769,125.98660714285717,0.13981022213830435,0.46892884870241097
114770,2.1205357142857135,0.6909983302233828,0.875471595768201
114771,-8.60267857142857,0.06026509718132399,0.34332564515788816
114780,-10.860714285714288,0.44315690600926577,0.7352781694801882
114781,-17.258035714285697,0.4005071441550726,0.7063555403592979
114783,-17.770535714285714,0.005804891444214845,0.1776276300859712
114784,-3.1285714285714263,0.7632192405600521,0.9079617045109957
114785,13.58839285714285,0.4735070983801309,0.7546291731511324
114786,-24.447321428571424,0.0011970157668723805,0.1251373557433029
114787,-1.9491071428571418,0.2737617665189488,0.6086343185039874
114788,-10.658035714285715,0.021450646484766172,0.24020584864565522
114789,-15.762500000000003,0.07664194488470431,0.37412790036263255
114790,11.757142857142858,0.18518226258205375,0.5242358308535995
114791,-15.87142857142858,0.19853758186437748,0.5368467996258576
114792,-4.097321428571426,0.08052487526170173,0.38043720666092695
114793,480.6955357142857,0.031115092641070995,0.26886198072317047
114794,-13.282142857142862,0.04312900202185101,0.30035003911090535
114795,-14.15446428571429,0.06991826776757867,0.3618532427407178
114796,2.456249999999997,0.8480849057495615,0.9447067665354049
114798,2.345535714285714,0.28287988508196205,0.6163654292773393
114799,32.14821428571423,0.332820432130705,0.6556814269397537
114800,-74.33928571428572,0.16486049172018943,0.49976421516973596
114801,100.02410714285719,0.31697151557936826,0.6437987151938022
114803,66.2232142857143,0.3271958657170668,0.6515579724018277
114804,-34.25714285714286,0.006131763827151675,0.17892031291511348
114805,-20.36875,0.023926419373977215,0.24738913364601514
114814,-10.515178571428573,0.13459488467266967,0.4620596850008613
114815,-8.697321428571428,0.23311825519875526,0.5705089567607512
114817,-9.208035714285714,0.01614655196219566,0.22336071946540104
114818,-92.82321428571424,0.1658728954164426,0.5009999202791956
114819,-4.15357142857143,0.376607790611412,0.6889247770245902
114821,-7.608928571428571,0.07342144564036117,0.3680159094597311
114822,-8.076785714285705,0.5507751379347937,0.80142550536223
114823,8.889285714285714,0.16033932820704958,0.4936916384640057
114825,74.23928571428567,0.048857977754560425,0.3145307822595775
114826,-20.06428571428573,0.1766233862586743,0.5149629941549936
114827,-15.820535714285725,0.22687852583879098,0.5655024278553208
114836,19.81160714285712,0.23703181663760642,0.5739211981161654
114876,-1036.5544642857144,0.0015979499611007912,0.13006794080487133
114879,66.7669642857143,0.016301081341450904,0.22401247160629167
114880,-169.8767857142857,0.01883803100595006,0.23358500498898788
114881,-7.09375,0.6639270288084035,0.8619007163885327
114882,579.9357142857143,0.05730466002132892,0.33613692593779193
114883,-147.55714285714294,0.12271928593577147,0.44628437774519186
114884,-7.262499999999996,0.5450336909593294,0.797786444280281
114885,-238.9803571428571,0.04478789997448708,0.304063507268294
114897,-15.350000000000005,0.00022513309373397764,0.08348620717944168
114898,-1.3589285714285708,0.9267719909278966,0.97394158040984
114899,-120.93392857142857,0.1083887123878302,0.42660579740926685
114900,1.6366071428571436,0.5541354708122911,0.8034303067266512
114902,52.63749999999996,0.15763542491298416,0.4905638828116232
114904,6.313392857142857,0.18850560385192927,0.5275923930282438
114905,-409.27232142857133,0.005523451969771641,0.17479173462291828
114907,-1052.1625,0.004621559556764576,0.16877366352077938
114908,322.75892857142844,0.26880011083814853,0.6041786663957152
114915,74.80089285714283,0.15426959989468636,0.4864857754205777
114926,-143.7714285714286,0.046013241857903266,0.30682476894590405
114932,27.775892857142708,0.6797644643256819,0.8695957492403029
114960,-6.78035714285714,0.39912147971227957,0.705299512064282
114971,-26.248214285714255,0.3364077358451711,0.6586132759456701
114984,0.9142857142857146,0.9261837802629675,0.973812078304154
114987,-13.59017857142857,0.04359722994026216,0.3012256115169488
114990,-14.189285714285731,0.3292104281350668,0.6532000347759027
114991,25.035714285714285,0.07284532777268739,0.3670123752277629
115004,17.075,0.0564367424264465,0.3342022993075296
115019,-13.283035714285713,0.10883262824281754,0.4276032955321805
115024,39.59196428571428,0.07584009331814175,0.3724735098980032
115098,-1.7008928571428577,0.6466226291819523,0.853315708164987
115106,21.793749999999974,0.366557087917525,0.6805361043207918
115110,-17.650892857142864,0.035900551522127136,0.2825051629674289
115111,-26.91428571428571,0.08291831911794052,0.38436278912873234
115123,-6.183035714285751,0.7269354769830896,0.8923083203280145
115196,-18.371428571428567,0.057420140078790746,0.33638009769163446
115201,-9.730357142857173,0.7145914539188921,0.8868142374029385
115207,-187.19910714285743,0.759129605285114,0.9063085605745441
115209,-53.52500000000006,0.24816039299771062,0.585576672548179
115265,-602.10625,0.04752849654630344,0.3100979175022841
115273,24.114285714285735,0.145298162791911,0.47584169216218825
115286,-8.694642857142867,0.6270411094073094,0.8436016664579649
115290,4.918749999999999,0.5482292508041445,0.7999155179258274
115294,-492.42142857142835,0.10908889700714693,0.4276593057995638
115330,-14.032142857142865,0.15704502495696482,0.4897898286977875
115350,16.018749999999997,0.20674281568036784,0.5444924589269803
115352,45.53839285714287,0.11766819052510955,0.4399572268719066
115353,2.841071428571439,0.6994932653872183,0.8793726123806341
115361,5.4937499999999915,0.7036125953796909,0.8815917375709742
115362,78.69732142857143,0.02187569154583009,0.24158128810580906
115399,-4.1875,0.4856200414899291,0.7617030104886844
115416,-386.8508928571423,0.20121214077165853,0.5391627416455675
115426,270.6732142857144,0.11830807113613527,0.4405099945606677
115509,4.3553571428571445,0.41543465594210843,0.7173184845613383
115548,270.0366071428572,0.050031233610206484,0.31770303029989316
115557,-1.264285714285716,0.7839808760060143,0.9182090839448973
115560,-20.246428571428574,0.016240844220151606,0.22369163951153315
115572,-0.4794642857142861,0.9596896283422824,0.985930859673874
115584,0.10892857142857171,0.9694606529820124,0.9892416889713481
115650,-8.702678571428573,0.010381899705174917,0.19919918727710903
115653,-2.2562500000000005,0.1259081646245502,0.45162735282722055
115677,-48.63660714285713,0.0036148480860300493,0.15872872242298958
115701,-255.1419642857143,0.03201835553638762,0.2716605736092053
115703,-9.179464285714289,0.1505644362785336,0.48211482011881845
115704,-15.332142857142859,0.03175147580232887,0.2706176055327094
115708,-36.21160714285715,0.026453309125924914,0.25499553534202124
115727,5.700892857142858,0.23665007753628664,0.5735811237386502
115749,1.8392857142857135,0.6957900456621302,0.8778043519719001
115752,-68.34821428571429,0.0006245573989621287,0.11215262327362541
115761,10.757142857142856,0.06923114592798285,0.36058602716157534
115795,-19.777678571428574,0.009590796831069998,0.19669047889675625
115811,-6.598214285714292,0.4636059959031575,0.7484458952379528
115817,42.90892857142856,0.024364025139218513,0.2478513825108395
115825,28.675892857142856,0.06801365372542359,0.35825408781249346
115827,-7.661607142857143,0.35535538297459884,0.6721461137527224
115861,-25.564285714285717,0.08721533254599248,0.391894664445241
115908,1694.6910714285716,0.07039482730380626,0.362404876637167
115939,18.719642857142844,0.5425924525744632,0.7962675772765625
115948,-10.362499999999997,0.4504325823595994,0.7396595887651436
115950,-0.7892857142857155,0.8104318387731592,0.9290357644390916
115992,10.292857142857144,0.28152550026516426,0.6154993093009379
116028,16.988392857142852,0.1499026492850995,0.4810144196528982
116039,119.81607142857143,0.24578314549359748,0.5832958310058975
116064,-2.794642857142833,0.9606005178160993,0.9862738826718166
116068,104.39285714285711,0.08548320065042306,0.3892233507296703
116071,-8.446428571428573,0.32301927211835463,0.6482639925642424
116085,-5.181250000000002,0.07721226022809019,0.3751182093451956
116092,19.67589285714284,0.29696838793570146,0.6279645008313592
116093,-8.955357142857146,0.030796316183607682,0.26790590092899763
116113,7.657142857142851,0.3650314467747389,0.6796551214630094
116115,8.308035714285715,0.14843508376039757,0.4793762901401564
116123,0.3169642857142856,0.8476280142431725,0.944409473401236
116135,-78.60535714285713,0.04267801734392503,0.2989024157452459
116138,-67.12232142857144,0.008680142442223702,0.1916725455541452
116143,-1.424107142857153,0.9227551528464358,0.972861759422258
116150,75.77678571428574,0.0777653692022545,0.37597497711301947
116151,-198.80535714285736,0.16371866390602388,0.49862911773000573
116154,-6.408035714285713,0.2759932801077777,0.6106330315735713
116159,-114.94732142857146,0.33537777047568706,0.657798091575484
116173,-11.82767857142857,0.17736445745004836,0.5160798017794819
116179,0.01607142857142918,0.9943074719907261,0.9981595371455081
116224,-24.904464285714283,0.29002544320511303,0.6230214170689751
116225,9.791071428571428,0.33710885103100896,0.6589241538009587
116228,-191.67589285714268,0.08848996451523049,0.39472862934406683
116236,15.676785714285714,0.03395477399190063,0.27742424891936757
116238,3.154464285714287,0.675690705307916,0.8678064718402271
116254,146.96607142857144,0.005058624632979459,0.17125077921971654
116255,-14.828571428571427,0.03981402262196282,0.29283324851622966
116285,-1.3419642857142855,0.2514869207494116,0.5889688182431465
116328,0.5991071428571422,0.8324403657729703,0.9384263298688073
116337,-2.1901785714285698,0.5323658481318676,0.7904383756954666
116349,-6.729464285714286,0.10231115810910082,0.41642866068687207
116362,-45.55267857142856,0.009502980971076323,0.1962861080683594
116369,-3.439285714285713,0.31667976652520313,0.6437083141782096
116372,2.265178571428571,0.5787636878117303,0.8167013360412434
116379,0.09999999999999964,0.9730533877312978,0.99037096884096
116412,2.8973214285714297,0.46770231947401864,0.7509933646672707
116441,-83.89821428571429,0.057958029405708156,0.33804728587124955
116442,26.235714285714288,0.22013339436506998,0.5588685613349834
116443,-3.7196428571428566,0.055981984020936446,0.3325645744833373
116444,0.5205357142857157,0.8130361538034846,0.9300439758164599
116447,15.59910714285714,0.037987309747506394,0.2878732866961136
116448,-6.417857142857143,0.09652942089686355,0.4073823739822229
116449,7.69375,0.34318541716526113,0.6631194807838569
116461,-39.62142857142857,0.0028961823389052704,0.1515798484623921
116496,-167.41785714285675,0.3916195597670547,0.6996862763957818
116511,-7.404464285714287,0.006416251325793507,0.18069057216695386
116519,4.159821428571428,0.523075829107565,0.7849152200147139
116535,58.08214285714283,0.3713630778454558,0.68500645326407
116540,-70.84374999999994,0.46907260580259963,0.7516792614747541
116541,14.916071428571428,0.6402545983590521,0.8501741388046429
116729,-67.67500000000003,0.01480056260293071,0.21764947829888018
116828,-0.8857142857142861,0.8841835278912383,0.9575283615079814
116832,19.900000000000002,0.004284797383236515,0.1656601559416456
116835,-18.54464285714286,0.33576358963812464,0.6580590838966364
116840,4.313392857142857,0.4987050993786525,0.7696154805401907
116841,19.818749999999994,0.3372180837527624,0.6590434204025696
116842,-23.244642857142836,0.13228679011762046,0.4591242641471498
116843,72.65714285714287,0.2947986327368494,0.626686191517707
116844,-0.9249999999999972,0.9379703714366493,0.9782452704543492
116931,-18.34732142857143,0.03380709129441917,0.276789864708351
116933,1.9169642857142861,0.6639606621304421,0.8619007163885327
116938,1459.5669642857138,0.0476901596058866,0.31059317597048897
116966,-6.177678571428572,0.07598659184978807,0.372638639592663
116969,2.317857142857145,0.5384606348251086,0.7936052143789085
116983,17.483035714285712,0.21080690065901253,0.5488769604996195
116984,288.83660714285713,0.03042485444488367,0.26655997229953204
116985,33.97142857142856,0.05114707294654256,0.3198970855656597
116986,-8.406250000000004,0.33675302902090887,0.6587074722337485
116987,-48.00714285714287,0.19128691856432287,0.5300061963464426
116988,62.91607142857143,0.021645931913828995,0.2413318367431893
117143,-29.814285714285703,0.09564720948518617,0.40611254007940933
117144,-3.3464285714285715,0.36102816730508747,0.6766261628014143
117145,-25.919642857142833,0.11422721219552465,0.43506602764126157
117153,-6.738392857142858,0.017001785459012837,0.22665323021742162
117154,-6.024107142857142,0.13637801436597544,0.46451071818287465
117156,-0.5741071428571427,0.8374502218467801,0.9410665066174638
117157,-24.86428571428571,0.07159494292627645,0.3647388796146391
117159,4.614285714285712,0.4004085511333594,0.7062500010715667
117166,-1.116071428571427,0.7917899812794428,0.9215189498585196
117177,-17.883035714285725,0.062805883906578,0.3482421356010271
117178,35.34553571428573,0.04112828318639945,0.29626728244636064
117194,0.4008928571428574,0.851117120865276,0.9456555540723279
117195,-1.005357142857143,0.5683252604622158,0.8112043758196489
117196,-9.221428571428568,0.11342465117809063,0.43389054110621045
117245,-30.93928571428571,0.00924288868262048,0.19492717908956222
117246,18.900000000000006,0.3523619619903807,0.669986165753214
117247,85.59107142857144,0.30069479403237526,0.6307011878513108
117248,346.0785714285715,0.10559753637605458,0.4218577598539226
117283,-140.19464285714287,0.00026351184366335404,0.08348620717944168
117285,-1.1848214285714294,0.5624248379486749,0.8081411267731151
117286,2.989285714285712,0.5808655227822825,0.8176202265046802
117289,206.33124999999998,0.06919292592745187,0.36055369653223573
117531,-7.508035714285715,0.261317789554208,0.5977944638352031
117532,0.27857142857142847,0.9353224790310878,0.9772938115566643
117579,0.02321428571428541,0.9717166006507024,0.99006381304319
117581,7.837500000000006,0.5510164297554573,0.8015997354714852
117583,-105.62142857142858,0.00023285598401052366,0.08348620717944168
117584,-13.718749999999993,0.1343013713620101,0.46141490936609103
117608,-5.2383928571428555,0.7702329549411361,0.9113293415402147
117852,-12.840178571428574,0.07131300843582579,0.36424783277969575
117854,-10.21517857142858,0.7375746422278167,0.8969704300319375
118421,-2.6776785714285714,0.4812702904956211,0.7592752115952306
118424,30.212500000000006,0.1866745323918636,0.5256827515556448
118425,-16.29196428571428,0.0028381978307174963,0.1514456901580904
118426,4.211607142857147,0.5663965440214693,0.8105874282628821
118427,-211.7473214285714,0.008278293726905523,0.1899352536796305
118429,78.19107142857149,0.4835101219432859,0.7604175440025646
118430,-3.34375,0.48013987778293743,0.758592573862738
118433,29.97410714285715,0.10968461869116176,0.42899582411714204
118442,-4.0053571428571395,0.39021341121388853,0.6985893339266325
118460,28.674107142857167,0.5481664120832074,0.7998878694560667
118461,-140.4473214285714,0.022299324292700377,0.2426291168780445
118471,-22.526785714285715,0.00029381079509965466,0.08777145958712498
118472,6.310714285714269,0.6985848561981927,0.8788523022866989
118487,17.825000000000045,0.685011627091855,0.8723595069351588
118490,-315.52232142857144,0.0206378344026415,0.23824258812783244
118491,-15.138392857142868,0.131938592268175,0.4586622123674078
118611,-5.3535714285714295,0.18646289504988542,0.5254269333016794
118663,-0.858035714285714,0.0885829782540262,0.394997003530395
118670,0.1794642857142863,0.8753964369351406,0.9547936439461348
118672,-2.7026785714285726,0.4892676439455248,0.7636837264283082
118738,-1.0428571428571423,0.2595899667977151,0.5962978503766522
118788,500.82946428571415,0.003662009191786477,0.1594111087268516
118812,-28.131250000000005,0.0017926793859929975,0.13524821008424665
118813,9.274999999999999,0.46756200606648723,0.7509753732759081
118856,-3.6758928571428555,0.2879612883627358,0.621330503468504
118881,14.576785714285705,0.06603645899160938,0.35480024656052594
118924,-98.01428571428568,0.12807779214154683,0.45397577531911626
118932,-14.352678571428577,0.49367274626055724,0.7663985982116442
118980,18.917857142857137,0.20300630368400932,0.5407416834247138
118987,-24.9785714285714,0.6591436505401402,0.8595987857670165
119016,-20.541071428571428,0.2079509913510263,0.5457753808714617
119032,-128.8473214285715,0.13202759008954018,0.4586622123674078
119180,3.33660714285714,0.6112821895260234,0.8348691016476603
119369,-3.5669642857142865,0.5096408818372516,0.7768412857533813
119385,-2.716964285714287,0.6186338473648054,0.838993556111427
119391,-17.23035714285714,0.035349504313095234,0.2812067726347275
119392,82.96607142857144,0.07203083979734387,0.3653364064731387
119395,3.6955357142857146,0.40690237378507393,0.7110769052320496
119467,0.5973214285714281,0.8626298553419353,0.949763187077467
119504,-449.0392857142858,0.24540815149222323,0.5828963327180722
119548,-8.005357142857145,0.023764236437334614,0.24696081833526426
119559,-46.50267857142853,0.4607670872851108,0.7466196579133849
119587,-7.596428571428579,0.29333567663116095,0.6254388378820234
119710,-36.375,0.02507322220742893,0.2504621285450221
120065,-7.004464285714285,0.22767501377873808,0.5659013219235579
120066,-3.609821428571429,0.3178415026310878,0.6442494311690785
120071,-11.219642857142858,0.28174365484735103,0.6155850991936973
120103,45.91071428571429,0.07974376437839004,0.37926354028957737
120114,-18.041964285714286,0.6949866605707752,0.8775003040599296
120224,-15.840178571428574,0.027449442533600415,0.25715973243274204
120227,31.936607142857156,0.29269022360673486,0.6250132001131943
120376,-16.893750000000004,0.0858399405723673,0.38991352834371096
120379,-6.511607142857141,0.14797800087240323,0.47905128768421146
120400,-10.191964285714292,0.16636647240033123,0.5018964788052003
120425,63.733035714285705,0.057116616424706744,0.3359254526813448
120526,-100.41517857142867,0.21470435268928656,0.5537613244055996
120534,-41.72946428571427,0.10304909008107833,0.4173488148283673
120863,-3.0857142857142854,0.803384489876718,0.9260901601285958
120892,20.10535714285713,0.4866449670429861,0.7624281283373435
120935,-6.685714285714285,0.09461817305373968,0.404512241049789
120939,48.02410714285714,0.07583708292686447,0.3724735098980032
121006,-15.685714285714287,0.1101061714897288,0.42916596874296553
121053,10.147321428571427,0.2802291345667986,0.6143355225517126
121214,-0.8482142857142865,0.714255840974015,0.8867232259380081
121227,16.464285714285708,0.4476420969249336,0.7382632228816082
121256,-5.955357142857141,0.1592953494687464,0.49215289595008704
121260,122.42767857142857,0.03379145229654678,0.276789864708351
121268,-3.015178571428571,0.3527563671970846,0.6701512986970326
121273,-3.224999999999998,0.7335562792078728,0.8950535057987609
121274,-9.678571428571445,0.6575257649822042,0.8591898379714644
121278,-2.4785714285714278,0.3943721596118066,0.7017729917499542
121340,-2.899107142857142,0.3634541456607658,0.6784294061737298
121355,25.839285714285705,0.10969111332707171,0.42899582411714204
121391,-5.807142857142857,0.2566906894152807,0.5937791269157419
121441,-98.61964285714282,0.25848102956553615,0.5953011917226491
121457,88.03035714285714,0.026065101055941703,0.2538491984741027
121506,-2.5348214285714334,0.608053920631218,0.8331139849914941
121512,-166.5758928571429,0.027735678543881235,0.25762201448496186
121536,33.116071428571445,0.4451631321755105,0.7366168588976465
121551,77.40446428571428,0.028786065387301215,0.2612679490455999
121599,-4.993750000000002,0.4669579834785796,0.7505163709952815
121601,-10.045535714285712,0.07177467980029582,0.36498688020788056
121642,11.073214285714279,0.2481472235743473,0.585576672548179
121643,10.345535714285713,0.15124006145405786,0.48262782790070824
121665,-17.968750000000057,0.7548754897779668,0.9042052932792247
121793,-1.1205357142857144,0.48829298868504434,0.7633068148546089
121838,0.1714285714285717,0.9503394464339507,0.9829149325551291
121952,-27.756249999999987,0.013007928884048689,0.21137711545547824
122042,-7.958035714285714,0.031605428495037335,0.2701791074411704
122046,-4.232142857142856,0.42983026813526587,0.7257646888426197
122060,-11.8125,0.1403909296355467,0.4698174874825738
122258,-1.9089285714285715,0.016670808785291084,0.22475972927854593
122402,25.916964285714283,0.1740705019654733,0.5121283582096916
122416,-157.22946428571433,0.054148255587299576,0.3269526089713533
122481,10.434821428571428,0.12132212116568195,0.44420323945179535
122509,45.29285714285717,0.12980442744794352,0.4562556779631187
122525,-54.03660714285718,0.25269316451624596,0.5900742619768407
122553,-14.708035714285813,0.6615706659805669,0.8608945097717876
122616,2.241071428571429,0.7212169753219054,0.8900647388602392
122618,-6.664285714285715,0.25856907839762566,0.5953803112289198
122622,-1150.5080357142858,0.03432241096851125,0.27870723341453213
122651,-3.291964285714286,0.10538283044644363,0.421527192083066
122664,-11.375892857142858,0.05317512688358992,0.32433624078093254
122704,37.869642857142864,0.08861098202651223,0.394997003530395
122769,42.85357142857143,0.02160605668627733,0.24093639594579092
122773,-46.741071428571416,0.3482241081256205,0.6669159749229325
122786,408.7017857142856,0.041921922008035344,0.2975529404363619
122809,48.914285714285654,0.20031247040189964,0.5385299857021125
122830,-260.90535714285716,0.02249378621370989,0.24283920664692815
122876,-9.875892857142858,0.11746284248035808,0.43979993031693293
122945,-2.5794642857142875,0.5140881341784569,0.7798398783732523
122953,37.892857142857146,0.05441625725693507,0.3276884662710183
122961,-10.706249999999983,0.7991199047643912,0.924558918107224
122970,-2.548214285714284,0.7258448755922,0.8920532904792494
123016,35.52142857142859,0.053206681301231226,0.3243796729950463
123036,4.813392857142858,0.7766266567237906,0.9144982066249339
123041,-15.894642857142857,0.07888895808342183,0.378090268514296
123096,-9.29910714285715,0.197973033729099,0.5362669798570913
123099,-0.9812499999999993,0.7740289670068212,0.9129179162603925
123169,5.57410714285713,0.7567999388254686,0.9052497585099128
123207,9.022321428571445,0.5323957443568753,0.7904466097164756
123228,-27.744642857142857,0.009152101721290063,0.19492717908956222
123263,6.243749999999999,0.5300427191464004,0.7889347845688529
123264,-5.761607142857143,0.22911606253616734,0.5673112807161389
123283,-228.29642857142858,0.015023161762328473,0.21857614232472455
123355,-21.597321428571433,0.21011130179460838,0.5484268265117354
123591,-18.1,0.027165689057778355,0.25702448261428906
123606,7.581249999999997,0.5498012636182326,0.8008590852747147
123624,-29.64464285714286,0.0013445835804028698,0.1256668500145759
123688,-12.69464285714286,0.10926726936001786,0.4280117461139832
123720,-27.115178571428572,0.11623082848066298,0.438663667231328
123722,-192.06964285714287,0.024264488882236365,0.2478513825108395
123775,-32.36607142857143,0.05232544339335847,0.322899333785983
123803,92.47321428571439,0.16863250819935577,0.5051753511734179
123811,-158.8026785714285,0.048624720329565066,0.3139546710137993
123872,9.940178571428572,0.11981978728174725,0.44219688623891534
123876,-17.806250000000006,0.4265885726025234,0.7238594126299837
123879,-30.066964285714278,0.2613575594784116,0.5977963756895145
123920,26.786607142857093,0.36713363781631114,0.68099578123242
123970,-5.800892857142863,0.26559682511888083,0.6013537115848755
124044,8.646428571428572,0.5232219118311389,0.7849405413463443
124045,-5.774107142857144,0.2237856637675928,0.5624451370315954
124056,-5.174107142857146,0.35246462973152404,0.6700339807185428
124093,-0.5580357142857153,0.9076498276868435,0.9666068585905359
124152,-46.310714285714255,0.03238295050294963,0.27290291543927025
124220,-1.6758928571428573,0.4058494562950163,0.7101423824024711
124221,2.4142857142857146,0.7513578798467361,0.9025179050527863
124222,-0.16696428571427901,0.9862460202885301,0.9952933138778727
124245,-13.951785714285712,0.014269771012566055,0.21672214725334693
124359,48.60714285714285,0.013366987564617435,0.21253035310169197
124401,-3.0982142857142847,0.6991324840115513,0.8791818520477384
124402,-6.0910714285714285,0.06445864017963376,0.35147029819475134
124404,-2.9973214285714285,0.13919448909897794,0.4680146511716131
124411,73.53482142857146,0.10231159028818934,0.41642866068687207
124446,36.35357142857143,0.02698406642982952,0.25639246494633033
124454,-7.191071428571433,0.13481052344306435,0.462435872341398
124460,-92.88839285714286,0.05832408367514949,0.3389657855933885
124491,101.23125000000002,0.013529093776468805,0.2132057491529956
124512,211.56964285714287,0.028136450578126256,0.25898323827593484
124535,-2.602678571428571,0.5157174831924225,0.7807086245686435
124538,-13.364285714285709,0.031929602106792854,0.2713692311169547
124540,-99.48839285714286,0.127622097151984,0.45348269069894886
124565,98.24375,0.014608827750515137,0.21752154060372378
124583,148.62142857142857,0.005015186725678663,0.17052867191247614
124590,0.12142857142857011,0.9895352996645349,0.9963814134845614
124599,-6.257142857142853,0.5240361465444314,0.7855586864926888
124602,-2.8374999999999986,0.47134096641142653,0.7532847693525341
124626,2.1464285714285714,0.4699658388631609,0.7522896267321131
124637,24.802678571428572,0.13496053952849557,0.46265846996081833
124641,34.77321428571429,0.0325707032010547,0.27365347726501815
124739,-0.7142857142857117,0.9088488849986892,0.9669828128610441
124751,-16.09196428571429,0.19820530605761963,0.5365523989088722
124773,0.7410714285714306,0.8076386657289799,0.9278421115401033
124783,-61.27321428571429,0.047314241526027014,0.309734932403679
124790,-26.50535714285715,0.034308894895710776,0.27864510226128736
124801,95.20892857142857,0.034068501807685204,0.2776352192312458
124808,-54.06875000000008,0.2553624547953214,0.5925869961348923
124817,-0.7839285714285733,0.8572240311382151,0.9478671863646204
124842,-7.8071428571428605,0.22786309847798633,0.5660780862703334
124857,-10.650892857142859,0.05501323611877766,0.32933851798906916
124872,-1.209821428571427,0.7704681828011802,0.9113897988934581
124912,4.741964285714286,0.24006861371792448,0.5768800358206619
124923,8.219642857142858,0.5644190032274568,0.8093262261070338
124925,-14.632142857142853,0.07311821039290516,0.367440171537627
124930,-3.4678571428571487,0.7088073162023201,0.88418119306419
124935,71.0419642857143,0.014618834011120843,0.21752154060372378
124936,-7.150000000000006,0.5670872775483659,0.8108280758554366
124961,-9.788392857142838,0.48649087433524135,0.7624281283373435
124975,-6.4125,0.1124638059052708,0.43235726822300846
124976,-9.581250000000004,0.18316101398333406,0.522041830763634
124989,-9.124107142857143,0.04507014506996114,0.3046671998636769
124995,-44.63839285714286,0.018244743851634836,0.23127159589108207
124997,47.19642857142857,0.033346331712430365,0.27562135178370567
125058,73.67589285714283,0.14695515563670217,0.4772943527644464
125061,-3.1241071428571416,0.5121993937232747,0.778573267308517
125111,7.662500000000001,0.5847050792727082,0.8200900469251275
125113,-21.65803571428571,0.09057525748435757,0.3978089150479486
125115,-3.319642857142857,0.26980984813316267,0.6050304916200749
125150,30.25803571428571,0.13774187881183508,0.4664047667660191
125170,-20.267857142857146,0.0008724313516540587,0.1180986166525225
125206,-3.7749999999999995,0.030429898234529778,0.26655997229953204
125228,-61.133928571428584,0.06950289035733077,0.36115477383454286
125336,-0.10803571428571379,0.8607341846197659,0.9491285630979509
125476,-33.62142857142858,0.09486730133496123,0.40473503452264353
125488,78.41964285714286,0.024984393789868737,0.2504621285450221
125704,-1.505357142857143,0.7476667348432158,0.9009273753152206
125875,-4.752678571428573,0.30357103334137053,0.6331719884325295
125919,-9.496428571428568,0.24445706536082226,0.5817999411745509
125950,-9.286607142857145,0.11615757428278554,0.4385110311046827
125965,-4.908035714285713,0.4103165548399604,0.7135480441255668
125972,-0.8928571428571423,0.7118105528009971,0.8855048520877898
125981,1.8053571428571429,0.43126692016279794,0.7268207527248929
125988,-21.77321428571426,0.7209420774673962,0.8898765966126163
125997,-3.7303571428571436,0.06677092625354368,0.3562325651629451
126003,18.857142857142875,0.45389073690325127,0.7419420007230705
126006,-5.186607142857142,0.3743279266458354,0.6870877423662203
126014,12.324107142857141,0.2006106786880704,0.5388186849545494
126017,8.356250000000003,0.42932867173595485,0.7254351315553931
126068,-1.5723214285714242,0.7888424066985508,0.9203610299655001
126069,-0.8062499999999986,0.7503566623082327,0.9022993781937028
126070,-7.145535714285717,0.24501062456771222,0.5826336310304543
126074,3.812499999999993,0.562836609220482,0.8084268692115961
126075,6.6383928571428585,0.2818042989310786,0.6155850991936973
126119,-11.905357142857138,0.27222074095293325,0.6072364020148838
126123,2.4562500000000007,0.7431439148993515,0.8991633519324166
126129,8.694642857142858,0.04898279704536973,0.31504023598264014
126133,15.028571428571428,0.1800677577545497,0.5191523230979754
126147,-13.45357142857143,0.04612639662454974,0.306951738867754
126204,-5.477678571428573,0.35361403117552964,0.6708432513604725
126205,-5.791071428571428,0.18454049655163388,0.5235712679077172
126206,2.2455357142857144,0.4818642023423446,0.7596535783991585
126208,11.185714285714285,0.060895169957067605,0.344404449853919
126231,-51.389285714285734,0.25679908712228877,0.5938636341263241
126248,2.1758928571428573,0.16508954239572693,0.49991201632220633
126259,-12.169642857142854,0.47606021905912393,0.7560517174618061
126272,-11.295535714285712,0.045828680111044975,0.30632936706469677
126282,29.925892857142856,0.11643314200565724,0.4389726961218666
126295,-9.249999999999993,0.16123926571861857,0.4948272972428214
126298,20.842857142857127,0.07195250334537343,0.36528020098371045
126299,-11.011607142857141,0.01334749725240174,0.21253035310169197
126306,-9.827678571428569,0.24458206491874104,0.5819961004235612
126308,69.67589285714284,0.02331709891756765,0.24563822414605227
126321,38.80446428571428,0.016642329583865842,0.22475972927854593
126326,-7.055357142857144,0.37625037516901044,0.6887073532372313
126328,45.3241071428572,0.7594372828599841,0.9064010792484093
126353,0.056250000000005684,0.9962789813304619,0.9988365875904098
126364,77.23214285714285,0.31922293475118474,0.6453112668292436
126370,-4.255357142857143,0.6784880099665703,0.8689476122640624
126374,8.57946428571428,0.34805436944313506,0.6667971658592238
126375,7.6875000000000036,0.14577289172886793,0.47623511549653486
126382,9.65803571428571,0.29359146228829985,0.6256670252811348
126393,-24.517857142857153,0.017801857935864317,0.22988110123839905
126402,-6.808928571428573,0.06813732771428903,0.3584536123139375
126410,0.3241071428571427,0.9362548933203075,0.977742756140568
126433,-1.2178571428571416,0.8730385604889064,0.9537520639132624
126520,-4.413392857142858,0.2554771290107445,0.5926934904664728
126526,-21.80982142857143,0.0004542781414226902,0.10137819339708402
126536,-9.63125,0.1167664167281247,0.4393717768924604
126549,-2.6848214285714294,0.28191568562096964,0.6155850991936973
126567,-0.21964285714285836,0.9770617575712048,0.9922702155618929
126626,46.52053571428567,0.32688052466606266,0.6511291418725216
126638,-1.6758928571428573,0.6195540523789574,0.8394240425687539
126661,-47.92767857142857,0.41775474466711127,0.7188438703801445
126668,-13.31964285714286,0.4290177170827563,0.7252432885477447
126669,-56.853571428571456,0.4641079820590197,0.7487893498370795
126695,0.19464285714285712,0.909501725082591,0.9672256830874244
126731,160.71875000000003,0.0007915059870972046,0.11789051123565568
126755,-7.74285714285714,0.13429691938996474,0.46141490936609103
126789,15.470535714285717,0.029961280284003775,0.2648986092380185
126792,130.2839285714286,0.07131866463808215,0.36424783277969575
126820,-0.850892857142858,0.796229520458034,0.9234973750525727
126823,-5.915178571428584,0.6203787094451872,0.8399793452097672
126859,3.507142857142858,0.1385266385017462,0.4673587374567026
126868,-0.5750000000000002,0.8635539033087277,0.9501299914153842
126917,29.44285714285714,0.037098540876123944,0.2849276008283338
126969,8.471428571428568,0.5006930180009165,0.7710052376531626
127002,2.0151785714285726,0.671293616957687,0.8657581797426602
127003,-2.6008928571428562,0.39453782547878635,0.7018743664668508
127018,-145.19910714285714,0.08870795969594021,0.3950483914818147
127124,-1.5580357142857153,0.7404299139310038,0.8983291220632436
127247,-0.058928571428571885,0.9787280768666472,0.9928108633112005
127253,63.84553571428572,0.04627139921319617,0.3072117488744991
127254,-13.428571428571423,0.4457329585819689,0.7371135899361548
127255,-6.293749999999999,0.2906404291384548,0.6235443004295333
127262,3.483928571428578,0.9255949665324289,0.9735931538367124
127281,29.233928571428578,0.018755846772560255,0.2334177894685613
127294,-147.09910714285715,0.01516912150723527,0.2190302193630131
127343,0.8928571428571428,0.7348748844698962,0.8957789567423213
127391,-3.8160714285714246,0.602485814485712,0.8305520506606269
127396,-11.259821428571428,0.25514225704960675,0.592428033472937
127428,5.516964285714286,0.4221427759243675,0.7210139882796925
127435,-12.749999999999993,0.390344553492628,0.6987554746491647
127495,-1264.2500000000002,0.015670722334460787,0.22065329478152035
127534,-4.241071428571429,0.03805855500094871,0.2878870261757969
127540,0.367857142857142,0.9337641252034877,0.9766528971477348
127544,-4.586607142857144,0.49423371777200914,0.7665228071138513
127579,-7.655357142857145,0.33441533422108916,0.657000050761903
127602,6.791964285714283,0.1976673193936319,0.5359817237644545
127670,-9.641071428571426,0.026299215041992355,0.25458739065526415
127687,53.0008928571429,0.3569007761911094,0.6730423334625926
127700,-4.625892857142858,0.5291222305854425,0.7884271647796329
127703,6.487500000000011,0.7711279829211798,0.9117560327454588
127707,-10.239285714285712,0.03946621998719007,0.29151791107803526
127731,-2.8535714285714295,0.14467435721957903,0.47477551983540967
127733,-8.971428571428568,0.42109312112506936,0.7204902643565378
127795,5.6187499999999995,0.2439389220296748,0.5812499155396352
127829,18.75,0.0744520681355935,0.3701279164678646
127833,0.9026785714285701,0.8994545589904913,0.9633628026398542
127841,1.325000000000001,0.7442310948081652,0.8994439050073102
127845,-3.5758928571428563,0.061257596169538166,0.3451104906612999
127933,163.04553571428573,0.30694275325995024,0.6360624924407664
127943,28.632142857142853,0.1108120576476288,0.4302667640120775
128025,-6.7383928571428555,0.20337904494811204,0.5409478318946294
128061,84.97053571428575,0.09726210270774835,0.40871119521450094
128077,157.44464285714298,0.342252022728884,0.6622974115602325
128153,4.951785714285714,0.5386366440999737,0.7936450462377493
128178,-0.7821428571428584,0.8259899763644281,0.9355109986724951
128209,-10.801785714285717,0.14496635480280803,0.4752674611047268
128218,1.829464285714284,0.7302267819810604,0.8938959109212589
128229,-21.35,0.14643931744710317,0.4766073057251301
128239,17.16517857142857,0.2913051750324804,0.6241302816996822
128240,41.079464285714266,0.31883271930081486,0.645039633839089
128272,6.963392857142857,0.16777104244405122,0.504118482387648
128308,-7.230357142857146,0.34889365823983587,0.6675404511318912
128322,-11.162499999999994,0.5016994704982844,0.7717964758868266
128338,111.37767857142859,0.0693568558780774,0.36084552804869413
128344,15.610714285714288,0.0852064327468293,0.3887278655612552
128346,132.02499999999998,0.05097341056831473,0.3196801127348713
128387,-34.349999999999994,0.17754517432599107,0.5162452543559453
128408,-3.5348214285714286,0.19585326372827178,0.5345585660115445
128414,-7.245535714285717,0.22407895620848473,0.5627189477631317
128434,-2.159821428571428,0.7529405350489334,0.9032277431762787
128486,-47.65267857142851,0.16064438602227524,0.4940784050046632
128488,0.24464285714285872,0.9545556577922322,0.9843477660571922
128497,-2.373214285714286,0.008573890620381044,0.1911006335388961
128553,-115.1464285714286,0.07414717733081501,0.36937107338872344
128602,0.715178571428571,0.7891922586019828,0.920533488481107
128611,14.967857142857138,0.17612895370551615,0.5146075211804145
128637,39.87678571428573,0.04448496652779201,0.3033552107012544
128646,-0.1517857142857153,0.9875486015131243,0.9957807533284782
128653,-1.8919642857142858,0.2991511227750831,0.6297275468731447
128674,-4.706250000000001,0.4989108066670424,0.7697207709883856
128710,11.267857142857153,0.45341944796950323,0.7414632947237086
128817,-3.0723214285714286,0.07578522875679293,0.3724243073423383
128821,0.18035714285714377,0.948912340731831,0.9823304407746446
128822,1.2169642857142855,0.1468691969675771,0.47718524745675533
128826,-245.28214285714284,0.024878544067661205,0.25018105515898037
128853,-4.684821428571425,0.5311410814616643,0.7897508766501146
128854,-16.68392857142858,0.15010760514572488,0.4812748925615657
128859,-4.854464285714286,0.1786824896186464,0.5175488648419851
128861,-2.686607142857145,0.7712995507059601,0.9117952766718757
128864,-0.1526785714285701,0.9754830165779479,0.9915532725997055
128866,-201.70446428571438,0.12348392097006336,0.447338245133066
128869,2.0687500000000085,0.8634610354304026,0.950104290932747
128872,8.930357142857144,0.34891720180938585,0.6675404511318912
128876,5.969642857142857,0.11120488470914199,0.43093961807869713
128954,-6.734821428571429,0.32043091683261676,0.6461921059982045
128977,-59.08660714285713,0.0034563205503063904,0.15672090373247888
128989,17.59553571428571,0.142716657357187,0.4723385739106658
129025,-4.83303571428571,0.38263487233303345,0.6933255858301457
129049,-23.741071428571438,0.07069988651797494,0.36309740062177137
129080,-6.2455357142857135,0.20133986323041497,0.5392161207464824
129138,15.538392857142867,0.1708137168537317,0.5076454630224708
129285,74.13928571428579,0.32741605486225844,0.6517684700937152
129293,8.9875,0.14300380318872682,0.47274520462806935
129303,6.025000000000013,0.5785551186191493,0.8166170440802243
129401,-8.376785714285717,0.7172405009069244,0.8883288112358229
129446,-3982.173214285714,0.007343849360191786,0.18597728752593137
129450,14.29732142857143,0.20288278479518768,0.5406388314789792
129530,10.781249999999998,0.07583194261298079,0.3724735098980032
129531,3.986607142857139,0.8443514443210512,0.9431608868928023
129563,18.46160714285714,0.07107067076907152,0.3637357412991655
129607,141.7705357142857,0.4386191643794108,0.731753419268026
129642,-26.16964285714286,0.18270920563004686,0.5216713470493589
129684,-9.034821428571428,0.1153541139988616,0.4373473533657692
129685,-14.09017857142857,0.09967007115830259,0.41221339943874385
129787,14.42410714285711,0.6417725593159299,0.8508148858267524
129790,2.5669642857142847,0.7856304526876629,0.9187898654723528
129804,16.35,0.21322449865818116,0.551834207333904
129807,-8.156250000000007,0.40039550257825074,0.7062497694443287
129831,-9.791071428571428,0.3410560554503772,0.6614648155895156
129852,-2.661607142857143,0.5385122901846808,0.7936052143789085
129880,-6.365178571428569,0.023187628775228782,0.2452192656258479
129881,-3.2196428571428566,0.18685731257049693,0.525884987491552
130013,-3.6937500000000014,0.44400565993223123,0.7359847614045019
130026,-22.736607142857153,0.12181941249362337,0.44495877796094135
130074,-15.8232142857143,0.7418943189059473,0.8986817553581099
130106,-3.2892857142857137,0.09715249856333665,0.4084753044409744
130120,-9.908928571428573,0.019385722775785128,0.23544647113689113
130132,36.583928571428565,0.07740320602248263,0.3754453769765115
130162,7.9258928571428555,0.30853764145391394,0.63731479697039
130271,20.391964285714323,0.6306582936374612,0.8453771257386532
130340,-12.07857142857143,0.11563067063242546,0.43778872078303877
130355,7.823214285714272,0.6832681144577001,0.8714539908944132
130367,8.774107142857146,0.3010250490906112,0.6307647475962582
130399,-79.33392857142859,0.0644428986040001,0.35147029819475134
130497,-22.28125,0.010877723210341032,0.20239076824216223
130502,-47.4089285714286,0.09458379640476977,0.404512241049789
130507,-1503.1660714285715,0.00841612752644952,0.190663035587055
130535,33.275000000000034,0.38339149291104885,0.6936442711751024
130540,3.0473214285714274,0.4102055181386457,0.713465470365203
130557,12.72767857142857,0.16205093919061275,0.49579897901110603
130560,-5.601785714285716,0.244384657476084,0.5817416781612825
130574,-4.894642857142857,0.1893239505350657,0.5283029603922295
130576,3.944642857142859,0.3350557426589279,0.6574650275555559
130589,40.47589285714287,0.06920916406229198,0.36055369653223573
130612,5.146428571428569,0.43193303322060855,0.7272622140067047
130617,22.451785714285716,0.009114926367599668,0.194595313997857
130733,-13.493749999999999,0.0887539283302233,0.3951457322047858
130749,-10.538392857142858,0.02037044664763061,0.238009362137482
130752,-20.742857142857147,0.0014615940394424396,0.12830640097920887
130813,-3.8687500000000004,0.4187746925026124,0.7191506764838027
130814,151.81785714285712,0.11211211708365956,0.4320210158999586
130827,-531.5848214285716,0.014659057230436251,0.21752154060372378
130872,21.696428571428584,0.6098464464818111,0.8343752587381181
130888,-10.398214285714282,0.14916211129024434,0.480011049364564
130916,-51.678571428571416,0.07626892540908081,0.3732112725294245
130940,-3.633928571428566,0.4143649866793937,0.7167390821188855
130951,3.448214285714286,0.12131439722321416,0.44420323945179535
131034,-179.5419642857143,0.000689290038530544,0.11428329961427276
131076,-21.035714285714278,0.0980222069305185,0.4100508159086533
131096,-5.80535714285714,0.18014981975739183,0.5192695832849238
131118,-126.36160714285711,0.009179740132133622,0.19492717908956222
131177,1.3535714285714278,0.8427467451863041,0.942468952632531
131368,-10.46607142857143,0.0530729856211651,0.324229163885683
131375,-8.073214285714286,0.24725984618414185,0.5847036066830136
131377,-62.716964285714276,0.025026019432697798,0.2504621285450221
131405,-10.736607142857144,0.10283412528519244,0.4169380227788771
131408,17.247321428571425,0.24374427783968058,0.5810393438648647
131450,1.7776785714285737,0.7596664421033108,0.9064933718014172
131474,-30.082142857142827,0.31307093448247164,0.6408038837537113
131540,-12.144642857142863,0.13798260079329216,0.46667751007996167
131544,-129.6857142857142,0.16750051595027904,0.5035514768560788
131566,-10.611607142857139,0.7498827730579292,0.9019914688493147
131578,1212.857142857143,0.0032358024010015717,0.1537076422891059
131583,-13.935714285714283,0.569821524750123,0.8120780996620135
131601,9.468749999999996,0.16648249776110863,0.5019261408926724
131616,13.003571428571433,0.3370598579315612,0.6588990572565379
131669,-1.9008928571428578,0.658819760622767,0.8595363713627034
131831,-9.534821428571428,0.06883313182638111,0.36013889785716624
131870,-25.31428571428569,0.07516106202941195,0.3714610497736147
131873,-24.11785714285714,0.03588899440310438,0.28248251044990497
131890,1.5374999999999996,0.6375127626974982,0.8488270870931429
131920,-1.709821428571427,0.714570591286212,0.8868142374029385
131965,26.12142857142858,0.008740930385843861,0.19200898708156414
132001,-20.534821428571433,0.12340295143404535,0.44730020282885447
132014,-0.8491071428571431,0.18162558579358767,0.5208422796215465
132112,-9.704464285714288,0.06305948844773007,0.3487535434836781
132141,-8.679464285714285,0.11056469493418666,0.42999968125953275
132158,13.20982142857143,0.09107127207095186,0.3987353793861496
132160,30.7125,0.030058094238393993,0.2654112245614004
132200,-17.240178571428565,0.06443280041312353,0.35147029819475134
132203,-7.053571428571429,0.040113128658966817,0.29379119304306955
132204,-8.408035714285715,0.037217209484360816,0.2854328697653847
132228,-0.6428571428571423,0.8387337468059083,0.9414458983336211
132241,16.28035714285714,0.5282738031335528,0.7880864989448021
132243,-7.513392857142858,0.267487106302884,0.6031117793356503
132299,57.71160714285713,0.006115695789441393,0.1788237097815842
132321,-4.413392857142858,0.12332578213342912,0.4471970512100568
132332,-1.1625000000000014,0.8477010615662258,0.9444523686908219
132430,-3.4205357142857125,0.7213525202978378,0.8900911689162828
132556,-2.5214285714285722,0.6155245082421941,0.8372164027055882
132612,-5.8946428571428555,0.26212896570583144,0.5984092359067363
132625,-14.307142857142857,0.17590136947976517,0.5144296358352378
132660,10.20625,0.05267944931173169,0.3233328346563685
132671,112.87946428571426,0.001973756850544462,0.13973184654505375
132720,-273.3089285714286,0.006919878987668605,0.1826868100679773
132724,2.117857142857142,0.4945896331375593,0.7666833430239022
132789,-17.82142857142854,0.21001429061671992,0.5483686143342442
132851,-9.683035714285715,0.2531729714769398,0.5907295191754832
132864,-68.47321428571433,0.35290115360879915,0.670256023739624
132884,14.993750000000002,0.13588125481956556,0.46398373765049633
132946,1.4589285714285722,0.8761932187329987,0.9551302882030008
132949,2.291964285714272,0.9195639817139608,0.9717271105568382
132954,-6.207142857142857,0.05802702525643024,0.33812507789569685
132989,-2.0339285714285706,0.547731004466481,0.7995196118934229
133015,6.566964285714285,0.41326849414540756,0.7158842606026092
133022,10.68214285714285,0.5173014154712325,0.7817132843723935
133121,-8.914285714285718,0.21511293346604657,0.5539337510742746
133308,25.762500000000003,0.1289272138788961,0.45515090852604895
133383,-24.990178571428558,0.13992356503153958,0.4690283194224405
133396,5.031250000000002,0.407027769185938,0.7111007604239256
133418,170.92678571428564,0.37805379652391485,0.6897770353479877
133482,-5.100892857142862,0.29967137423142587,0.6299779112091783
133491,-2.484821428571429,0.2713501385441124,0.6064677006374907
133522,8.368750000000002,0.4226658107375045,0.7213742157595501
133558,3.4517857142857125,0.7703726397500802,0.9113624159706931
133584,-61.42767857142856,0.024845885867917923,0.25012867056313987
133619,249.85803571428573,0.07981325277967569,0.37926354028957737
133686,-18.1473214285715,0.6509846240159337,0.855519452883961
133688,-24.909821428571433,0.013367729875728533,0.21253035310169197
133690,-3.9499999999999993,0.2990841023672569,0.6296901419742682
133746,-169.1991071428572,0.08876879994574029,0.3951457322047858
133874,-12.978571428571428,0.1783254962393498,0.517300327910017
133923,1.087499999999995,0.8580096763624614,0.9481704069673696
133957,-6.266071428571422,0.6690899646943161,0.8645038781503838
134111,-406.6875,0.043407422979527176,0.30095116046229375
134121,-6.070535714285713,0.23844235232898084,0.5752788856239147
134145,-19.395535714285714,0.2652452678872719,0.6011433693604734
134147,-884.5616071428574,0.19981647071254063,0.5379446337965191
134187,-0.7285714285714278,0.9042758050434132,0.965456070574665
134218,-121.08571428571429,0.007382173363182168,0.18641221973416092
134265,-41.94910714285715,0.08181348679353784,0.38262403352194096
134266,10.223214285714306,0.6194775116766916,0.8394240425687539
134285,-4.760714285714284,0.3131448487080396,0.6408330868131157
134288,6.470535714285715,0.044517625075531524,0.3033779323201653
134353,34.00625000000002,0.16690623424855128,0.5026770054830638
134359,21.85624999999999,0.2487244345214538,0.5863157910433943
134429,48.33392857142857,0.31127049683170593,0.6393686383001549
134430,-49.62857142857143,0.055461458490284256,0.33070189353844154
134466,-2.8758928571428584,0.8788248489884377,0.9555936492082701
134492,23.78660714285715,0.5456809300845072,0.7982209608146837
134510,55.568749999999994,0.07977016898075613,0.37926354028957737
134526,-4.0375,0.28829717234750013,0.6216620011048708
134548,-7.884821428571428,0.2010671011819066,0.5389883219596916
134549,25.996428571428574,0.068151428242305,0.35849329797460316
134553,-89.29821428571427,0.4996606813657025,0.7701635582728865
134637,-5.262499999999989,0.7374664093704894,0.8969461951936955
134701,4.090178571428572,0.2823028880652139,0.6158915430641281
134728,-10.979464285714286,0.20169804940886524,0.5395753425692195
134829,-5.239285714285716,0.18094564171148164,0.5203388713288413
134860,-7.305357142857144,0.2652760952099947,0.6011433693604734
134864,-1.0348214285714286,0.6894685711626499,0.8744689014012461
134957,39.80178571428573,0.47827928747000914,0.75765457081286
135112,-485.7982142857136,0.369679371265404,0.683422472491495
135114,-55.468750000000014,0.0006674332349127395,0.11428329961427276
135138,-10.924107142857142,0.01320456889065756,0.2117184176236663
135152,-33.78482142857142,0.1810053527184524,0.5203643989571644
135154,-22.678571428571416,0.0886983843693033,0.3950483914818147
135228,1054.8848214285717,0.026797563606694857,0.2557735025157679
135250,-8.239285714285714,0.04536033457447875,0.3054300413884399
135293,-137.42946428571423,0.015750755100382752,0.2212441578373494
135295,-5.263392857142857,0.13822930145480672,0.46696856243059065
135398,-10.500892857142862,0.06246285763146111,0.3475341621176599
135458,-1.6133928571428555,0.8116118624473772,0.9293778457731673
135644,-3.1223214285714285,0.41069604944730603,0.7137253052487387
135656,-8.644642857142857,0.0928059017572662,0.40162250948376094
135886,0.9151785714285714,0.40332517085265135,0.7082868798216969
135892,-7.199999999999999,0.0610747441699704,0.34489378614884647
135927,-7.898214285714285,0.11611127058351416,0.4385110311046827
135932,-4.283035714285713,0.37006863275316176,0.6838917683778369
135935,-1.4991071428571416,0.730110542443359,0.8938928091172814
135946,-9.168749999999998,0.0018844019423542092,0.13843794933064457
135948,-8.375,0.00041461789492072676,0.09856188436865537
136051,-7.708035714285721,0.35636944984184193,0.6728250301397063
136227,-4.300892857142859,0.27006982997510487,0.6052598331986985
136242,-1.6187500000000004,0.6300590555642838,0.8450296537059612
136259,-5.412500000000001,0.3520993445204897,0.6699783559277562
136263,-5.847321428571428,0.24885438149180134,0.5865025141454895
136288,6.636607142857144,0.05442595266954031,0.3276884662710183
136306,-3.5321428571428584,0.35290956399481105,0.670256023739624
136319,1.7848214285714281,0.5787904407769885,0.8167013360412434
136332,-10.060714285714283,0.05112851707665812,0.3198970855656597
136371,-32.29017857142858,0.025584992636306994,0.25238923537661384
136541,-4.850000000000001,0.4241960423482893,0.722318309987627
136647,40.772321428571416,0.10013649805602051,0.41317357416141587
136853,-8.02946428571429,0.38679207218137074,0.6962028096693589
136895,8.846428571428575,0.1967806292943995,0.5352323066254338
136991,0.02589285714285694,0.995550148478661,0.9985819656950373
137075,31.38839285714286,0.170190886652865,0.5069605835063461
137196,-13.008035714285711,0.031211101813442395,0.26886198072317047
137209,7.8241071428571445,0.12753866535902733,0.45333354105479257
137362,-14.888392857142854,0.3826351262357645,0.6933255858301457
137392,82.65803571428572,0.0242123740585803,0.2478513825108395
137492,-62.358035714285705,0.014624417837154636,0.21752154060372378
137695,14.541071428571428,0.11044245748185058,0.4298357137519991
137735,-1021.68125,0.026973982392955183,0.25639246494633033
137835,19.84642857142856,0.6956315747719228,0.877786334961131
137868,-6.919642857142858,0.14368409566426857,0.4734730405199185
137872,-190.25982142857146,0.009056191578727921,0.19402322671118696
137886,7.615178571428601,0.7005706532433112,0.8797990015137004
137902,-39.212500000000006,0.012407697615358326,0.20912172229337744
137964,31.22321428571422,0.30629351525059845,0.6355927564265398
137970,-45.04375,0.07935595691298789,0.3789105614654321
137994,-7.835714285714282,0.034806172927414884,0.27973357413000277
138009,-5.00625,0.2378535345201196,0.574789450692408
138046,-7.299107142857141,0.1990035218110645,0.5372389796681181
138050,115.89196428571415,0.4466351719197874,0.7375053566884389
138065,-23.48392857142857,0.19368644028572665,0.5325326484811888
138151,17.108035714285734,0.6919619249796662,0.8760202273957639
138162,0.7133928571428574,0.5931041628877903,0.8257246716267111
138199,18.15357142857141,0.5568542568348953,0.8051125618243483
138240,-1.6580357142857132,0.5641333723940215,0.8091925423208314
138241,11.148214285714285,0.15421188048379658,0.4864857754205777
138255,-12.255357142857143,0.03341211845139389,0.2756963466564253
138307,-4.345535714285713,0.40707437727904533,0.7111007604239256
138311,-17.14553571428571,0.010771148393412904,0.20159123854276162
138428,6.013392857142858,0.2669872912484467,0.6027185892413732
138429,1.9785714285714278,0.6537873039421218,0.8571933728935879
138474,-7.866964285714285,0.1526000780864561,0.48448587349781286
138639,20.508035714285725,0.462062584030644,0.7476013118433843
138649,1.1741071428571441,0.7457547253482915,0.9003100004066735
138716,-124.30357142857144,0.11534394581241085,0.43734032360912994
138724,0.951785714285716,0.7428938955727235,0.8990200031084253
138804,-19.96071428571429,0.008011528215922494,0.18807655869710707
138948,5.7303571428571445,0.4320861671991082,0.7273718769546857
139065,-47.0330357142857,0.01968782789446946,0.23641453220133712
139081,5.521428571428571,0.08030446557233326,0.3799637983654813
139105,-0.7401785714285687,0.8941140745568422,0.9613364392373677
139135,-8.664285714285713,0.026149625017181908,0.25417435516700815
139170,3.0366071428571404,0.49829209155039006,0.7693905706161417
139189,-7.2598214285714295,0.010884605873719158,0.20239076824216223
139212,-2.5187500000000007,0.22298620097421373,0.5615755185590867
139221,-204.7473214285714,0.010431364033424536,0.19919918727710903
139231,-67.59553571428569,0.04289211668565728,0.29939058850865724
139285,-5.748214285714285,0.25233852898060116,0.5898016720631662
139322,-216.6017857142857,0.0018581118531489124,0.13728684536610375
139324,-2.8848214285714278,0.41538423323232826,0.7173184845613383
139341,9.458928571428572,0.6946057488708595,0.8773637970594244
139378,-2.4955357142857135,0.5410424321362867,0.7952442329440151
139411,-37.29107142857143,0.13283190761686206,0.4598216490169786
139420,-0.5839285714285714,0.6474391007149247,0.8539074377418528
139538,-3.6848214285714267,0.33734394440545845,0.6591063055378172
139596,-8.623214285714255,0.5845038941258213,0.819976148492053
139599,-2.5267857142857153,0.5453380060737092,0.7979448947509825
139628,-2.400892857142857,0.6379573383117176,0.8491033733097972
139629,-18.358928571428564,0.11880150717625691,0.44094903946475433
139716,23.808928571428567,0.30220652035347556,0.6317725981997186
139728,-5.4232142857142875,0.44465076127501457,0.7363595029612165
139735,-2.9124999999999943,0.8462208764914514,0.9439264793303217
139818,77.86875000000009,0.6300527003696286,0.8450296537059612
139886,103.27321428571426,0.07880384379807052,0.37799842718195514
140258,-26.16071428571429,0.0003605976167420289,0.09572045583675344
140290,-3.5517857142857174,0.622929285420736,0.8419503876174596
140453,-14.85892857142857,0.07981814554899885,0.37926354028957737
140456,-13.36785714285714,0.0008220648220332397,0.11789051123565568
140458,-1426.9187499999998,0.012602678688656221,0.21035078359014409
140459,18.39107142857143,0.042691695875244656,0.2989024157452459
140460,-1.0732142857142861,0.8414925423995497,0.9423452086707383
140461,-224.33660714285713,0.014479535804362216,0.21716162281049847
140462,-12.473214285714285,0.15037465926185312,0.48170462240109085
140465,-364.5625,0.03314763785597279,0.2752092575057233
140467,-43.29642857142859,0.01002121395391726,0.19819193557641285
140469,-12.028571428571428,0.052449933105880496,0.32304992795134885
140545,-18.416964285714286,0.020553991135551113,0.2382045204675808
140564,-6.8669642857142925,0.354158771949669,0.6712195034481634
140576,60.129464285714306,0.3386309260884138,0.659956793328546
140578,-70.93214285714285,0.018322933887272238,0.2315084479713654
140597,-63.17946428571429,0.1420151681820348,0.47166127443560724
140606,70.50803571428574,0.03595979765968695,0.28264835207639216
140609,-400.2776785714291,0.07047462496716858,0.36261712245954053
140612,-13.332142857142856,0.09164017077117916,0.39942356559472847
140625,0.4383928571428579,0.7390043631185372,0.897823283217562
140628,-1.6321428571428571,0.5172412136245311,0.781673439147606
140679,3.46875,0.3011330319768594,0.6308459528462695
140680,-7.6625,0.10660400210417678,0.42403591591287393
140683,-2.6419642857142858,0.6041424541094251,0.8312835768633619
140685,7.746428571428572,0.18124363364430301,0.5205885290956173
140686,-1.1508928571428605,0.8336951412122594,0.9392598773084748
140687,-18.568749999999994,0.4520644512001786,0.7408830756499489
140688,42.58928571428574,0.07675005462234945,0.37423608637090483
140689,-4.9901785714285705,0.21506799673350724,0.5539337510742746
140690,-13.640178571428573,0.10387694595043105,0.4185623126125594
140691,26.697321428571428,0.4943340900794907,0.766526272691326
140699,-15.874107142857142,0.022491663121107255,0.24283920664692815
140700,-27.676785714285714,0.002863629642379258,0.1515798484623921
140701,-0.34017857142857144,0.18125109927489366,0.5205885290956173
140706,-38.18035714285714,0.005186444298781267,0.17182093284629854
140707,79.59017857142857,0.061221721145431875,0.345091621571022
140710,-19.61785714285714,0.01215208129722541,0.20849517196955838
140711,-2.5660714285714272,0.542171634890295,0.7960891352352724
140730,-6.275892857142853,0.4550718851053136,0.7430507785018073
140731,0.12499999999999911,0.9304408248068685,0.9750894607306475
140732,-20.908035714285717,0.11816610272930225,0.44046438960489503
140733,-19.25803571428571,0.09610338195465842,0.40665988765350586
140735,-133.2482142857143,0.08255444881500935,0.3836611073448784
140738,-39.15803571428572,0.05872779377611841,0.34008863959991975
140739,47.52232142857133,0.6761279799119904,0.868075172224385
140766,-2.6241071428571416,0.6536940395878134,0.8571646436766445
140767,6.997321428571425,0.1773688256300184,0.5160798017794819
140771,-16.181250000000006,0.012360405814620525,0.20877515845362288
140775,251.5607142857143,0.012794120657912156,0.2108544389039817
140801,5.75178571428571,0.29383791516820545,0.625880327174741
140803,8.18660714285714,0.2803377260739203,0.6144750309930883
140807,-3.414285714285711,0.619232402147157,0.839267077344669
140809,51.579464285714266,0.12922191098634433,0.4556728786313045
140823,30.4482142857143,0.7003826138047369,0.8797990015137004
140825,-1.8017857142857068,0.9071781757877433,0.9664653214316725
140828,0.536607142857144,0.7276630762123609,0.8926320152234221
140831,-3.2455357142857153,0.545193782835719,0.7978712547254533
140832,-3.3133928571428566,0.1976821779647716,0.5359917223022013
140834,-15.111607142857146,0.00594550765367453,0.17799075792294128
140836,-11.467857142857145,0.008662752714047563,0.1916725455541452
140838,60.12142857142857,0.0028119363288570294,0.1514456901580904
140846,3.2348214285714287,0.4085727677170755,0.7120659362752646
140849,-7.748214285714283,0.38605087374511465,0.6957447423451677
140850,-2.619642857142857,0.4247654730641247,0.7226674687086545
140856,-5.157142857142858,0.34170070983073364,0.661961220447089
140862,116.62767857142862,0.34184622989785307,0.6620538634715426
140870,-16.512499999999996,0.012418145932776264,0.20915138758685597
140873,1.6124999999999998,0.6666118053699818,0.863250367424138
140875,-7.784821428571426,0.2390147164186432,0.5758153611010934
140876,-12.301785714285717,0.09247408235902917,0.4009206893791624
140880,-3.433928571428572,0.40318053031958107,0.7081222415519648
140881,-8.80625,0.03686009758805792,0.2841337358476055
140883,-10.482142857142861,0.3344190571382046,0.657000050761903
140885,100.5419642857143,0.011679105465127647,0.2066643213509123
140886,-6.990178571428572,0.21975346080560465,0.5585538085780786
140890,-214.7991071428571,2.1338773410456505e-05,0.03763540116828095
140893,-4.173214285714286,0.1677313637264993,0.5041068772947641
140894,-8.250892857142851,0.010495071304030342,0.19979736195956094
140901,290.1696428571429,0.2822108555045203,0.61579113719558
140902,-2.5500000000000007,0.45309089257473983,0.7413688392140123
142678,-29.545535714285712,0.015858243226892926,0.22201662919879842
142679,-11.03839285714286,0.017692357832047086,0.22940606328301882
142680,-15.001785714285703,0.4934070577835443,0.7662500377611471
142684,-0.4366071428571434,0.8988564591062382,0.9631666000820925
142685,-25.144642857142856,0.006792216526002291,0.1820260990734322
142686,-22.21964285714285,7.313985552227342e-05,0.06152187077969691
142689,-103.12053571428572,0.015753150552552376,0.2212441578373494
142891,-78.35267857142856,0.04223772251540259,0.2981341955240946
142910,-4.306249999999999,0.14250261128797118,0.4721446050278647
142937,1.9464285714285712,0.7631679245194077,0.9079380774562598
142940,-8.160714285714285,0.06157744557227443,0.34536380302969977
143098,-63.1357142857143,0.04145926612429937,0.2968162073256604
143187,22.239285714285714,0.409896536075106,0.7131839711655557
143188,0.23839285714285907,0.9457132627603795,0.9814716823533919
143241,-4.6517857142857135,0.07809590297787095,0.37644761254168935
143279,77.43660714285716,0.2592978560023607,0.5961528227126308
143282,-12.350000000000001,0.051248943590558406,0.3199901525347817
143286,-12.263392857142858,0.03568091455239403,0.28171380979979377
143379,-12.927678571428565,0.04709978884034726,0.3088123061588863
143384,122.49285714285708,0.011476985914646643,0.20654645416979353
143425,-24.005357142857143,0.01541042338497129,0.21981380814831367
143458,10.091071428571468,0.7448564721440305,0.8997619993476839
143471,1.7419642857142854,0.7884271574751075,0.9200866588712437
143501,-1.1133928571428569,0.6872384987056682,0.8734254978319946
143503,-12.411607142857143,0.1258553670416513,0.45162735282722055
143570,0.6928571428571435,0.510617452617468,0.7776171027201846
143630,4.740178571428572,0.019385170012898155,0.23544647113689113
143662,-4.275892857142857,0.08861514851950297,0.394997003530395
143678,-7.892857142857142,0.17485782746926096,0.513135222503956
143684,44.325000000000045,0.5037863942553653,0.7733451223016199
143686,26.447321428571435,0.42541165430645855,0.7231168702366721
143689,15.647321428571416,0.5066547223147824,0.775036286233583
143872,-4.805357142857144,0.09809634442817863,0.4100871790744269
143879,-2.5714285714285694,0.8360394398016775,0.9403895731393334
143884,-10.277678571428567,0.5437907172728299,0.7971517387052182
143888,15.38035714285715,0.696627167062168,0.8779125660795634
143903,14.94642857142857,0.5152768017221253,0.7804520786236689
143941,-3.0526785714285687,0.551885178103744,0.8020529823412134
144097,-2.3482142857142847,0.7073220249274855,0.8832978907029873
144100,5.099107142857147,0.5887321658143716,0.822930619094996
144108,51.55000000000004,0.30786862617068383,0.6368151383026852
144110,-14.659821428571433,0.006612740990030317,0.18122967135939963
144124,5.170535714285714,0.2556116829820239,0.5928248916939752
144132,-11.488392857142856,0.2792189296786298,0.6135605315346996
144165,-33.90446428571431,0.5824385941388396,0.8186696380787201
144193,-3.458035714285721,0.7901895393980711,0.9209422146395344
144195,76.18303571428572,0.019705105284365806,0.23641453220133712
144233,-13.899107142857133,0.2261798643439501,0.564726645492989
144245,-8.587500000000013,0.28813793969267726,0.6215058799734289
144348,-55.860714285714494,0.7114027645404978,0.8853032971393978
144360,-9.716071428571425,0.014537019469344754,0.21716162281049847
144363,-534.8571428571428,0.01445034094717264,0.21716162281049847
144402,-6.395535714285728,0.8540883189923818,0.9467839674163351
144404,-15.216964285714287,0.11076387904584951,0.4302667640120775
144406,-3.4017857142857135,0.16151148270615592,0.4951020585870753
144423,-4.926785714285714,0.8457264143676617,0.9437422169595718
144453,-51.50535714285714,0.012908470639492482,0.21132150216095216
144455,20.18125,0.3243802297915416,0.6493722716166844
144481,-7.508928571428568,0.10962118520241404,0.4288868961448605
144486,0.20089285714285854,0.9258549762221723,0.9736516094121535
144501,-3.908928571428568,0.46993193190530447,0.7522896267321131
144535,-0.5464285714285708,0.919328471853437,0.9715721310251604
144568,-15.949107142857152,0.06900190011186842,0.3602443627950306
144571,-29.396428571428572,0.01991337441290926,0.2368136490988186
144577,-11.40625,0.06565920873988546,0.3540557082580971
144608,-7.624107142857142,0.1219598566474975,0.4452058127165222
144699,-24.524107142857133,0.500255863685802,0.7706164411861839
144715,-5.296428571428572,0.03803955480106101,0.2878870261757969
144717,17.735714285714288,0.1266707173012207,0.452133562440368
144742,-5.675892857142857,0.08239176572824809,0.3833520373748587
144766,-2.0401785714285707,0.4103522015286244,0.7135480441255668
144776,-2.493750000000002,0.5383481545961976,0.7936052143789085
144809,-3.849107142857143,0.09234926478303589,0.4007298453978164
144811,103.93482142857141,0.10678688066502964,0.4243148764796872
144817,-0.4428571428571395,0.9542311908728712,0.9842645951523749
144920,-5.123214285714285,0.22864013182069842,0.5669736640502878
145173,63.40803571428573,0.009786252029195447,0.1979263415238281
145226,-3.0901785714285737,0.4387973248488129,0.73188663014365
145258,-1.0383928571428576,0.32632040377197497,0.6507483705814907
145264,-11.354464285714284,0.050554700195367196,0.3189101006962163
145270,-18.19017857142858,0.07546092902825986,0.3721654604564413
145282,-11.775000000000002,0.18685481499119785,0.525884987491552
145376,15.993750000000006,0.4441718458872527,0.7361350613484554
145389,164.23571428571424,0.0035463626403958236,0.15830078651700105
145407,-1.645535714285721,0.8884120984782619,0.9592576867566991
145438,-16.924107142857146,0.1735272404216491,0.511268085900397
145474,-2.450000000000003,0.8694374250743152,0.9523917727801926
145482,311.2750000000001,0.0005150962968416663,0.10469227218526304
145483,-220.02142857142866,0.231719252969522,0.5693563524236335
145497,-7.4973214285714285,0.23398753687854104,0.5713333473873417
145501,1.0419642857142861,0.9047094008009033,0.9654654675179052
145508,66.49732142857142,0.16889534791335492,0.505438048558439
145567,-55.133928571428555,0.01178404240155573,0.20706627471402037
145581,-52.68839285714286,0.07280171279773626,0.36687854416536014
145645,-3.858928571428569,0.1233465959243301,0.44722844327826167
145678,-10.966964285714285,0.04210234046378072,0.29806098084741345
145694,1.4848214285714274,0.7546660950073378,0.90414078237633
145741,-19.41964285714286,0.14829625810854583,0.4793609120278119
145748,-6.455357142857146,0.5294156719323072,0.788563540003239
145773,-5.047321428571426,0.2705456283097702,0.6057444947719227
145781,-94.0419642857143,0.008248345752107868,0.1897704920352109
145783,-54.947321428571456,0.12428203690309356,0.4489673186439802
145788,18.88214285714286,0.19978726833756805,0.5379446337965191
145820,-20.866071428571438,0.043271995594610625,0.30062215490919136
145837,2.628571428571428,0.5302715769931646,0.7891149497976502
145845,-17.78839285714286,0.08070877200611441,0.38086933449286253
145853,-237.32499999999987,0.10644331369004706,0.42375041328115065
145858,0.7678571428571432,0.8244959759752429,0.93483590798075
145864,24.447321428571435,0.028848290757075398,0.2612977279769292
145873,-11.429464285714289,0.31367538789639343,0.6411100084180672
145942,-4.700892857142854,0.512145418904544,0.7785561579993867
145945,-10.67142857142857,0.11503020151271295,0.4367249682457871
145946,-6.2383928571428555,0.256307353131897,0.5933945008674826
145957,-13.408035714285715,0.011987334030278135,0.20780199369228186
145978,-1.6223214285714302,0.6398802966564423,0.8499661140324818
146050,8.134821428571456,0.8029386729068675,0.9259476309745679
146057,-27.210714285714282,0.017497960599236004,0.22851893511515692
146059,12.888392857142854,0.13868734872376584,0.46745277190917484
146177,0.37857142857143344,0.9862403668692258,0.9952933138778727
146198,71.14821428571429,0.06480872679355869,0.35215525397690084
146206,-8.724107142857136,0.3784944671142074,0.6901052119074697
146212,-2.5616071428571434,0.2955764708222402,0.6270525319912047
146223,81.46071428571426,0.0768912029037725,0.3744172024017035
146225,8.05625,0.6202662249300125,0.8398686408293526
146227,-9.380357142857145,0.04335924609145708,0.3008078644905997
146279,-2.5187500000000007,0.011072145797808382,0.2038281385505634
146310,-17.95803571428572,0.00693490361790775,0.18274528938036788
146325,-16.8375,0.10065624120840606,0.41388297803789925
146330,24.47232142857142,0.14891387619296198,0.479829308528755
146336,6.09464285714286,0.4764222796497592,0.7563561984603161
146378,-9.283928571428575,0.06445515702281186,0.35147029819475134
146395,-3.161607142857143,0.5440583642576945,0.7973407421070964
146429,-7.7982142857142875,0.04497365780401195,0.304419953119964
146433,-2.3794642857142847,0.6873727789719046,0.873535241389231
146434,-3.441964285714292,0.6828741639040725,0.8713954678707942
146439,-9.386607142857141,0.22839780629130446,0.566655793849327
146456,8.23125,0.045824537119597,0.30632936706469677
146512,-1.8830357142857141,0.08866386029398876,0.3950209062560166
146513,-6.266071428571429,0.2326930828802688,0.57019227310622
146540,-4.603571428571431,0.4900471156817676,0.764148134783123
146542,16.495535714285737,0.2145331497300402,0.5535498107320582
146547,-5.633928571428562,0.520828568978803,0.783586087584713
146556,7.116964285714285,0.3389182630732251,0.6600985197631525
146562,-4.023214285714285,0.2876554439444522,0.6210536012345176
146664,-2.117857142857142,0.679763252629489,0.8695957492403029
146691,-26.75803571428571,0.04699281045798326,0.3085913898378855
146705,31.12767857142858,0.06335298703870927,0.3495393541124301
146712,13.238392857142856,0.19795539390049954,0.5362669798570913
146713,4.941964285714285,0.5051412752522535,0.7743677234457736
146722,26.050000000000004,0.13836103047521836,0.4671414932217219
146723,-2.5374999999999996,0.5936952443005973,0.8261024044805938
146754,-2.016071428571429,0.1702444884437049,0.507036532074636
146760,6.549107142857146,0.41589092136872813,0.7177151707003665
146771,-2.158035714285713,0.4928671306362343,0.7659261588984003
146795,-2.9857142857142858,0.39664781941656924,0.7034476550558895
146802,-9.709821428571429,0.019818710472652528,0.2365299129704636
146822,-10.927678571428572,0.23219444099557526,0.5696325541263133
146845,-17.963392857142857,0.03473404260925784,0.27973357413000277
146849,-3.838392857142857,0.14978489281973517,0.4808892039718321
146850,0.23214285714285765,0.9628980845465236,0.987367831443758
146852,-8.240178571428572,0.07230292842399293,0.36575733854776715
146853,-0.3785714285714272,0.8224160759019252,0.9338595114814026
146857,-6.926785714285714,0.2819208380051163,0.6155850991936973
146861,-9.036607142857143,0.23159013222491076,0.569298146333532
146862,-620.5848214285713,0.007937466383867584,0.18798333344091506
146880,1.3517857142857128,0.6796752356071246,0.8695957492403029
146894,-125.76517857142852,0.14084840087156938,0.470042127183514
146909,29.728571428571424,0.026406130073953857,0.2547840671847478
146923,-15.322321428571442,0.15480830748432714,0.48720107130061513
146956,42.84732142857142,0.007200091852870416,0.18466898422899203
147004,-5.911607142857143,0.34343333712958785,0.6631194807838569
147011,-7.87142857142857,0.2398983205318217,0.5767475926581546
147015,15.058035714285712,0.11281535278322705,0.4329458421718915
147040,33.60357142857143,0.01716879581513692,0.2273677590289096
147111,-0.01607142857142918,0.9981583495877818,0.999419619889975
147138,53.50624999999999,0.1742443778232492,0.5123769258630895
147166,-14.658035714285717,0.3943293394738355,0.7017729917499542
147172,-15.277678571428575,0.05514061231172242,0.3297400172966667
147179,37.89642857142857,0.3515678663202181,0.6695650791043106
147183,-42.24910714285714,0.0006990361249558834,0.11443053931725428
147184,54.66696428571433,0.1750476634861319,0.5133592131485459
147276,-7.334821428571429,0.07717519205794385,0.3750714334016071
147323,0.08660714285714377,0.9803236437823053,0.993368705150352
147339,-46.75625000000002,0.308358277191755,0.6372411386574142
147372,81.58482142857143,0.10696753701459474,0.4243502217687326
147381,-0.8901785714285708,0.7571815575686279,0.905447484406645
147409,-4.820535714285714,0.08567661570451542,0.3896683198165077
147429,-13.641071428571433,0.054280501146120916,0.32728685922322504
147463,-29.674999999999983,0.532193688807643,0.7903861595421601
147495,-23.260714285714293,0.20048440689509253,0.5387899911975965
147525,-26.506249999999987,0.0005003771927943907,0.10345946410441957
147645,11.179464285714287,0.02620166620895331,0.25436365411479445
147646,-3.1848214285714267,0.2456123676869636,0.5831232633686672
147650,5.767857142857139,0.3824692667558346,0.6933255858301457
147657,6.067857142857147,0.17484824466355733,0.513135222503956
147660,-13.099999999999998,0.14462506201229983,0.4746849433793525
147664,-12.43928571428571,0.2338573412374639,0.5712256362622321
147670,-2.7892857142857146,0.7619457225135651,0.9074587711730707
147685,-11.390178571428574,0.13603740133070794,0.4642252044023014
147686,-3.679464285714289,0.5433871088245992,0.7969256950433978
147687,10.081250000000004,0.03326161594989375,0.27547176078538005
147694,-82.07678571428562,0.7799261785618975,0.9160520750900664
147699,-3.1589285714285715,0.5561465964363365,0.8047882688022839
147700,7.752678571428572,0.16379267951124804,0.49862911773000573
147719,-5.1062499999999975,0.10401991005628948,0.41886055253554483
147727,-0.667857142857148,0.9246928719011887,0.9734967992297433
147741,-1.6330357142857146,0.24834033658225185,0.5857506037196952
147744,-0.4482142857142879,0.8834064775858794,0.9573999693196426
147746,-20.012499999999996,0.09370680096277703,0.4031537747824517
147791,-12.425892857142859,0.09157767744863755,0.39942356559472847
147798,-10.57589285714286,0.12712746642694064,0.4527040190990377
147807,0.6133928571428555,0.9443150412450408,0.9810199400606907
147808,-19.428571428571423,0.08732469656086676,0.3920898238043352
147837,-13.294642857142861,0.128132519495482,0.45397577531911626
147841,-19.929464285714285,0.006101188655431178,0.17879430951723688
147872,-21.339285714285722,0.005230924305624505,0.1719788252615874
147906,-32.9580357142857,0.01900093618509956,0.2341848480363648
147912,-12.154464285714283,0.018753464425516442,0.2334177894685613
147920,12.91339285714286,0.07092121375238473,0.36350367220322766
147923,-23.646428571428586,0.04912730144334083,0.3152730127679657
147929,-28.728571428571428,0.09860568780553465,0.41054416545595546
147945,1.2107142857142856,0.5097935851728856,0.7769683968703663
147947,-20.441964285714306,0.23978123760231196,0.5766203011042579
147948,-22.97678571428571,0.05270745349414561,0.3234489077723703
147949,-14.843749999999986,0.20230557230058188,0.5400656290987663
147965,4.192857142857136,0.6124654520235808,0.835466261081747
147968,11.283928571428572,0.265618511838587,0.6013537115848755
147991,233.6589285714286,0.08425475838389192,0.38730695431640244
148014,-7.029464285714284,0.010321949392080716,0.19919918727710903
148022,-15.98482142857143,0.08978515057651498,0.396719177935264
148046,-5.826785714285714,0.054725421304441094,0.32858691080829305
148066,-2.5080357142857146,0.7067900861501936,0.8832376966828442
148103,17.10267857142857,0.08669821912210478,0.39155998104254736
148109,-4.948214285714286,0.08677827211565167,0.39162278601242323
148113,15.481250000000003,0.1988103244582798,0.5370891283582883
148137,3.3008928571428555,0.6882687627981662,0.8740243308713445
148145,-0.4464285714285703,0.8382098939465451,0.941226607364051
148156,1.0178571428571672,0.950566468559975,0.9830377285085141
148170,52.91160714285714,0.007299674400148307,0.18545989676027355
148189,-16.87053571428571,0.06932566088422575,0.36075593770623693
148203,36.792857142857116,0.20019854594257402,0.5384327405849779
148213,-6.693750000000001,0.15452157828270421,0.4868736019651841
148223,2.942857142857143,0.7397123013795086,0.8980431143410436
148229,14.10714285714285,0.1768112890206904,0.5151421308326893
148231,-11.561607142857142,0.11959016368057859,0.44200582702870506
148252,8.753571428571428,0.18993544342688334,0.528884959926754
148254,-16.07410714285715,0.07618459928969057,0.3728852839529561
148266,-3.177678571428565,0.3843546736899509,0.6943685660964551
148268,-9.566964285714292,0.31975465985942136,0.645814036313926
148281,-8.905357142857142,0.35836950372728776,0.674301487242393
148304,6.077678571428571,0.48467570974686486,0.761144175953762
148327,-5.565178571428575,0.7237200966756022,0.8910621362789324
148345,-5.238392857142857,0.1656719827091032,0.5007619991110072
148362,33.966964285714425,0.6652089041278114,0.862516601808905
148398,-10.456249999999997,0.11755302623133264,0.43987170551101173
148413,13.413392857142853,0.2954398895969502,0.6269938963378802
148418,-16.415178571428562,0.013493631561320883,0.21294599255817426
148423,41.32410714285703,0.4785982122884632,0.7578455158177733
148479,5.274999999999977,0.879024727302456,0.9556516467213175
148523,-100.30982142857145,0.03125481766486721,0.269113645437303
148534,-92.22232142857142,0.010333627099090126,0.19919918727710903
148545,-4.878571428571426,0.4165139415285107,0.7179604058237206
148581,1.4544642857142858,0.6172200870454052,0.8383413331258549
148641,-5.7857142857142865,0.19478450934808625,0.5337957058455661
148645,-1.7232142857142865,0.46537870692178673,0.7495409005819224
148696,0.18214285714285516,0.9649936553294667,0.98778965381803
148709,-10.922321428571433,0.010022875205647583,0.19819193557641285
148738,-419.58303571428576,0.017170682129477432,0.2273677590289096
148741,6.016964285714295,0.5842564135423457,0.8197762057748287
148753,-4.142857142857145,0.26411823238971344,0.6002499214125472
148756,-0.3437499999999991,0.9115004639207442,0.9684397142643267
148789,-53.13482142857143,0.3203903042923985,0.6461867279395825
148808,-6.294642857142856,0.03053128403016852,0.26700223198168005
148811,-4.633928571428573,0.33169047369820065,0.6547819661029461
148823,-11.560714285714287,0.03297991625727089,0.2750260095715255
148824,-0.2375000000000007,0.943864742386085,0.980781967614254
148867,291.6866071428572,0.011200179118045883,0.20461183935253394
148870,-4.405357142857143,0.1195806194340615,0.44200353017809746
148898,-7.8348214285714235,0.5222232558303611,0.7844618955625039
148930,-10.938392857142855,0.05762419471179889,0.33699891388037273
148932,12.655357142857156,0.18648588933552018,0.5254646464347333
148979,15.329464285714291,0.27827692785047436,0.6126571280591537
149018,-1.2339285714285708,0.7588596821693134,0.906209748966991
149041,-86.9982142857142,0.24699904199603395,0.584415467419645
149047,-2.9044642857142846,0.09118939753877983,0.3987353793861496
149069,-14.972321428571426,0.20378035632525296,0.5411849051259683
149076,98.02232142857144,0.3303779577028475,0.6538082683293466
149086,-5.808035714285712,0.4193512921576454,0.7192369897264435
149095,-0.36785714285714377,0.6280059518869794,0.8439166216839721
149111,-5.070535714285711,0.3984074180569563,0.7046981845383224
149134,-13.197321428571431,0.05505718365088198,0.32945731816919915
149175,5.772321428571427,0.2906329442780455,0.6235443004295333
149233,-7.356249999999999,0.08029425681078974,0.3799637983654813
149297,-9.301785714285717,0.1385471805742031,0.4673659364446294
149345,-19.99732142857142,0.05539739280646503,0.33057394880267965
149351,-7.811607142857143,0.009456553976850962,0.19621900898835917
149371,14.115178571428544,0.7032075941149908,0.8813898506649849
149373,-11.755357142857143,0.09994334438366136,0.4127372802378991
149401,-5.284821428571433,0.7408278178419636,0.8984486600383595
149420,-23.173214285714266,0.13502588224168552,0.46265846996081833
149428,-2.314285714285716,0.5197713915105507,0.7829003782704581
149461,-16.264285714285712,0.07568943310186287,0.3724243073423383
149465,-15.918750000000003,0.18070049419528378,0.5199347184573803
149466,0.5964285714285724,0.825587230260327,0.9353872353126671
149473,-0.47499999999999964,0.47879161162959916,0.75794578046929
149478,20.850892857142853,0.09888495797291176,0.4109870830231053
149483,-10.937500000000004,0.13213142259749858,0.45881702531612933
149499,1.7999999999999998,0.5105320034183004,0.7775736054068632
149563,-5.824999999999996,0.4384498437353779,0.7317518797339265
149603,56.07053571428574,0.27173099379954213,0.6068035076707536
149620,-1.4401785714285715,0.6375150219126025,0.8488270870931429
149628,29.851785714285707,0.06788434386654063,0.3580874578777722
149643,1.7919642857142861,0.7196328427484793,0.8892739445648797
149647,7.756250000000001,0.48713148583962795,0.7626249567140551
149650,-0.2455357142857142,0.7347180853562314,0.8957079762052255
149684,12.860714285714279,0.08370633931042128,0.38598668312366397
149685,5.158928571428575,0.4636065426685279,0.7484458952379528
149699,-14.926785714285714,0.05967556855543999,0.3419851267093181
149703,-4.195535714285715,0.10252437679716433,0.4165249864253265
149708,3.919642857142856,0.29755825292227417,0.6284377888799961
149773,-31.770535714285714,0.2451876068019978,0.5827522344765793
149775,2.255357142857143,0.5934478705334725,0.8259326033197812
149830,-5.478571428571428,0.2686340410184393,0.6040785613815024
149837,-8.927678571428569,0.33371571857970594,0.656411369302469
149840,-8.029464285714283,0.35097024099085006,0.6691062424134289
149951,5.32321428571413,0.9435953804056074,0.9807070946978783
149954,6.511607142857143,0.18619516381588355,0.5250513477556054
149986,-8.914285714285715,0.1642110574634322,0.4989296786225704
149992,-5.534821428571426,0.3999465400305346,0.7059589047996603
149998,-1.7258928571428562,0.46472055866462,0.7492094006267472
150000,-8.258928571428577,0.5118635433640403,0.7785039124772928
150005,-8.783928571428572,0.09530607300788455,0.40560745785990515
150051,0.7232142857142883,0.8857219810094069,0.9581968026820369
150082,-21.145535714285714,0.005293128497554822,0.17223304559742367
150084,-4.969642857142857,0.07566308800345878,0.3724243073423383
150094,171.77678571428572,0.02289320942304186,0.24461329396224618
150135,-4.702678571428571,0.4057134476714051,0.7100407397789468
150142,-15.20267857142857,0.016599049819499646,0.22475972927854593
150147,0.6812500000000004,0.697017797583628,0.8780574186186089
150160,-5.57946428571428,0.5403095752999644,0.7948108854878817
150185,-2.3937500000000007,0.1689697537510132,0.5055443201326902
150197,-4.479464285714283,0.4839704631561893,0.7607695093170218
150209,4.7544642857142865,0.387350235178086,0.6966341274419213
150223,20.131249999999994,0.01984222716318463,0.2365299129704636
150244,-0.3776785714285724,0.884121038509735,0.9575182363398661
150248,-7.217857142857143,0.04525565839667758,0.305145775420415
150274,20.31160714285714,0.3316635805867662,0.6547819661029461
150275,46.79821428571431,0.19197521764362332,0.5307117159348059
150280,-1.4589285714285722,0.7547454742341861,0.9041811758225664
150290,40.96249999999998,0.10031949754238255,0.4133671360411309
150291,-6.08214285714287,0.6813958483946325,0.8705123726190277
150297,-1.257142857142858,0.7439022250757207,0.8993724457366914
150350,-1.425892857142859,0.7899354301477626,0.9209219383153173
150353,0.47946428571428434,0.8825768531432716,0.9570357033896474
150356,-4.746428571428567,0.5249307836778658,0.7858886907843652
150365,81.59285714285716,0.16106091089996444,0.4946162136256704
150368,20.53214285714286,0.12553154941985045,0.45103015849957484
150372,36.31071428571428,0.024784984039306797,0.24974548513621436
150378,-78.35089285714287,0.04140873529323666,0.2967797357792969
150379,-4.28125,0.33923376254649545,0.6602240330633382
150381,-127.17678571428576,0.18733279012502774,0.5263074569811426
150383,13.670535714285712,0.12612801401616838,0.45179052165181766
150384,-5.270535714285717,0.23722723421937822,0.5742068432146514
150465,-63.38392857142861,0.24535914298145114,0.5828963327180722
150468,10.513392857142858,0.12634346014107414,0.4519354125569791
150538,-13.000000000000002,0.004220821239722408,0.16550592912968334
150568,-5.258928571428573,0.18438326588031556,0.5233460922640482
150572,-641.7624999999999,0.017171599129021838,0.2273677590289096
150577,-5.529464285714286,0.26654780930094113,0.602281624650855
150590,-1.5339285714285706,0.22531110066807228,0.5637791094245223
150596,-21.760714285714286,0.0065957955549180314,0.18122967135939963
150622,6.147321428571427,0.43026482717903763,0.7261167178842485
150677,5.196428571428572,0.10548838685435438,0.42166819354158686
150678,26.330357142857167,0.7748614617863705,0.9134310579684286
150684,18.652678571428567,0.6734798757903706,0.8667840165497406
150696,-17.59196428571429,0.119020708522337,0.44129553957768847
150709,-8.339285714285708,0.1673478751560154,0.503379546006628
150737,12.193749999999987,0.34078106595035484,0.6611854074107754
150759,23.216964285714283,0.3541429442484097,0.6712195034481634
150763,14.333928571428572,0.2552147408524424,0.5925393554207224
150771,-4.1875,0.611820493108984,0.8351264604229263
150776,-12.61339285714287,0.28182636050067383,0.6155850991936973
150786,202.4767857142857,0.10606173990073801,0.4230013588936356
150864,-4.737500000000001,0.5982455301126607,0.8287051996041935
150946,-5.4401785714285715,0.37074861634856876,0.6844949146142514
150962,-7.323214285714286,0.10350948574963924,0.41801275329317106
150967,-18.956250000000004,0.031741399211423826,0.270573901135734
150992,-5.612500000000001,0.012965171283688053,0.21137711545547824
151011,-423.6107142857145,0.045391864845947795,0.30549653930360027
151050,-37.48392857142858,0.03149270215434539,0.26988455960640034
151056,-2.8901785714285744,0.6774545544167535,0.86851425083278
151112,0.8553571428571431,0.5451437408728853,0.7978712547254533
151121,-41.29821428571429,0.018517923929723606,0.23234639598803716
151126,-222.25803571428582,0.5704584245921415,0.812340772402482
151171,-13.388392857142861,0.1303328290068898,0.45708450455110333
151174,2.8982142857142854,0.6935709803266347,0.8768873476554225
151176,66.53124999999999,0.18793691667069418,0.5269442951480544
151188,55.83303571428576,0.4995009616034188,0.7701079857311953
151194,31.486607142857146,0.015155962155616575,0.21898676465652597
151195,86.72767857142853,0.06785322737071207,0.3580615004819692
151230,-8.63482142857143,0.003028752598196294,0.15178464556038715
151242,-20.11607142857143,0.011405750441632825,0.20608374269539811
151246,21.30089285714284,0.16446858417411228,0.49908023330727347
151254,-9.652678571428574,0.14805443771548737,0.47912940006143745
151258,-16.0875,0.05467203208343801,0.3284466931284445
151278,-7.808035714285715,0.12378112816918989,0.44798657461113767
151295,15.506249999999994,0.503712521457117,0.7733002328038987
151300,-14.224999999999998,0.011155880652299634,0.20440609070525553
151306,7.193749999999994,0.37538053860581677,0.6878915051707009
151354,-12.559821428571425,0.1311428960463136,0.4581914397937374
151393,61.58035714285715,0.08037402570585069,0.3800685588331922
151449,0.8080357142857082,0.9507378522480813,0.9830738118501442
151473,-31.21875,0.4829868727677625,0.7601305565816889
151477,3.58125,0.29811222076595023,0.6289161074272613
151484,0.524999999999995,0.9321606090997655,0.9760587042770353
151516,-28.379464285714292,0.021659850127064822,0.24141530947784665
151525,-35.75089285714287,0.04042146217826299,0.2950264910688198
151531,-7.866964285714285,0.08229591906082077,0.38310169217968293
151534,11.668750000000003,0.09394227885731386,0.40347778183597977
151556,51.26785714285713,0.15952617731980548,0.49246760459377587
151613,-160.3732142857143,0.06634822188959173,0.35543819982927155
151636,150.50357142857143,0.039513094673090374,0.29162776069805835
151647,1.5285714285714294,0.5673496055586672,0.8109051594476797
151648,-7.683928571428574,0.18303317527349264,0.5219767816648346
151649,-5.642857142857142,0.2056632439655115,0.5429831408476672
151651,-7.805357142857144,0.42854464609560594,0.7251217278640526
151657,-0.6196428571428569,0.8674835425563229,0.9515621276235244
151658,-7.822321428571428,0.15670435291896095,0.489113719470547
151742,-671.4732142857144,0.0018442704096800233,0.13688664260504996
151760,-7.560714285714288,0.07062025362485387,0.3629253094218334
151790,0.9437500000000001,0.4917730405272556,0.7653508045854529
151827,-0.34464285714285303,0.9244942974724879,0.9734296538821485
151835,-15.134821428571424,0.11494618981955991,0.43664803840175564
151871,-0.6303571428571431,0.9521926133974763,0.9836589037053058
151877,-5.6678571428571445,0.22528797360991037,0.5637791094245223
151887,824.2937500000003,0.12536355784082748,0.45081902952823216
151888,21.995535714285715,0.05665520530985197,0.3345819913648862
151903,78.03571428571433,0.08519531934873577,0.3887278655612552
151963,-3.6142857142856997,0.8502129778388599,0.9453261842514693
151987,-59.53303571428569,0.21912109202631289,0.5580619143186898
152002,9.161607142857141,0.019900391393697682,0.23677050175075656
152006,7.288392857142867,0.9139425167868341,0.9694111096271434
152007,52.85446428571436,0.6628076133374027,0.8614345744448618
152015,-4.461607142857142,0.2387510661498159,0.5755098554687058
152024,-8.099107142857143,0.17850197601663434,0.5174075297625568
152048,-0.17678571428571033,0.983953268670396,0.9946702548975526
152065,-2.165178571428571,0.6060813400327583,0.8322682147723027
152078,-9.014285714285714,0.010589328871946864,0.20068338165466024
152098,-9.541964285714279,0.07572775074180071,0.3724243073423383
152100,55.40267857142848,0.25918477794940503,0.5961528227126308
152110,-6.255357142857147,0.4708289882729832,0.7529710697854615
152118,-7.986607142857142,0.032071754352723254,0.2717103135839495
152137,-104.98303571428562,0.23141647839266835,0.5691977127229809
152185,38.78392857142857,0.0011477153913890708,0.1240993704425147
152189,-5.93571428571429,0.6118283201731124,0.8351264604229263
152195,13.124107142857142,0.05392907083878726,0.3262598525696455
152206,-25.824107142857144,0.1126524403225405,0.43263803330434963
152217,-0.39821428571428896,0.9693296192121905,0.9892076577445124
152225,-10.517857142857139,0.11256847288970201,0.43242332995464466
152273,-150.98571428571444,0.2910023347999317,0.6238143919704822
152274,-2.7080357142857157,0.28742337208630947,0.6208467473458822
152286,-5.612499999999998,0.06342928797153513,0.34963164833588906
152302,-8.999107142857142,0.05961297155045445,0.34190601228092404
152330,-59.95178571428575,0.21229578662951892,0.5505251438991152
152404,-27.66428571428571,0.004157081110829576,0.16481026338152016
152405,-9.32857142857143,0.18747418570127233,0.5264316729093044
152485,35.11607142857142,0.02464464546429624,0.24905360539264293
152503,-147.6232142857143,0.38563087549964503,0.6953961556986773
152518,65.81874999999997,0.22717348723302686,0.5656150381672147
152559,-25.923214285714295,0.3041029130549403,0.6335172034968451
152573,-14.187499999999993,0.02093322665347412,0.23909007045721697
152578,-1.7321428571428577,0.6434574314911915,0.8516966874084513
152579,59.47142857142859,0.004638447117892632,0.1688462690884019
152586,-3.630357142857143,0.38745479004251915,0.6967304931943672
152641,2.113392857142859,0.6604889752693864,0.8605117171723229
152687,-209.50357142857146,0.2599493698643576,0.5964204429577301
152742,-0.06428571428571139,0.9916823329800161,0.9972453845076766
152756,-17.072321428571428,0.009655816955780357,0.1972122668008337
152789,4.594642857142856,0.2365064699569561,0.5734222765763409
152815,-20.868750000000006,0.05072830079841385,0.3192068745447988
152816,2.2982142857142853,0.23502633195159964,0.5721820066018144
152831,-100.01160714285712,0.022949133517851196,0.2446432540456128
152877,9.504464285714285,0.13294630508862523,0.4599948886672943
152926,-30.028571428571524,0.714313679790129,0.8867232259380081
152940,0.6508928571428578,0.8483036648169163,0.9447121175136681
152992,-7.445535714285713,0.1746906199967247,0.5129267841856464
153020,-1.8571428571428505,0.8584345727295147,0.9483234793437579
153090,-18.441964285714278,0.04037003455315868,0.2949914419178924
153129,136.55446428571435,0.09780069348686499,0.4096256255855939
153163,-9.036607142857143,0.02658232825654306,0.25519698554243414
153218,-3.976785714285711,0.5369689011638344,0.7929446231230964
153222,52.425892857142856,0.49349292708777354,0.7663085995036643
153241,108.57946428571427,0.16155329590105133,0.49517470867754126
153328,-6.053571428571431,0.1919460327665393,0.5307117159348059
153339,371.51339285714283,0.007231210164284544,0.18466898422899203
153364,-25.639285714285705,0.28142141339735727,0.6153768827876376
153396,26.240178571428572,0.5236243505694296,0.7852857165258678
153443,-0.7901785714285694,0.8924578739686216,0.9607159514638177
153469,-0.4151785714285712,0.6190564017983307,0.839240734863474
153478,2.130357142857143,0.6692526057434656,0.8646013489396666
153527,-15.991964285714289,0.7239627720657656,0.8912405053181667
153546,-40.37232142857141,0.02135744955765576,0.24020584864565522
153562,-18.21607142857144,0.4050424945884044,0.7095535053943831
153572,-6.142857142857144,0.4397609459390907,0.732689228401383
153577,2.8294642857142804,0.6426482606551325,0.8514088941171186
153579,-132.52321428571423,0.025407930443621142,0.2519366334793228
153642,-25.61696428571429,0.12125701729138227,0.44414332554473945
153643,-7.007142857142856,0.1782872082780542,0.517300327910017
153657,-11.589285714285712,0.10357596550534913,0.41818964409254344
153682,12.475892857142853,0.14813591788248293,0.47918463188851823
153684,-13.392857142857146,0.15669522235507785,0.48911345525598776
153733,-9.25357142857142,0.5221517991637752,0.7844356781673579
153745,-2.718749999999999,0.18028181582711478,0.519379431695284
153768,15.209821428571445,0.346352630930576,0.665354338330546
153769,-20.874999999999996,0.07682511838156379,0.37440535084240406
153770,0.3410714285714356,0.9598906450591451,0.9860222639050231
153811,-19.026785714285715,0.033491525668018454,0.2759001304654074
153830,240.12946428571433,0.15433766986729072,0.4865320629609156
153910,-5.169642857142861,0.38692449246495775,0.696311783454286
153918,-6.635714285714286,0.16658386197062733,0.5021400862392538
154007,-14.351785714285697,0.4223310123401845,0.7211932023607608
154043,-15.625,0.6162802919905147,0.837687076486212
154075,27.099999999999998,0.16637592310777838,0.5018964788052003
154089,-7.447321428571428,0.2844212488649946,0.6177738975793579
154091,94.55624999999998,0.6118613275914215,0.8351264604229263
154092,0.4294642857142863,0.6407876006146721,0.8503862245104783
154141,40.52410714285712,0.031183408805393116,0.26886198072317047
154150,-6.205357142857153,0.5690256996019515,0.811578714276516
154197,-6.9178571428571445,0.34492976970802697,0.6642587993248124
154214,-58.022321428571445,0.15218974628574047,0.48378231381501086
154215,-10.109821428571431,0.044121416174860914,0.30267633804737953
154288,-1.6410714285714292,0.6439797481075791,0.8520220946340347
154313,-0.12321428571428683,0.9883691758232325,0.9960570786525212
154386,-10.43482142857143,0.22976656242879515,0.5676957065700855
154442,-23.096428571428568,0.004208278836277193,0.16529518588424838
154467,33.705357142857146,0.0420957066628877,0.29806098084741345
154661,-46.856249999999974,0.24973360605960046,0.5875070085757935
154664,1.7857142857142854,0.29802605535800586,0.6288646565911209
154743,25.896428571428572,0.3665864214113009,0.6805472898733735
154754,-8.37857142857143,0.3304942478101348,0.6539437246315548
154761,29.253571428571426,0.027544601102631,0.25715973243274204
154790,-2.359821428571429,0.7062576509809654,0.8829646326224401
154791,-145.9124999999999,0.02409353033243899,0.2477526110470337
154796,-9.710714285714285,0.1433707181722992,0.4730143625434745
154807,-94.62499999999997,0.023262636127436807,0.24544870254481355
154810,-260.25714285714287,0.02497663358075929,0.2504621285450221
154822,-19.218750000000007,0.01707774294654962,0.2269629546919301
154865,-17.417857142857144,0.14130163547808344,0.4705257989194863
154872,-7.098214285714288,0.2207620762747921,0.5593544573785341
154881,-63.08660714285725,0.5119209059699559,0.7785395547803216
155006,-17.564285714285717,0.04758605020545287,0.31034497470328154
155038,23.603571428571513,0.7123587629753987,0.8856597129909864
155051,-2.6830357142857153,0.4522977473750999,0.7409009449842022
155054,-7.101785714285715,0.050623648408494995,0.3189439085549983
155060,-0.138392857142847,0.992354681862698,0.997363741140018
155061,28.025892857142857,0.03040367490495548,0.2665257215694149
155066,-0.5723214285713993,0.9816044766332952,0.9939118432457572
155185,-9.06875,0.07206945835467969,0.365381142380733
155368,-2.201785714285718,0.5789562022415168,0.8167292180951358
155370,-535.9142857142858,0.0009236589693980981,0.11859210302321158
155382,-6.155357142857149,0.5048999951934766,0.7741063693447557
155400,63.65089285714288,0.2629385806559471,0.5991668809165116
155435,26.418750000000003,0.09671141869208662,0.40767638791141503
155465,1.321428571428572,0.7698145857390538,0.9112072956956038
157247,-21.308035714285694,0.14161951851941304,0.47104557580295103
157273,-1.4607142857142872,0.7276726392413927,0.8926320152234221
157285,-4.816071428571433,0.8891795824226102,0.9595755656629589
157310,-346.0374999999999,0.019287369208162552,0.23531535385013844
157313,14.537500000000001,0.15320328790660123,0.4852510230912762
157378,-56.55446428571429,0.36091952063662225,0.6765153001750942
157381,6.911607142857143,0.21720000816981302,0.5561491762101315
157503,-13.210714285714287,0.013273263397498436,0.21238396874799623
157506,-15.31517857142856,0.16038012257835269,0.4936916384640057
157556,-1.0473214285714292,0.8448442954269455,0.9433263596395174
157562,-26.93571428571429,0.004509905298006991,0.16782298714535615
157567,-364.60446428571413,0.012448679045377362,0.20949889459006726
157570,-18.079464285714284,0.08185762451415607,0.3826330866185846
157574,68.54107142857143,0.024158911138763388,0.2477749890286791
157638,-24.99285714285716,0.42574800720819184,0.7233847429937292
157657,2.3116071428571416,0.8634866882194934,0.9501133124818326
157680,103.77321428571429,0.054199975682802715,0.3269865426952706
157695,-70.26875000000001,0.09573455842912972,0.406262572346528
157697,22.267857142857125,0.16737652526934832,0.503400991983953
157724,2.0500000000000003,0.38818538478029446,0.6971464837859465
157739,-4.1875,0.30982747820799034,0.6381879259214222
157740,-5.453571428571427,0.12504275627205264,0.45024062876633447
157753,-16.69553571428571,0.001021495182103482,0.12149712386446927
157769,227.5125,0.004504600203505883,0.16782298714535615
157773,-0.8348214285714306,0.9209302088900203,0.9721374490020631
157777,-4.726785714285716,0.3058611431881348,0.6351535570591845
157807,-1.150892857142857,0.48696038687011883,0.762515989532717
157848,-14.114285714285714,0.3666738939685673,0.6806522144771588
157855,-3.0571428571428587,0.4500997379632936,0.7393742534230608
157860,-5.449999999999999,0.11888702632045428,0.4411071884345401
157869,29.41517857142857,0.47904091423326084,0.7580870249200472
157922,-78.79107142857143,0.010624344609175333,0.20082270679218137
157927,2.474107142857143,0.7234913134159485,0.8910442446209991
157931,3.3580357142857147,0.2818450191976391,0.6155850991936973
157983,-3.4035714285714294,0.4878213837213876,0.7631186031548741
158035,-7.366071428571431,0.08719784998292647,0.391894664445241
158038,-6.779464285714283,0.4166512848473246,0.7180320794562166
158046,-7.113392857142857,0.020596023020932514,0.2382045204675808
158055,-16.998214285714283,0.16875300665044723,0.5052609735837688
158056,-0.9562500000000007,0.4648458105235006,0.7492624401674418
158062,-11.642857142857146,0.01914769326902666,0.2345731860820149
158067,-13.175892857142856,0.24670976273240955,0.5842526122247792
158131,-3.5267857142857117,0.5764580588371847,0.8155062112778632
158135,-36.8294642857143,0.006852042965691759,0.1821044248782734
158158,-854.9214285714288,0.005016094923159543,0.17052867191247614
158160,-3.260714285714286,0.6409621189372798,0.8504433961752624
158219,34.63482142857142,0.012822442119782763,0.21086974007484077
158228,-11.063392857142853,0.010716627861389157,0.20124371728636564
158234,1.3017857142857139,0.9492713665515927,0.982516080761161
158248,1.665178571428573,0.7272717279049097,0.8924089473781399
158257,-14.813392857142855,0.003978293205816575,0.1629634942821897
158263,-11.620535714285719,0.03428612008526649,0.27860964641900754
158293,24.457142857142856,0.3222256696034731,0.6475424885349319
158295,-5.2267857142857395,0.9129243375645808,0.9689837404648454
158297,-10.8125,0.041493911889824146,0.29697338906605575
158314,5.172321428571429,0.36585694492623677,0.6800349639245962
158326,-14.792857142857143,0.004935224184157632,0.16997001039451554
158358,44.00267857142859,0.4300200546749161,0.7259043780384853
158376,-27.72946428571428,0.07062777680605511,0.362928257678826
158381,-4.613392857142857,0.06900206059310934,0.3602443627950306
158399,-7.935714285714289,0.041098703282567546,0.2962427635107919
158401,-16.24107142857143,0.17521101080440116,0.5135085650541182
158402,43.50803571428572,0.04877543326584769,0.3144436757234079
158405,-14.846428571428575,0.39099972935884136,0.6991042938845172
158427,11.05624999999992,0.8460674461463927,0.9438967593708749
158431,-4.865178571428569,0.37278459794783947,0.6858941995186483
158434,1.3142857142857132,0.8364253182892278,0.9405212448945443
158471,82.44553571428577,0.4801125642886288,0.758592573862738
158506,-7.173214285714284,0.37218002492191266,0.6854799242947968
158521,0.6892857142857132,0.7965085673069447,0.9236485591954698
158572,-9.34375,0.20728715452097482,0.5451382959804857
158584,6.383035714285718,0.5157982297665991,0.7807660080976967
158586,-12.342857142857142,0.02315333666454455,0.24518571709505393
158696,-10.314285714285717,0.0021219505038293797,0.1434502124029874
158724,1.9133928571428571,0.33840884118835396,0.6597433906925745
158747,-7.441964285714278,0.8604983707051592,0.9490316005273574
158763,-42.460714285714275,0.04253144547165679,0.2985884413408879
158787,-5.027678571428571,0.19317815330017085,0.5320947482403963
158798,2.8848214285714295,0.3426121622801846,0.6626302076237546
158800,-14.388392857142868,0.08821839283167998,0.39399939781670507
158801,3.649107142857142,0.47673482989304805,0.7566176146415791
158809,-4.475892857142856,0.006211612049485556,0.17952850950194416
158830,8.48392857142857,0.18855054414532274,0.5275923930282438
158833,-1.5580357142857135,0.6230844929761207,0.8419683502877533
158863,11.726785714285707,0.4659908835735214,0.7499058589957994
158866,-25.929464285714296,0.09213292355546414,0.4001499767658937
158880,-14.193749999999987,0.23655860212862803,0.5734865238053801
158960,12.801785714285671,0.715898418221598,0.8876611460456749
159013,41.04107142857141,0.06768020880962647,0.35765933753840085
159090,152.16250000000002,0.07914768254270829,0.3785670145238891
159091,-4.8410714285714285,0.49516883296185765,0.7672983772301771
159119,-5.513392857142856,0.3346224809900138,0.6571670689250665
159195,-99.32946428571428,0.0047215284619278606,0.16997001039451554
159296,-0.4276785714285709,0.6725364077230973,0.8663592037046253
159371,-7.710714285714282,0.23050361408311162,0.5685637959033714
159686,-15.205357142857146,0.003045853693529311,0.15203924887737885
159963,-5.707142857142855,0.1158892151638901,0.43834737336472396
159989,-4.794642857142857,0.1283645810447039,0.4543198775646807
160065,-6.038392857142858,0.27207425247231354,0.6070939636250202
160140,-3.7232142857142865,0.13457111184661374,0.46202044208562676
160287,-7.6544642857142815,0.03484285381578682,0.27990494157774676
160298,0.3446428571428566,0.9213906037621605,0.9722480220147858
160313,-6.902678571428569,0.009834942107488778,0.1979263415238281
160335,-13.688392857142851,0.16036623370849418,0.4936916384640057
160364,76.99821428571428,0.10763007424961613,0.42559329419212516
160365,18.247321428571425,0.23992230261715125,0.5767475926581546
160418,44.5,0.16660856523943854,0.5021400862392538
160419,-0.07767857142857126,0.8886549322998274,0.9593935612643352
160428,127.8919642857143,0.0164037843557874,0.2241849746414504
160492,6.094642857142855,0.23802836610140157,0.5749542432224859
160518,-14.366964285714289,0.8080387146942498,0.928023260887427
160622,-13.447321428571428,0.326475959252175,0.6509218414905138
160728,0.42053571428571335,0.8903100929894827,0.9597624534619957
160760,-462.44464285714275,0.01800575483254535,0.23028412759518527
160762,-0.7714285714285705,0.8122138210330745,0.9297334952052455
160777,4.080357142857146,0.5383195146589744,0.7936052143789085
160824,0.086607142857142,0.9685436121082877,0.9889354052171513
160851,49.21875000000003,0.19638906823926472,0.5350324609558353
160857,0.3598214285714256,0.9554560947827726,0.9844822782526135
160897,26.177678571428586,0.11949797604196334,0.44178512497599537
161003,3.616071428571429,0.3177790140417255,0.644194415955335
161142,-3.8133928571428584,0.48790229642275695,0.7631489755170087
161145,5.715178571428571,0.10077775916358063,0.41388297803789925
161176,-198.87678571428592,0.7212802289119297,0.8900825286814371
161198,-28.74285714285716,0.044919151977197064,0.304419953119964
161247,-319.04017857142856,0.01947002106016562,0.23572909713629342
161253,9.15,0.19476477572696618,0.5337957058455661
161291,-27.594642857142844,0.41495486909876106,0.7171273095244451
161357,-5.9312499999999995,0.00945647139864045,0.19621900898835917
161394,8.949107142857146,0.15836126371618664,0.4911453907585515
161406,4.389285714285705,0.8712703840207427,0.9531560460135835
161424,-13.113392857142856,0.16205005930753683,0.49579897901110603
161436,5.011607142857143,0.1827486413028035,0.5216863775732886
161502,-3.2732142857142863,0.04762322412702367,0.31043613512980534
161514,-7.378571428571426,0.10193074306074634,0.41593326089944915
161582,-3.8321428571428697,0.61556783726041,0.8372181965724605
161635,-2.198214285714286,0.4850837440810092,0.7614249456714853
161725,-27.4125,0.020259412202265122,0.238009362137482
161742,125.90178571428575,0.062154175367036935,0.34684664563315715
161753,-5.5267857142857135,0.17168004593890202,0.5088666181166924
161779,3.893749999999997,0.5859411766477163,0.821044461242315
161823,-20.798214285714295,0.022959509222849967,0.2446432540456128
161829,-3.4187499999999993,0.16956674202511224,0.5061324702126861
161835,-6.198214285714286,0.08527409990966792,0.3889190367501746
161882,25.54464285714286,0.020182035135069044,0.23744580766467172
161931,7.318750000000001,0.5443361661009037,0.7974310234339353
162073,403.5758928571431,0.43201084891048214,0.7273346624843914
162083,0.897321428571427,0.717547197784988,0.888423493260586
162137,-6.15535714285714,0.11449243160991351,0.4356209950084914
162239,-15.047321428571426,0.03638985515486106,0.28322640475940836
162282,-24.212500000000006,0.1031232973093069,0.417402004766535
162333,-6.336607142857142,0.1953201804645214,0.5341789438922651
162387,0.159821428571429,0.9165344093197169,0.9705515732405392
162394,-29.18571428571431,0.3050867201676218,0.6343020178501427
162417,6.7616071428571445,0.24531397608055655,0.5828963327180722
162427,53.092857142857156,0.12119130220058585,0.44402160743932395
162461,-11.54464285714286,0.01649381440870561,0.22438400169096276
162466,-7.951785714285714,0.052919196628277446,0.3238713293558238
162494,-21.6,0.0014128019793347606,0.12793530972030986
162514,-12.555357142857144,0.15182563748936073,0.48338783616181646
162515,-11.543750000000003,0.03508129966685348,0.2807479594972503
162517,0.38035714285714484,0.900510872663575,0.9637890809131576
162540,-3.8258928571428577,0.033635037486069025,0.2764179898935509
162655,-12.13035714285715,0.3735887600696275,0.6865178454880813
162681,-12.383035714285725,0.6122887703842126,0.8353939783644352
162962,-26.59017857142858,0.3099214230026464,0.6382520547918826
162963,-6.29553571428572,0.43737998483037216,0.7312132609052058
162966,51.52589285714285,0.19318322220852194,0.5320947482403963
162967,27.916964285714286,0.1516993963339618,0.4833394345962996
162968,-2.2098214285714293,0.0580582550343259,0.3382710031971194
162972,16.29642857142855,0.7265977415621248,0.8921793350652559
162979,-9.001785714285715,0.0797818781495864,0.37926354028957737
162989,83.65535714285716,0.001949518861977697,0.13973184654505375
162998,-10.444642857142853,0.538925805364028,0.7938885784014339
163033,-2.5553571428571473,0.7594982388718793,0.9064025030233533
163049,55.38482142857144,0.05540098935306729,0.33057394880267965
163050,5.726785714285711,0.5733631968542261,0.8139569466728258
163051,-15.241964285714282,0.05277942000753391,0.32355010479961216
163071,-14.379464285714288,0.01066893604671406,0.20107689705415072
163081,3.209821428571429,0.41098559791139616,0.7139201768325841
163087,-0.7062499999999972,0.8899371809455464,0.9597575672315888
163115,-4.755357142857143,0.2762152504040011,0.6107768670969327
163126,-22.064285714285745,0.08989938120753156,0.39693520693868917
163131,-11.10625,0.1069909994273553,0.4243502217687326
163154,-4.169642857142856,0.3987060309361825,0.7049982937626784
163175,-20.387500000000003,0.012736690072582296,0.21057711814890748
163183,-4.778571428571425,0.39090261235100143,0.6990543168235601
163227,1.736607142857146,0.8629801698513802,0.9498994774423531
163255,-13.444642857142853,0.06964502304804653,0.36151446194604003
163259,-154.35625,0.0037378613850341607,0.1602882911582296
163351,-13.899999999999997,0.04907558857455302,0.3151776711494017
163404,5.361607142857144,0.23084752098965203,0.5689757115858641
163479,-8.219642857142858,0.4856142164305436,0.7617030104886844
163486,57.584821428571416,0.2733155390894996,0.6080536743049476
163589,0.2339285714285717,0.9279665917082628,0.9741490678591165
163590,202.59553571428563,0.06522153314774971,0.35311121807887985
163688,-12.138392857142856,0.06780033622713635,0.35790450875919083
163702,-13.651785714285708,0.1068477813847364,0.4243502217687326
163720,-3.639285714285715,0.3181295773124331,0.6445020865606573
163732,-5.7258928571428545,0.23869616659232754,0.5755048473305879
163742,-2.1714285714285726,0.5460796396443709,0.7984260205351776
163747,-0.6705357142857142,0.8905371405271025,0.9598548382680749
163778,-22.981250000000003,0.2740437383380101,0.6087676793328655
163782,-46.32857142857142,0.00096990908659288,0.11943643988618405
163786,-6.415178571428562,0.4408259857348798,0.7336448392513911
163859,43.6473214285715,0.43906635531628707,0.7321120151545591
163882,-122.35267857142856,0.02066655739185102,0.23824258812783244
163933,-3.145535714285714,0.6242714339042378,0.842392039308806
164045,-4.706249999999997,0.26633531019037254,0.6021288076686495
164091,14.32410714285713,0.3082740920710077,0.6371471832283455
164127,7.410714285714286,0.11897097768055238,0.44124108559038133
164153,-2.4187499999999993,0.13692171493278998,0.4654904483641614
164237,-5.022321428571427,0.1786113599180292,0.5175447792999035
164284,190.21339285714288,0.11411797091721944,0.43488470321247247
164312,3.3714285714285714,0.22707426473659684,0.5656150381672147
164380,-2.308928571428571,0.28278251600476084,0.6162418947022202
164395,-8.3125,0.16913662123742645,0.5056342482451907
164592,-7.924999999999999,0.041745027077560073,0.29743981205417847
164633,-13.833928571428572,0.019644599537808262,0.23639988487869187
164656,-20.464285714285715,0.04772707185957294,0.31068314382489454
164684,-8.699107142857144,0.13287931028522854,0.4598570002113418
164781,3.0241071428571438,0.7723099349928859,0.9120414138193148
164832,-110.79464285714286,0.0008201545800952784,0.11789051123565568
165055,9.284821428571428,0.1504503319908803,0.48186233387624505
165082,-9.384821428571426,0.1257108845112426,0.4512962974820873
165100,0.43303571428571486,0.8739213935851758,0.9541255255550128
165140,-27.783928571428568,0.21410933556916542,0.5530087986399708
165186,2.320535714285711,0.8412837867268017,0.9422950595994568
165215,-25.63035714285712,0.5110782829450041,0.7780352933150837
165324,-234.3812499999999,0.5635454297679785,0.8088594948360889
165530,-7.334821428571427,0.11714291944084207,0.43949695467151856
165545,-1.6508928571428587,0.7355305635718001,0.8961589651986221
165631,3.386607142857148,0.6328639174730867,0.8465280657575783
165679,-7.983035714285714,0.2178800923650593,0.5569930011885095
165721,-5.761607142857143,0.12818863574217385,0.45407570557569793
165829,-22.869642857142864,0.012383801071097832,0.20890960254601643
165904,-351.73571428571427,0.02390509622945516,0.2473525996111773
165918,-39.458928571428714,0.5729354844137718,0.8137484766936739
166012,2.5035714285714334,0.8050360694161163,0.9268328595726499
166336,24.73124999999999,0.5866293018848163,0.8213961839869808
166348,-221.54999999999995,0.010401477466797926,0.19919918727710903
166378,7.72053571428571,0.22689120662947082,0.5655024278553208
166379,19.251785714285724,0.1793968854179499,0.5184165083208233
166614,5.419642857142858,0.1583531324899313,0.4911453907585515
166647,-211.92946428571432,0.0036217356725685773,0.15872872242298958
166752,-0.7142857142857135,0.8913270570290391,0.9602432827542849
166785,-41.522321428571416,0.028014756512766595,0.25847229367794694
166793,4.262499999999996,0.7220863030656582,0.8904113389424451
166815,11.1142857142857,0.5962772009146748,0.8275017106095417
166824,90.74285714285713,0.2215194385018458,0.5600655023723768
166863,3.977678571428571,0.1097128258719883,0.4290193645080075
166929,30.62946428571422,0.8263851950142312,0.9356902447275325
166968,-12.793750000000003,0.30784591846805354,0.6368151383026852
166979,-15.341071428571421,0.054980961086901384,0.32923371877243685
167153,150.83392857142854,0.01712692227366659,0.22717478780027187
167227,142.48125000000005,0.06380027704343937,0.3503340385491328
167359,11.881250000000001,0.508433664914485,0.7761506206499741
167410,5.549107142857142,0.14258087474298767,0.47219949358412033
167465,-59.73392857142858,0.0188185755094178,0.2334177894685613
167681,-17.87321428571429,0.26233890114093283,0.5984957937227549
167691,-12.796428571428574,0.003906337785936582,0.16219459830967348
167826,-2.84375,0.20368884797291828,0.5411849051259683
167838,-600.3776785714286,0.014230183189571461,0.2164214925980027
168002,2.608928571428571,0.806324038016316,0.9273066592419142
168090,-6.108928571428571,0.20057003804723456,0.5388012603515933
168374,-4.189285714285745,0.8123284367475755,0.9297645719447053
168391,-2.684821428571429,0.02677327448976521,0.25566505750509794
168400,-0.09374999999999911,0.9783843654506423,0.9927113249084895
168433,2.959821428571429,0.264092159264585,0.6002499214125472
168448,-0.7526785714285711,0.6830851737047349,0.8713954678707942
168451,98.53125000000006,0.11412111760552818,0.43488470321247247
168455,170.6696428571429,0.022798653067448913,0.24448806006671736
168507,-2.9991071428571434,0.3791277759552269,0.690569049217178
168537,75.81160714285716,0.5232401520229464,0.7849463675534927
168544,3.7714285714285722,0.3382725500268998,0.6596943334569787
168620,92.50267857142858,0.1275666388836172,0.453374023723464
168667,-1.18392857142857,0.8836137541118594,0.9573999693196426
168741,-8.337499999999999,0.040928439888539524,0.29606671505937604
168850,18.901785714285708,0.1966246470226051,0.5351317177267181
168975,-1.2839285714285715,0.7673266474798971,0.9098586955316281
169026,-8.95178571428571,0.05990183180576943,0.3423535439205175
169044,-174.75714285714284,0.05863164263478879,0.3399684335287676
169166,-7.6464285714285705,0.04916346194815988,0.31538334882267294
169200,82.58482142857144,0.051446350419098064,0.32043494193397615
169270,0.8785714285714263,0.8019799217762045,0.9255683997399238
169355,-4.881249999999996,0.403773854631204,0.7087333622896749
169436,-5.491071428571427,0.4158496379206569,0.7176915445551986
169522,-3.1589285714285715,0.3886687512584828,0.6974825581559694
169611,-129.12142857142857,0.014453061655550612,0.21716162281049847
169693,-18.049999999999997,0.013584170907618853,0.21361457352179491
169714,-11.910714285714288,0.002242042873407775,0.14441564549074604
169792,68.26071428571426,0.023923143016192243,0.24738913364601514
169834,-3.553571428571427,0.5685788983504877,0.8113757704054109
169841,-5.865178571428572,0.3022917776223656,0.6317725981997186
169966,-1.0107142857142852,0.7663380056844035,0.9093792396103261
169981,-7.219642857142858,0.5907588034323354,0.824183148192471
170062,-3.716964285714287,0.3199836171414153,0.6459333308918915
170082,-8.944642857142856,0.036553237822864196,0.2835222411640091
170261,-2.3017857142857103,0.6807359221146454,0.870177605480647
170302,-318.3991071428571,0.012874610658260732,0.21116205700008894
170370,-3.904464285714285,0.27250105569828265,0.607304713378209
170371,-11.227678571428612,0.9167388718454285,0.9706758054314244
170384,108.56249999999997,0.07363278705505674,0.3684009780388464
170392,-1.7160714285714285,0.6073585239169975,0.8327229874908931
170393,1.1142857142857148,0.7703170648245271,0.9113293415402147
170394,-8.666964285714284,0.2056239026833227,0.5429104338028964
170425,1.8285714285714283,0.5205375999468106,0.783299203971263
170463,-18.913392857142853,0.321452647070711,0.6467974119555535
170482,0.6044642857142861,0.8861253764920184,0.9583554540086054
170487,-0.8491071428571395,0.9055082575366638,0.9657346724905783
170506,-105.91339285714287,0.1911441326508439,0.5297909558805557
170517,-8.521428571428567,0.17581815203134557,0.514276560149466
170572,-0.6491071428571429,0.28191983844718616,0.6155850991936973
170575,96.82500000000002,0.19076817981225694,0.5295349663012209
170589,7.099107142857143,0.2831870718255615,0.6166675792907631
170591,-3.7678571428571423,0.35328675770295553,0.6706231953797542
170622,149.21428571428555,0.1051294389170932,0.42117250110946114
170626,-7.543749999999999,0.010253799489375874,0.1988875360240836
170679,-0.2928571428571427,0.9421660185034983,0.9797784099957557
170680,-3.51607142857143,0.03242826145208239,0.27314977582693034
170685,-18.416964285714286,0.15327399871993425,0.48535135195343004
170689,-5.723214285714285,0.08379246838274546,0.3862032432666811
170690,-8.216964285714283,0.5092482433252693,0.7765705979882672
170691,-7.025000000000002,0.12774717444988246,0.4536323155840309
170692,-5.459821428571427,0.38938238155973115,0.6979471432901124
170712,-0.7169642857142868,0.8349146594418536,0.9398413573664728
170825,3.9419642857142847,0.3169412939498916,0.6437612469986747
170850,-7.33660714285714,0.01832589964005614,0.2315084479713654
170954,31.481250000000003,0.16803850630022388,0.5043880268590076
170959,-16.822321428571456,0.6230019186940059,0.84195651527116
170960,-948.9276785714283,0.4166501885367401,0.7180320794562166
170961,-4.330357142857144,0.3196720956794583,0.6458051962486839
171017,41.484821428571394,0.3544382391190638,0.6714398859838984
171019,-12.391964285714288,0.009234401187903732,0.19492717908956222
171023,-13.498214285714283,0.470604111497945,0.7527459104129501
171024,-2079.1741071428573,0.007000149877712685,0.18303835225439555
171169,-10.161607142857143,0.3054832936668497,0.6346581708110729
171177,-5.3321428571428555,0.5162322475161804,0.7809949820962923
171220,-6.35803571428572,0.7980304339808181,0.924203039392645
171389,-0.5071428571428571,0.8555535164344833,0.947262182863917
171391,-6.2642857142857125,0.37028996828110605,0.6841117799476067
171392,-2.8982142857142854,0.4356558813397704,0.7298107155743299
171425,-75.50803571428571,0.0026026740585147153,0.14867468905820463
171482,-0.7124999999999986,0.8719198840058711,0.9533601291431357
171483,-11.900000000000006,0.06676299597815505,0.3562325651629451
171484,-5.648214285714285,0.2860257587315832,0.6192958323558257
171546,106.12410714285716,0.09850622998320892,0.4104112238372065
171558,-40.628571428571405,0.11962792502028778,0.44202582249419686
171568,34.200892857142854,0.0045644085093792894,0.16818693840239604
171586,94.65803571428575,0.14513958924809986,0.47557875117702625
191585,-12.73125,0.0940192624542434,0.4035248586769572
192111,4.785714285714284,0.2488593217009607,0.5865025141454895
192134,-12.290178571428573,0.07286729571191972,0.36705540750407323
192286,-160.21517857142857,0.11415064846297315,0.43488470321247247
192666,3.2732142857142854,0.6239584433384339,0.8421872143357712
192668,-13.576785714285705,0.4080925519514694,0.7116364276483438
192669,25.167857142857144,0.037381506922235165,0.2860934084211503
192670,9.269642857142884,0.681954754322736,0.8708194453743978
192683,17.584821428571427,0.027143574338916253,0.2569826713385708
193629,-3.683928571428571,0.1462045251853826,0.47651287957172866
195814,-5.801785714285716,0.2574206250139007,0.5941764645980742
195827,42.612500000000026,0.04572516150207835,0.3061877777251848
195828,54.518750000000004,0.04927319720548867,0.31567987546403714
196047,-33.77410714285713,0.26392453928149656,0.6001136859575877
196051,6.408035714285713,0.2870333688666836,0.6204698852601317
196074,-12.636607142857144,0.14828973876593124,0.4793609120278119
196264,13.899107142857138,0.05839167999923728,0.3391693026424949
196294,-43.402678571428595,0.15367879948394012,0.48597162503149166
196374,7.3687499999999995,0.09613140604730962,0.4067155169571039
196383,40.53035714285713,0.2255291834988983,0.5640292794713322
196385,-9.843750000000002,0.013482541565683194,0.21294599255817426
196394,-33.60267857142857,0.007561812249852563,0.1877575316806035
196403,-2.710714285714289,0.6622551692410207,0.8611096905575116
196410,7.452678571428571,0.22024573900316866,0.5589720920947986
196415,-7.596428571428573,0.1367852776463119,0.46538574742206484
196441,34.634821428571456,0.5177744234200091,0.7819389183650702
196446,0.4366071428571425,0.908421148526101,0.9668557936045543
196463,81.29910714285714,0.1980072835079139,0.5362669798570913
196472,-0.015178571428571708,0.9848180548150891,0.9949391709942884
196475,-3.0053571428571413,0.6396886192314268,0.8498652388163288
196477,-0.2741071428571429,0.8846964683477145,0.9578561834276182
196483,0.8848214285714295,0.8154438593504981,0.9310925624501423
196500,-8.477678571428571,0.09206967702122376,0.4001499767658937
196513,13.039285714285683,0.3898610995659546,0.6982532937396326
196527,-89.24464285714271,0.5967397001471222,0.8277770844570053
196528,-46.72857142857143,0.11229628690137125,0.43225848256353655
196541,-15.961607142857144,0.0608812295537241,0.344404449853919
196740,-15.459821428571423,0.2094031040081949,0.5474901832272406
196743,10.501785714285715,0.06699832923352604,0.356608700301593
196792,4.13928571428572,0.6914524805444711,0.8757074048265956
196872,-27.000000000000007,0.0012605657658676856,0.12532423491627354
196883,6.121428571428552,0.8811634805560449,0.956605672324804
196913,-1.5142857142857125,0.7882377351732377,0.9199911834679233
196951,-2.7803571428571434,0.3413957535197024,0.6617909173440782
196968,-6.162500000000001,0.04878257610344756,0.3144526465993864
196993,0.7071428571428564,0.7792188353311538,0.9157332264925654
196996,-7.797321428571426,0.2715491704157025,0.6066417787234833
197003,-0.6508928571428605,0.9352560254739137,0.9772938115566643
197021,1.8473214285714263,0.7428244288425695,0.8989956315595876
197131,-538.8473214285714,0.011482482286210271,0.20654645416979353
197135,15.875892857142851,0.11876445168726002,0.44094903946475433
197187,-3.4794642857142852,0.1273735073491173,0.4530115471484412
197196,-0.6750000000000007,0.815439602543651,0.9310925624501423
197257,-5.5169642857142875,0.08273765871848447,0.3839687058728312
197258,6.276785714285712,0.2839635346044363,0.6174457269776327
197259,92.51160714285714,0.05718962210400111,0.33607508475239256
197320,-0.13750000000000284,0.9810326300998001,0.9936895235793114
197322,7.645535714285712,0.19887072616686277,0.5370988640828616
197335,11.34375,0.3771004315850266,0.6890131824403235
197342,3.5017857142857167,0.7550341956851105,0.9042835445416917
197350,-12.729464285714286,0.001148915450787076,0.1240993704425147
197358,77.88571428571429,0.10060979441553698,0.4138552740341019
197370,54.90357142857147,0.4152167046800977,0.7172361843089491
197407,-5.410714285714278,0.6717991081765792,0.8660033439446463
198437,-5.9062500000000036,0.33286839789006795,0.6556814269397537
199221,-1.46875,0.8677563920746473,0.9516975908065659
199223,-13.633035714285711,0.0033298996059812833,0.15415940809231723
199675,45.567857142857136,0.22189908077792594,0.5605143100731393
199692,25.78303571428569,0.11041900948310973,0.42981342328698735
199699,-11.59017857142857,0.20531645555615233,0.5425391333204113
199704,-32.355357142857144,0.08191837771035894,0.3827644310427896
199713,16.127678571428568,0.06402574360719648,0.35080354296982347
199720,-1.5187499999999996,0.043950951959563965,0.3019625909008746
199731,6.340178571428572,0.26580697255031194,0.6015313006700457
199745,0.23571428571428754,0.9772178441858256,0.9922997108472627
199746,9.138392857142858,0.5040710597964726,0.7735088042187689
199777,18.129464285714278,0.12051456029331961,0.4429608117977468
199786,8.20535714285715,0.482210428141885,0.7598237869000994
199800,1.528571428571425,0.8784921275869547,0.9554665409862049
199857,74.80714285714282,0.11679752783721481,0.4393717768924604
199870,-111.06964285714281,0.10398700762990105,0.4188335820689466
199899,-11.310714285714283,0.005751473637644659,0.17716158937364604
199920,-5.723214285714285,0.1176829747116304,0.4399572268719066
199953,-79.07857142857142,0.05196424479508879,0.32197194953736397
199964,-0.7517857142857167,0.7967256069963047,0.9237783801076339
199974,-3.7883928571428545,0.38644039214896914,0.6959500002897926
199990,-16.26607142857143,0.19598739303318571,0.5346629488985247
200010,4.133035714285714,0.291793186986452,0.6244390190803657
200014,3.78482142857143,0.39200000940493496,0.6998857236134545
200035,4.994642857142857,0.5289574968412155,0.7883750719603494
200058,8.828571428571415,0.38740341743937184,0.696706856407396
200081,25.43392857142856,0.00887679538235506,0.19274773134641102
200132,9.705357142857142,0.2804012006601099,0.6145402511761537
200150,-3.1419642857142867,0.4454716975929518,0.7368891396670135
200159,-6.319642857142856,0.3405423723156149,0.6610507067512691
200162,-8.536607142857143,0.4425647870316232,0.7349144344074001
200172,-13.955357142857139,0.17948401872428812,0.5184338209081212
200185,732.5321428571428,0.01611195117725752,0.2231756619881212
200186,8.434821428571425,0.43114200923184964,0.7267894602809206
200197,5.799999999999998,0.23838138768300596,0.5752020111906241
200205,-23.457142857142877,0.03128584802970346,0.26923650294711127
200261,4.456249999999999,0.27141329216525883,0.6065488488642203
200298,-4.3339285714285705,0.5184712715692158,0.7824509860345821
200312,-0.6928571428571413,0.8651445834978828,0.9507334634780765
200316,-11.77946428571429,0.3136760767674578,0.6411100084180672
200350,-9.881249999999998,0.11121324547546994,0.43094147387465054
200373,-22.59107142857143,0.10786920344933248,0.4258917315563442
200403,-12.927678571428569,0.1903933571799508,0.5292150496056114
200407,-7.159821428571428,0.10384928340986627,0.4185623126125594
200420,-11.041071428571428,0.1955998163000658,0.5341868109993055
200424,35.10357142857141,0.051702198377075355,0.32114847724541384
200504,-9.044642857142861,0.37184236890394384,0.6854289823763381
200523,0.6348214285714278,0.9083615954622456,0.9668557936045543
200539,-1675.3642857142856,0.011032283868170895,0.2034745413576057
200558,-2.7214285714285715,0.5195605324354149,0.782755286735177
200576,90.47767857142856,0.10590395422017522,0.4226803925095321
200609,-25.26696428571428,0.065381818741095,0.3533740847706503
200634,1.2258928571428562,0.845271425071857,0.9434757301527801
200728,-1.3089285714285737,0.8782875920477238,0.9554665409862049
200734,-33.68750000000003,0.19586304850008707,0.5345585871682853
200765,-7.350000000000001,0.17941848932893079,0.5184285965574088
200772,-2.9232142857142858,0.4480945490726899,0.7383478214825691
200830,-0.748214285714285,0.8440673514697623,0.9431522438047302
200844,-3.440178571428568,0.3820859901300757,0.6930754670628938
200845,45.709821428571445,0.2033977950476877,0.5409478318946294
200879,-7.567857142857143,0.046535563053774834,0.3076952364209867
200894,0.1803571428571331,0.9914909811932068,0.9971630011908355
200895,27.13482142857147,0.27223230868840137,0.6072364020148838
200916,478.7017857142857,0.006992541343956494,0.1830144557112596
200931,-0.6080357142857151,0.6365229431409097,0.8484541400416704
200933,-25.502678571428618,0.4842018176391358,0.7609063261052814
200942,2.3374999999999773,0.9418499292460318,0.9796937937622813
200958,-15.802678571428572,0.0038088884561285623,0.1608115647404086
200959,-6.307142857142857,0.2991088718930624,0.629715959549692
201134,-63.074107142857144,0.0004670446708609542,0.10255288104145652
201140,-324.4392857142857,0.021160303332004436,0.23977010281175182
201158,22.116964285714285,0.020902167992225638,0.23901065822335496
201161,-50.95267857142858,0.010624794962110037,0.20082270679218137
201163,26.127678571428575,0.28001253988764324,0.6141561945746508
201164,-23.733035714285705,0.11756220114612453,0.43987170551101173
201176,-11.397321428571416,0.6189293744490941,0.839240734863474
201181,1.5321428571428584,0.739064151948291,0.897823283217562
201191,-10.562499999999996,0.031182236560822744,0.26886198072317047
201229,-33.462500000000006,0.024236241789567493,0.2478513825108395
201243,-1.7285714285714278,0.4570979991515564,0.744291890631108
201254,44.45267857142859,0.11408656053461635,0.43488470321247247
201255,0.8214285714285658,0.9044502334111766,0.965456070574665
201266,33.625,0.021373415710585087,0.24020584864565522
201283,-14.339285714285708,0.2737657758567638,0.6086343185039874
201292,7.799999999999997,0.4226414932533383,0.7213742157595501
201294,-5.180357142857142,0.1479474692875355,0.47898080786925645
201299,5.279464285714286,0.18311031609371395,0.5220333993338101
201305,3.9258928571428573,0.5643333982592069,0.8092671479482293
201456,2.539285714285711,0.6590342506443982,0.859538122992831
201475,-88.24821428571431,0.251683530785888,0.5891052634690649
201477,2.665178571428571,0.14228049413792043,0.4718966589538527
201501,-39.05446428571429,0.23991081555459565,0.5767475926581546
201514,-15.652678571428574,0.04465642234487777,0.3038688511281042
201516,-1.7330357142857151,0.4960918444529903,0.7678364216692781
201562,-101.88392857142856,0.1941243909128283,0.5329851702995503
201595,-49.34107142857124,0.7474433638438529,0.9008556286341647
201617,-1.4241071428571423,0.049405746389040675,0.3160136404476522
201625,-7.727678571428573,0.2629247433790371,0.5991668809165116
201626,133.04107142857146,0.008791005376087532,0.19242269651444172
201627,143.84285714285704,0.10019353309543245,0.41321252926814883
201633,14.498214285714287,0.0940744303123495,0.40360814962925234
201651,-4.965178571428572,0.3882123229040293,0.6971464837859465
201725,-705.1696428571427,0.03821761436492061,0.28825328533618905
201780,-2.8866071428571427,0.13211455042719394,0.45881702531612933
201798,-22.576785714285712,0.10246581066950637,0.4165249864253265
201799,58.60267857142857,0.1319854340365665,0.4586622123674078
201853,1.4955357142857126,0.6400077326929976,0.850073432732233
201895,-227.76250000000027,0.6653795614183534,0.8626461266037211
201931,-26.277678571428567,0.08956586593073278,0.3962408621470554
201965,-166.88571428571436,0.028581216629090193,0.26066355616271997
201973,-25.020535714285728,0.24264013201424856,0.5795201198857617
201989,-1.8794642857142847,0.6134857721302971,0.8360176841012582
202018,-329.89375000000007,0.03363587163642741,0.2764179898935509
202020,-7.892857142857139,0.2533631068185647,0.5907643516022518
202025,-15.85267857142857,0.5727649890079719,0.8136103929822887
202051,-840.5732142857146,0.35565681392606163,0.6724030648232273
202052,-16.031250000000007,0.06677837449589565,0.3562325651629451
202151,1.8714285714285719,0.5565762285621825,0.8049549284880548
202181,-4.690178571428575,0.6570321103425386,0.8589142748894963
202243,6.7696428571428555,0.3322926377046301,0.655297719872091
202299,-7.0937500000000036,0.3261446212781862,0.650492728573481
202309,26.719642857142855,0.07081621986396935,0.36324953757974715
202333,-2524.895535714286,0.008723795263128864,0.19200898708156414
202374,-12.483928571428574,0.02224547143524943,0.2426291168780445
202459,-10.72767857142857,0.15253031248290433,0.484436362589445
202500,-0.4660714285714287,0.5188399216761765,0.7825232739075632
202559,-5.760714285714286,0.26305780607668966,0.5993080470479735
202658,12.581250000000011,0.41001466522442265,0.7132727856513089
202781,-30.91785714285716,0.030143583091575287,0.26590842296416245
202865,-0.719642857142857,0.3371752172602387,0.6590020300886806
202915,-31.532142857142844,0.08502167948872313,0.38857814311175604
203054,0.8205357142857146,0.8252077623749956,0.9351659042443791
203062,-6.353571428571435,0.5954246097320692,0.8268832477807945
203068,248.22321428571422,0.035673157341783675,0.28171380979979377
203069,-20.65357142857144,0.4582528904989699,0.7449078872612213
203074,-0.7678571428571423,0.8725862000173272,0.9535673509449696
203076,-6.083928571428571,0.0597663874465654,0.34202713351904573
203100,90.28392857142853,0.8109816810763696,0.9292136564158264
203102,-7.700892857142861,0.14264282798699549,0.4722085626174
203111,-3.7116071428571424,0.1098729446002716,0.42908300846754155
203190,3.6446428571428573,0.5047844682568131,0.7740504878775198
203197,40.08749999999999,0.024306377885718756,0.2478513825108395
203228,60.442857142857136,0.28344297347004316,0.6169776484781674
203238,-8.10625,0.12629831107652917,0.4519354125569791
203245,-8.006250000000001,0.10253930845084919,0.4165249864253265
203259,-0.28392857142856087,0.9719397940807782,0.9901214481072935
203260,2.684821428571425,0.8224657461300782,0.9338825940700703
203274,-31.474999999999994,0.4785866341752739,0.7578455158177733
203286,-10.155357142857145,0.01625840302154663,0.22369163951153315
203328,8.573214285714284,0.04337946568566261,0.30090858776501167
203413,-1.7491071428571434,0.6558892887528774,0.8583265470063364
203414,-3.4169642857142932,0.7503731216660169,0.9022993781937028
203427,61.69107142857143,0.15370990971251797,0.48597162503149166
203430,-7.361607142857146,0.33606821064628134,0.6582785589899127
203447,-16.291964285714283,0.005245513090124158,0.17217250857477012
203522,14.884821428571442,0.5580089703100648,0.8057133167406855
203523,-16.42500000000001,0.5931650761018114,0.825728193702682
203547,82.32053571428577,0.24358841822561064,0.5808741290147285
203562,-2.2285714285714313,0.5763218846392135,0.8154397952945933
203859,-652.8526785714284,0.0062080019075314635,0.17952850950194416
204219,-5.0651785714285715,0.40895973355620724,0.7124158250120601
204474,-0.09732142857142811,0.9638527267298921,0.98778965381803
204801,0.03928571428571459,0.9918508349677227,0.9973005883403528
204851,-115.12500000000006,0.07085699359254281,0.3633223412428283
204962,-6.046428571428571,0.2549177866167211,0.5921079902829018
205147,-8.091964285714287,0.0939861550884872,0.40347778183597977
205251,-98.2160714285714,0.030677585483257695,0.2674760228464372
205327,-65.47321428571428,0.31460602127911524,0.6419033553545406
205428,98.6767857142857,0.08065692505830263,0.3807676221354171
205564,83.8544642857143,0.0033402887132956325,0.15437893947543424
205717,-253.99285714285713,0.01221051633671083,0.20849517196955838
205860,-5.525892857142857,0.2424181911108812,0.5792672784837826
206338,-64.81696428571428,0.08998725015568816,0.39706278549869634
206358,115.58035714285711,0.04308062104365792,0.3001099506172717
206412,-10.17232142857143,0.11309213375719088,0.4334052508305585
207063,48.924107142857146,0.00915697976951682,0.19492717908956222
207107,3.632142857142858,0.42950877642034085,0.7255506525889339
207147,0.24821428571428505,0.9235596601076567,0.9731581641821694
219285,217.8044642857143,0.03717706274787542,0.285204981863349
219287,-4.452678571428574,0.44917338077975844,0.7388436735607495
219293,2.230357142857141,0.6359908409998357,0.8481377407172375
219333,-113.79821428571432,0.15036809731551068,0.48170462240109085
219347,-9.571428571428577,0.27533598532712045,0.610137707540401
219348,-25.709821428571445,0.6527151402884684,0.8565582375727532
219402,-32.59017857142857,0.3715047462359538,0.6851753078242797
219409,-3.713392857142857,0.13193618946060895,0.4586622123674078
219525,-6.8258928571428585,0.01793176206910854,0.23028412759518527
219527,-0.6732142857142867,0.843758353285906,0.9430687092623258
219537,-636.2339285714286,0.024424448125570236,0.2479097132265443
219539,-1.2267857142857146,0.8133109777915096,0.9300941421702037
219541,71.8330357142857,0.005870140411847168,0.1778115939156476
219557,-18.017857142857146,0.16339687388172083,0.49814453437510237
219578,-4.752678571428571,0.09387387118258625,0.4033441184210533
219595,-9.903571428571425,0.0937758861881568,0.4032474125390809
219621,0.9874999999999994,0.6541236456520103,0.857367078823025
219623,-2.3723214285714276,0.18437579628278428,0.5233460922640482
219654,-243.35982142857142,0.007839616496938933,0.18798333344091506
219670,-5.36785714285714,0.3470644559804567,0.665988506867288
219681,-5.3375,0.2987393138186975,0.6292065173172036
219688,-1.9624999999999995,0.5456187150476257,0.7981869236515058
219690,-4.089285714285715,0.16343779036869138,0.49821371478636267
219699,184.66339285714287,0.008668041315096136,0.1916725455541452
219731,5.051785714285717,0.5133528024195879,0.7793759014613473
219736,2.6089285714285717,0.39436360529463976,0.7017729917499542
219738,11.075892857142854,0.1970292449774929,0.5352882561634207
219743,-13.48125,0.07549176012774735,0.3721832267794938
219749,-98.51964285714286,0.018814741815105555,0.2334177894685613
219770,-1.2249999999999988,0.42528383150289795,0.7229815396606306
219771,207.38571428571436,0.0029750460063468253,0.1515798484623921
219790,-6.921428571428571,0.09331856671807369,0.40247634576876856
219793,-22.177678571428558,0.01298579907610031,0.21137711545547824
219833,-2.162499999999998,0.7213897195959029,0.8900911689162828
219844,18.66160714285715,0.014925198988733068,0.21814734156776247
219854,36.011607142857116,0.1562683673303585,0.48860225019121417
219855,21.824107142857148,0.0060794584485802106,0.17879430951723688
219899,-13.21160714285714,0.13219223257437374,0.45889589307961165
219902,-13.990178571428572,0.2792554294759734,0.6135786291029918
219927,-15.257142857142853,0.43133326187677123,0.7268877479075473
219931,31.73750000000001,0.08624956223041177,0.39074018750042044
219938,-40.55803571428571,0.018295125134702148,0.2314327419370565
219970,-7.208035714285714,0.048658463070114864,0.3140599065468693
219972,17.841071428571354,0.8801966148919964,0.9561651848606207
219988,26.381249999999994,0.45736950081421995,0.7444343815889014
219990,-0.5142857142857142,0.9058734756004209,0.9659788246923918
219995,1.8839285714285676,0.5907495946437943,0.824183148192471
220001,4.3633928571428555,0.6630964596666851,0.8615888907121368
220002,37.09642857142856,0.12045450983594927,0.4428653301916835
220004,-10.841964285714283,0.07917046907969563,0.3785766483236277
220042,10.505357142857147,0.2126352235736177,0.5508734966932767
220047,-4.505357142857143,0.11976926453283933,0.44219688623891534
220064,12.030357142857142,0.21453564805419165,0.5535498107320582
220070,4.015178571428571,0.43773385253351754,0.7314996689414169
220074,-17.795535714285712,0.032680833718281496,0.274059394206436
220077,-7.667857142857142,0.008807188915458909,0.19242269651444172
220082,-7.217857142857149,0.13701763568112446,0.4654904483641614
220107,-0.8187499999999996,0.6618703095464661,0.8609818233584542
220108,13.64642857142857,0.03799631942807642,0.2878732866961136
220134,0.34107142857142847,0.8818787399694386,0.95678747608259
220136,-2.973214285714283,0.5437391771768629,0.7971517387052182
220164,-9.219642857142855,0.05284788937083354,0.32377246849319813
220202,-1.1794642857142863,0.5372693796147805,0.7931741144981267
220213,-385.57767857142835,0.11732664684610875,0.43958688426650117
220323,33.427678571428565,0.0792181433478801,0.3786370486676856
220359,8.200000000000001,0.17629609975063354,0.5147234180582663
220382,-5.4374999999999964,0.1272464266566418,0.4527952084251149
220388,-2.668750000000003,0.6529117400189962,0.8566616924369134
220416,-2.5151785714285717,0.25169332605983075,0.5891052634690649
220441,-6.160714285714288,0.033589494425392524,0.27636596801587043
220594,-107.9285714285715,0.057361788734815636,0.33625558047346893
220906,77.36607142857142,0.06253317334852723,0.3476440909219459
220929,3.866071428571429,0.4095877267028656,0.7129579753697609
220930,0.4553571428571459,0.95801977703948,0.985532178342437
220963,-26.35803571428571,0.0008616720297131738,0.1180986166525225
220965,-174.24017857142866,0.15462689665095855,0.4871348645572549
220972,99.92500000000001,0.08510206227922422,0.38858936779166176
220979,14.816071428571426,0.03297330508723939,0.2750260095715255
220980,-0.6910714285714228,0.9292499093758804,0.974709617172686
220988,580.9008928571427,0.039720774996521775,0.292528740966437
220992,-6.358928571428571,0.17297260742866252,0.5102113353022294
221002,18.426785714285714,0.06837260045223814,0.35906943902853905
221035,282.5491071428571,0.11939783613754264,0.4416964661922592
221037,-150.43839285714296,0.020084621672459457,0.2373444182044846
221044,-9.041964285714283,0.001024420193900692,0.12149712386446927
221061,-34.667857142857144,0.5531017344341969,0.8026552003978584
221074,2.2491071428571416,0.5960045857516579,0.8272972111770132
221078,16.495535714285722,0.4722323074978671,0.7540023190855323
221079,92.70982142857139,0.07951549612971562,0.37912173710019875
221091,-374.7696428571429,0.19146341876345122,0.5303018264035941
221092,24.61428571428553,0.816583685136688,0.9313549584884567
221120,-26.754464285714278,0.11869779052224626,0.44094903946475433
221122,-19.022321428571438,0.1583985185228962,0.4911494924425423
221143,-9.134821428571428,0.6815795954404755,0.8706250585404761
221150,29.62946428571429,0.02135729018619744,0.24020584864565522
221154,-253.14910714285702,0.1187940713037742,0.44094903946475433
221178,126.9580357142857,0.01815005725848328,0.23099496755297333
221184,43.000892857142844,0.022148219073491893,0.24228346533762268
221188,-25.766964285714288,0.0035651536768875097,0.15830078651700105
221191,-16.307142857142853,0.024876320608136476,0.25018105515898037
221223,3.6562499999999996,0.1433253841773246,0.47299968601179104
221241,-4.682142857142855,0.14612350523711373,0.47648607991221953
221264,3.3151785714285733,0.5968013710168734,0.8277964376837172
221272,-6.112500000000004,0.16030162081033597,0.4936916384640057
221294,-51.40803571428569,0.2904905166240088,0.6235443004295333
221301,0.28749999999999964,0.9311533789642945,0.9754897680565779
221302,-2.812500000000014,0.8018328152814628,0.925536788142782
221303,-62.75178571428573,0.014217957872374462,0.21635592726748504
221322,16.43839285714286,0.0027677014372671175,0.15065973465010227
221336,116.60089285714284,0.05720913783839271,0.33609355537544416
221391,-14.759821428571435,0.12632810273955675,0.4519354125569791
221393,-4.099107142857143,0.4356488946827804,0.7298107155743299
221395,-340.9044642857142,0.0024053241235854877,0.1473649815939666
221400,-7.911607142857143,0.497824263133221,0.7690913821287026
221409,-10.048214285714284,0.1310778298573257,0.4580519204556616
221416,-15.930357142857144,0.025542486411319173,0.2523572234390191
221421,5.1848214285714285,0.21960247940965222,0.5583822825813561
221424,-3.272321428571427,0.45055056329313015,0.7397108896778539
221438,2.852678571428572,0.4710642788418727,0.753105988126673
221442,5.194642857142855,0.19156847008265585,0.5303562763567375
221443,16.135714285714357,0.6949170312935592,0.8774934452522078
221458,-25.118750000000002,0.006201415157897634,0.17952850950194416
221468,-8.164285714285707,0.3524862805195692,0.6700339807185428
221472,728.6035714285715,0.13237773672828174,0.45914710944233156
221476,-40.20089285714286,0.015650822434821226,0.22054348366594084
221477,54.73124999999999,0.010963038120997774,0.20285382906236638
221481,0.5919642857142833,0.9070938868533117,0.966413185442133
221491,0.264285714285716,0.9675341294893972,0.9885456384568364
221496,-2.108928571428571,0.7877784259066017,0.9197861743413104
221504,4.733928571428578,0.6598983981562988,0.8600376163903165
221527,-4.402678571428568,0.14344061490924656,0.47317602778576134
221545,-36.78839285714285,0.07072015032869215,0.36309740062177137
221584,0.3151785714285724,0.7721788043538499,0.9120305263901171
221656,4.608928571428571,0.6558084235417132,0.8583265470063364
221662,-1523.6669642857141,0.007693593320273452,0.18783326503298473
221687,-17.51607142857143,0.10998403165277088,0.42913971896074593
221692,15.122321428571425,0.3282749023819208,0.6525571282026102
221710,-105.7080357142857,0.12899112487624706,0.4552113698191963
221711,2.963392857142858,0.16961695672200106,0.5062054456188193
221718,-3.564285714285714,0.34524698223049105,0.6644495468749168
221749,53.67232142857142,0.5963802770595753,0.8275071477066359
221756,-3.8053571428571473,0.7068959594927798,0.8832376966828442
221785,-5.641071428571429,0.42335698025273566,0.7217023120900572
221786,-5.107142857142861,0.36554438451002447,0.6798006538464485
221806,4.895535714285714,0.2042243013034913,0.5416163986111946
221814,-20.94375,0.0036993610542247896,0.15974506099306038
221823,-4.984821428571427,0.183084395183935,0.5219941083337839
221830,377.32589285714283,0.14939313386774666,0.4803051625437521
221833,-20.48214285714286,0.024357355135183008,0.2478513825108395
221883,-7.404464285714287,0.20786225106375564,0.5456112262783736
221895,26.525000000000034,0.7291702743329113,0.8934668597555393
221908,34.82678571428572,0.02082038416910126,0.23889916147861728
221914,5.5366071428571395,0.48966055491209637,0.7639593322628372
221927,8.657142857142855,0.07730687402354926,0.3752142978192795
221935,42.70267857142858,0.37202870687009565,0.6854289823763381
221937,-19.025000000000002,0.035637484124230005,0.28169429586414274
221938,-12.58482142857143,0.3315851275359304,0.6547043027708279
221946,-11.786607142857147,0.14845789610347954,0.47937761835294396
221955,11.434821428571432,0.267892726901896,0.6035267514697933
221960,206.1696428571429,0.3993117829365981,0.7053621095151363
221981,-36.38214285714284,0.38112277893954966,0.6925342609817796
222008,-7.611607142857142,0.029440243028091877,0.26309991624075246
222029,-0.973214285714286,0.43761937246098714,0.7314268066342614
222068,133.01428571428573,0.05322971058274449,0.3243796729950463
222161,-109.1767857142857,0.12028932134669543,0.4426747421841941
222166,-55.91071428571429,0.00126260455385047,0.12532423491627354
222171,3.8705357142857135,0.24200587639693277,0.5788385883897939
222183,-7.160714285714283,0.2053155754944963,0.5425391333204113
222194,49.65803571428572,0.0628433544184362,0.3482980641488089
222223,100.14821428571426,0.21812547319122044,0.5571995908475569
222234,-11.392857142857153,0.5701876756433074,0.8122387445521794
222235,-9.10892857142857,0.3117086854209206,0.6396439114017728
222236,28.9794642857143,0.3403084168644397,0.6609354155097095
222255,2.033928571428572,0.12662390144610636,0.452051048747363
222256,-13.73482142857143,0.1283190585218884,0.45428943544608064
222389,-96.51874999999995,0.0001198329595588536,0.07442052704013513
222484,-35.39999999999999,0.17286439691924654,0.5101123111809048
222487,-3.7919642857142826,0.5657531503348971,0.8103167147630788
222537,-15.163392857142863,0.052269195340136396,0.3228443577973291
222545,-8.877678571428572,0.31526084160036416,0.6423524824662707
222546,-3.6312500000000014,0.09330705977244544,0.40246797125372863
222553,-35.92410714285714,0.01224545363271547,0.20849517196955838
222584,-7.3392857142857135,0.09572737640750853,0.406262572346528
222611,-3.975892857142858,0.1825150951524312,0.52161480463432
222642,-1.741071428571427,0.6556061804985427,0.8583265470063364
222643,0.2848214285714299,0.9648884034794041,0.98778965381803
222658,-76.60803571428562,0.2823999649080102,0.6159825293762651
222659,-4.744642857142853,0.32870445456661823,0.6527446101195911
222662,-2.3053571428571438,0.6049743517229802,0.8316186466179263
222663,-16.04375,0.22108696081307389,0.5596660366506735
222696,-11.217857142857138,0.020060333981405387,0.23732605148132938
222698,-17.603571428571428,0.028228943504874798,0.25918009842636935
222826,-17.360714285714277,0.038080536456017854,0.2878870261757969
222865,-0.9258928571428573,0.4490757752529131,0.7388436735607495
222894,1.9374999999999991,0.09408919251914821,0.4036321360746739
222950,-8.242857142857147,0.29383737488144335,0.625880327174741
222962,-32.082142857142856,0.14546865435608328,0.4759439098150232
223075,-7.4008928571428605,0.3014542311108634,0.6310835886964987
223082,27.448214285714286,0.21768077967801364,0.5567624261903921
223117,-1.9205357142857133,0.4505728185211797,0.7397252155254932
225689,-26.034821428571426,0.011820089207601508,0.20706627471402037
243469,2.3374999999999995,0.5634815719900284,0.8088476474630466
245711,1.3151785714285715,0.7735749115409871,0.9126755057723764
245802,-3.042857142857141,0.6308222899727356,0.8454725867593106
245806,-232.53571428571433,0.011232455764749802,0.2048480716936943
245812,23.279464285714297,0.24250270255454812,0.5793884676182514
245911,-10.31607142857143,0.189489003427444,0.5284250338661215
245928,-0.5401785714285707,0.7189616877275714,0.888997971273938
245932,0.7053571428571428,0.641330835247048,0.8505703679110335
245934,-1.5892857142857146,0.012990724213743986,0.21137711545547824
245935,-10.361607142857144,0.0013087490101521425,0.12532423491627354
245936,-2.7482142857142855,0.0948352257022719,0.40470777125130475
245937,-28.30446428571429,0.09297464171421861,0.4019717949211974
245938,-0.7857142857142865,0.7561871909615271,0.9048997609799769
245972,-28.736607142857153,0.01453011199687854,0.21716162281049847
245973,-6.283035714285715,0.20615318283153122,0.5436466151214957
246100,-10.172321428571427,0.08436167120071647,0.38744214806902655
246119,-7.275000000000002,0.2283077786887326,0.5666467040792088
246122,-0.4410714285714272,0.9054256429045994,0.9656869351798468
246126,13.059821428571432,0.6585455212718545,0.8595248347346216
246175,-89.41607142857129,0.40378748842880824,0.7087345402839516
246176,7.64910714285714,0.3810713761977636,0.6925173666693054
246184,56.20267857142858,0.4103537476257924,0.7135480441255668
246213,2.9678571428571434,0.6626415811864396,0.8613462324180515
246243,-9.876785714285717,0.7266979033793359,0.8921793350652559
246269,-6.800000000000001,0.11770634772495961,0.439966632205902
246312,-6.895535714285716,0.06796899930493891,0.3581370321568951
246318,-3.989285714285714,0.4681768260751815,0.751256653821517
246329,-356.1875,0.021776069821515167,0.24158128810580906
246330,-6.123214285714283,0.6162242046832483,0.8376316632537752
246704,-16.743750000000002,0.0031049223926769573,0.15237507319798263
246705,-13.142857142857142,0.00016785800922889416,0.08218894428282343
246721,7.962499999999999,0.12468002387752913,0.4496919523388024
246734,-3.564285714285713,0.6223448531554967,0.8415993877538717
246744,-2.438392857142855,0.749640427202504,0.9019914688493147
246777,-17.145535714285714,0.08028235622090168,0.3799637983654813
246778,-5.18482142857143,0.23058876354689578,0.5686831938803842
252839,-11.929464285714289,0.48063211932276545,0.758871091298336
252884,-22.527678571428567,0.014451384500366262,0.21716162281049847
252969,4.310714285714287,0.6019416896495299,0.8302781334715256
252983,12.558928571428567,0.1917151589699381,0.530570482008241
252995,-341.7169642857143,0.01978053575642875,0.2365299129704636
253012,-7.397321428571429,0.010575637759806125,0.2005629533532431
253017,-102.32767857142858,0.03281751751452883,0.27448336700426246
253018,5.324999999999999,0.5873239126023038,0.8217815262957048
253039,-4.4571428571428555,0.5444661866446849,0.7975101726599279
253044,-2.8098214285714285,0.12080225736122639,0.44326801277137357
253128,-8.86517857142857,0.05623005500457592,0.3335551977189094
253143,105.10089285714284,0.002623271749261568,0.14883781238726526
253152,-0.21339285714285694,0.9567623940487512,0.9850971509037632
253175,-6.402678571428572,0.13130805933427148,0.45828209771457656
253190,-10.753571428571428,0.10407600745381809,0.4189555507772443
253260,-101.8651785714286,0.0828718383530633,0.38421247875466263
253264,-27.636607142857148,0.006067871788404918,0.17877263558294648
253430,31.47589285714284,0.10821509468091876,0.42645966247787137
253461,134.0276785714285,0.1663396538057937,0.5018829298510993
253512,-114.35892857142854,0.030718349742354645,0.2675682287977123
253558,-38.6142857142857,0.41252211233676644,0.7152485092919612
253559,-26.499999999999993,0.006277998174978202,0.17961776568128374
253573,1.9785714285714286,0.43724665338280416,0.7312132609052058
253635,16.685714285714283,0.14934621613575816,0.48026024717443944
253639,3.994642857142858,0.12235859725589243,0.4458238829631331
253650,-26.308035714285715,0.07697369119054391,0.37452492354213657
253724,-3.3830357142857146,0.02948189975258907,0.26323047815458245
253738,-89.55000000000001,0.13616730721627493,0.4642603076501241
253769,34.71071428571429,0.13982566110171768,0.46893013682981133
253782,86.31249999999997,0.0854602747281829,0.38919636399918267
253805,-6.995535714285712,0.12712972124822358,0.4527040190990377
253827,-798.3151785714288,0.005086186168415301,0.17125077921971654
253832,576.5062499999999,0.07429390145532996,0.36980889872626355
253868,-26.409821428571433,0.08075235590324337,0.3809434908550329
253943,-328.7767857142858,0.11580275440634397,0.43813684846494055
253959,-104.16607142857146,0.007427988050033152,0.18706828495419742
253962,-14.275000000000006,0.11182185895653261,0.4316379967483734
253970,-2.0580357142857135,0.5380460027807377,0.7935908057806067
253980,12.011607142857141,0.015891266186151932,0.2220730032519775
253982,5.294642857142856,0.13650115999461876,0.4647074049007336
254013,-24.009821428571428,0.09370344678850562,0.4031537747824517
254028,-0.30357142857142794,0.8834892456648156,0.9573999693196426
254042,-15.766071428571422,0.11599248873146382,0.43840513726244823
254048,-53.89285714285714,0.051982218511221145,0.32198117107749136
254050,-16.81875,0.06421929124245371,0.3511758356851132
254065,12.74285714285714,0.23181400495846205,0.5694709120413177
254099,-2.1294642857142865,0.572651858330106,0.8135557173399437
254100,0.14553571428571388,0.9546176332245717,0.9843477660571922
254102,9.524999999999999,0.3841801774194728,0.694278727582613
254122,0.9955357142857135,0.841123492482447,0.9422120295740087
254128,-20.94375,0.1090548764048431,0.4276593057995638
254158,-4.720535714285715,0.26133485641680887,0.5977944638352031
254170,54.52410714285716,0.034405397249677235,0.2788903031321131
254173,-38.50267857142856,0.013491200393994299,0.21294599255817426
254187,-1.248214285714286,0.3968857068659622,0.7035771358179262
254225,-17.360714285714266,0.15747125071329052,0.4903246974998469
254228,-42.13928571428569,0.0063856397476548185,0.18061813409365093
254240,-2.4919642857142854,0.4873785871358585,0.7627599310804897
254251,9.552678571428544,0.8743797464931344,0.9543230400105621
254263,-7.491071428571427,0.3918020721915124,0.6997962960498466
254268,-4.754464285714285,0.46687204761254775,0.7505163709952815
254272,-7.08839285714286,0.022307859958222338,0.2426291168780445
254295,-11.163392857142853,0.2289304187171676,0.5672267530794152
254312,-0.9705357142857141,0.545891867181547,0.7983514573824381
254359,6.8241071428571445,0.3769219959853183,0.6890131824403235
254394,19.68660714285714,0.11214776234510715,0.4320210158999586
254427,-14.37857142857142,0.19507343600271784,0.5341077337524697
254428,-8.402678571428552,0.6129078487064958,0.8357038045229206
254439,-8.3875,0.18381231509843662,0.5227842202847696
254528,0.12321428571428594,0.967460765714402,0.9885456384568364
254531,31.635714285714286,0.00017432531456624566,0.08218894428282343
254559,-1.2267857142857137,0.6848140926872867,0.8723359393299632
254773,-3.4169642857142843,0.225673157820908,0.5642344935000067
254778,-8.292857142857143,0.007860007116275696,0.18798333344091506
254827,-4.0982142857142865,0.21715700453315426,0.5561491762101315
254863,10.808035714285715,0.3637499837742244,0.6787028755709558
254887,15.84196428571428,0.05798589191199491,0.33808740042433
254896,-13.021428571428572,0.07230279821938357,0.36575733854776715
254956,-3.8473214285714317,0.26950604880754914,0.6047460895736989
254958,-0.30714285714285716,0.13058669865864578,0.4575053023940445
255022,-3.3133928571428655,0.7705286349574756,0.9114062700525134
255025,-0.6178571428571433,0.39960969600971924,0.7056162027783225
255027,-62.46160714285713,0.287779389217467,0.6211770695054765
255031,27.45446428571428,0.031651334142137014,0.2703390202577985
255043,2.039285714285713,0.6203588265964596,0.8399732254621453
255057,-6.7160714285714285,0.22163621173693357,0.5602333687253988
255082,-24.90357142857143,0.06604454096683614,0.35480024656052594
255101,-35.35892857142857,0.2869510382030468,0.6204147427139981
255104,7.366964285714282,0.2790004897584384,0.6133276835768027
255119,2.055357142857143,0.3827975830542288,0.6934051041190259
255130,-4.927678571428572,0.2346630588411238,0.57199561453067
255167,-15.89107142857143,0.003965987895458608,0.16279308422237193
255177,-1.5723214285714286,0.347529987327351,0.6663814988119141
255189,-21.658928571428568,0.02738439047109137,0.25715973243274204
255193,-4.391071428571426,0.47483208491747714,0.7552859582481326
255220,-13.316071428571433,0.013988781729218948,0.21551775732576597
255231,59.98303571428571,0.08960920384564997,0.396331079295992
255252,25.729464285714286,0.23373073719918058,0.5711897401495194
255275,-13.700892857142861,0.004840307143170526,0.16997001039451554
255330,4.606249999999999,0.5289788858606652,0.788385459572901
255374,-7.151785714285719,0.3212284754659816,0.6467096460442103
255394,-145.71339285714285,0.30914134173345803,0.6378708906059634
255403,-5.666071428571429,0.028471752193275274,0.2601446581970724
255411,-1.6205357142857144,0.18538679380635092,0.524352435165308
255426,0.6758928571428573,0.8146426622402534,0.9308183226679871
255480,23.02857142857142,0.14185398449611028,0.47145259268888395
255488,-434.6580357142859,0.0846380662124789,0.3877324063818419
255512,-13.043749999999996,0.17865707045639115,0.5175447792999035
255520,40.598214285714285,0.025530055112871305,0.2523572234390191
255626,-0.36964285714285694,0.9261523377462485,0.973812078304154
255631,30.94642857142858,0.11141386326896033,0.4310772750853023
255654,-1.345535714285714,0.6370309591127761,0.8487020560780236
255738,6.173214285714284,0.47395369661650033,0.7548236173838673
255743,-48.420535714285705,0.010974235899050501,0.20285382906236638
255758,1.1250000000000284,0.9521645791696363,0.9836485284100116
255762,-3.2491071428571434,0.23442589913902867,0.5717386044886427
255783,-0.20357142857143629,0.9909780516625911,0.9970237739910766
255798,-115.54464285714285,0.017362894213897848,0.2283369916124698
255877,-12.835714285714282,0.3642701618937065,0.678932030050738
255919,136.6482142857143,0.1275322515849616,0.45333354105479257
255926,-13.12857142857143,0.02450833029880363,0.24833079301095043
255928,-3.708035714285714,0.4288733920541977,0.7252072004002168
255967,124.72946428571424,0.4201836238858934,0.7199380143327941
256006,1.4580357142857139,0.3456274623400246,0.6646782754829392
256021,-0.9178571428571418,0.7178585806349462,0.888466150816553
256051,0.6187500000000001,0.40145826603099527,0.706738193839848
256076,10.664285714285715,0.25383255821042905,0.5909681114454501
256126,-5.246428571428574,0.39523572185032263,0.7023057383035045
256130,-39.79553571428568,0.6571299011086862,0.858962209450364
256158,-16.300892857142856,0.21620712228989994,0.5552572729425244
256223,-2.5160714285714287,0.30032931094195026,0.6304424892786274
256227,0.4732142857142847,0.9656154636323561,0.987875408829951
256236,41.766071428571436,0.08397741469337773,0.38658458772084087
256281,7.034821428571427,0.24540739566615238,0.5828963327180722
256302,-31.97767857142857,0.34341601118988785,0.6631194807838569
256309,-12.878571428571423,0.14419436404197944,0.4739870651112382
256329,0.3794642857142847,0.9471310141037578,0.9817363725135351
256356,9.719642857142858,0.418934719902566,0.7191701637798283
256364,34.238392857142856,0.0002050109594884076,0.08218894428282343
256369,-11.27767857142857,0.019840560640482247,0.2365299129704636
256380,8.250892857142862,0.31150321069809317,0.63952379845005
256435,-13.668750000000003,0.05242012293727151,0.32304992795134885
256471,-3.5866071428571438,0.3780449272541019,0.6897770353479877
256472,-1.4267857142857139,0.5368428667242069,0.792801332635011
256536,-1.0035714285714281,0.8697349118907169,0.9524768865972372
256586,-2.148214285714289,0.9755752849600682,0.9915532725997055
256643,-4.239285714285714,0.6406732350992889,0.8503476106779077
256646,-28.20803571428572,0.09021428481335124,0.3972957132385543
256691,-416.63392857142844,0.3417552112767305,0.6619713811795529
256710,-9.441964285714285,0.0579961880394765,0.33808740042433
256714,-3.5294642857142833,0.6891828237869514,0.8743925084264311
256764,-10.271428571428569,0.04989136936507241,0.3173620883165795
256815,8.721428571428572,0.42767339763480516,0.7245388719884416
256933,-22.353571428571435,0.0059904886596537366,0.17810639510881063
256949,-2.5874999999999986,0.8119489874826332,0.9296041322580982
256957,0.9107142857142874,0.8262595379926748,0.9356661776688744
256979,-2.7223214285714294,0.19800928741389953,0.5362669798570913
256987,49.33571428571429,0.45471348085257757,0.742707452291358
257000,4.088392857142857,0.41833861404076866,0.7191271906063734
257019,-136.97589285714287,6.4184110866445e-05,0.05920690331486244
257044,-9.50535714285714,0.20285091364298424,0.5406388314789792
257062,-1.7321428571428568,0.42746761290586216,0.7244406037951666
257068,4.5455357142857125,0.7676972182377401,0.9101599281642007
257101,-2.890178571428578,0.7871501659232704,0.9194657919083643
257106,111.0732142857143,0.0033371604290120737,0.15436484471762701
257144,12.368749999999999,0.0033512691403281645,0.15462501286704
257152,1.7089285714285758,0.7282059560261521,0.8930149339603269
257160,-0.21249999999999858,0.9763470252570869,0.9920050101451577
257169,-3.411607142857143,0.33367513422194034,0.656411369302469
257177,2.718749999999999,0.31454974799687097,0.6418349344635847
257194,-91.53214285714282,0.26021195362377997,0.5967073199026997
257203,2.7776785714285737,0.6690902195998423,0.8645038781503838
257218,-48.81339285714293,0.02062878917232551,0.23824258812783244
257236,7.133035714285715,0.24886800783128224,0.5865025141454895
257240,-188.84464285714284,0.014070666275710263,0.21551775732576597
257313,-4.239285714285714,0.3117724762330166,0.6397003216645338
257358,-12.716071428571428,0.17149766977984196,0.5085303710880171
257364,13.233035714285705,0.4466577938001697,0.7375053566884389
257396,8.685714285714285,0.03800035559959504,0.2878732866961136
257397,72.62857142857138,0.42267845223727385,0.7213742157595501
257407,-13.083928571428572,0.24181553807202905,0.5785351833058324
257629,-5.19375,0.17239479508921454,0.5096804441277915
258010,46.24553571428574,0.2282732824719942,0.5666413202195715
259173,-11.503571428571433,0.22565031359864246,0.5642031781225489
259197,5.034821428571431,0.20603475222259557,0.5435247561998859
259215,-9.20625,0.09689660699546644,0.40802695528936594
259217,-30.620535714285722,0.1475219466767957,0.47822616118545025
259230,-65.01696428571427,0.4008759512617766,0.7064362997240261
259232,-18.677678571428558,0.5366797483968082,0.7926635740994151
259234,-23.671428571428574,0.012877217530918335,0.21116205700008894
259236,-7.6607142857142865,0.08931311714278012,0.39589637601246835
259239,-12.323214285714288,0.21447642565595132,0.5535498107320582
259240,4.628571428571428,0.17592865183726755,0.5144296358352378
259249,-0.711607142857142,0.8376490516886356,0.9410902470574962
259266,64.04910714285715,0.13264142351437322,0.4594575193883432
259282,-38.66607142857143,0.28372305405060666,0.6173131867392316
259283,-9.423214285714284,0.07778582577675297,0.37603360073775144
259285,-0.33124999999999893,0.9205420380718599,0.9718735881508199
259286,2.9071428571428566,0.30967700612153687,0.6381212211967345
259287,-1.8392857142857153,0.5647786116257093,0.8095779729268938
259291,-7.770535714285717,0.3182735359389803,0.6446572842987778
259294,-9.950892857142858,0.004028056032169524,0.16375793388007792
259296,-8.960714285714284,0.019116032926856964,0.23441328051251287
259307,56.57321428571429,0.07185049389921809,0.3650614026521466
259308,-0.4107142857142847,0.935733185265638,0.9774814697107086
260293,-49.64017857142855,0.1048685603324526,0.42054338684002096
260294,83.75714285714284,0.23278035578625422,0.5702435571761033
260425,-16.24107142857143,0.3461882127154767,0.6651382974388967
260429,-3.9375,0.3932878547761967,0.7012033397199308
260434,2.9366071428571434,0.5023970991941855,0.7724168973693979
260436,11.051785714285712,0.22120059556805396,0.5597326127034457
261726,102.94375000000008,0.08388407105574884,0.3864546329840039
261729,301.08303571428564,0.08910639033188426,0.39550997657052867
261734,9.665178571428566,0.23466728174737006,0.57199561453067
266553,-21.166964285714286,0.0875013421195933,0.39235017624450463
266621,-4.367857142857144,0.37927404759509153,0.6907204234315378
266629,-0.755357142857144,0.6957843139649124,0.8778043519719001
266655,44.81875000000001,0.12410251138444502,0.44858553549811786
266671,-2.3080357142857153,0.6230572102498934,0.8419683502877533
266675,-0.4089285714285711,0.7427411059327412,0.8989956315595876
266695,0.360714285714284,0.9269566233145708,0.9740420006865805
266722,-52.588392857142864,0.00028490038606262033,0.08669510220383868
266727,-6.575892857142856,0.011199617462065995,0.20461183935253394
266740,-5.69464285714286,0.08183102605747146,0.38262403352194096
266743,3.178571428571429,0.20389218222345104,0.5413073667927009
266747,3.4821428571428568,0.38350946190588303,0.6937162003902437
266811,2.3098214285714285,0.4791590933281779,0.7581000802813692
266812,-168.11696428571435,0.04545208715182279,0.30551607987696994
266917,-16.87142857142858,0.15145301056285349,0.48289557689083357
266918,-1.0017857142857167,0.777566901613331,0.9149883015560714
266919,-0.566071428571429,0.8413427494218471,0.9423175192622308
266977,-6.352678571428573,0.4929613433559129,0.7659835009516167
267002,-14.40625,0.03600835160006234,0.28266895879398407
267012,-2.794642857142856,0.5596877294729692,0.8067949750569378
280636,765.3089285714289,0.016097138921951838,0.2231631889778629
280658,1.4651785714285719,0.3642366960130709,0.678932030050738
280664,-1.0053571428571448,0.7576201207631179,0.905655297905148
280665,-22.089285714285708,0.2788119667232499,0.6130855504775135
282566,-30.479464285714286,0.008195342211632034,0.18975775366308964
282616,-8.925892857142856,0.04514611094611263,0.30492447387013066
282617,-5.275,0.24711411815128964,0.5845420210780715
282618,0.26160714285714093,0.9719642843834786,0.990127948439907
282679,2.2428571428571447,0.5791579098259858,0.816751579049156
282706,-3.974107142857142,0.198985043032406,0.5372389796681181
282763,1.1892857142857167,0.8017656482418379,0.925536788142782
282775,-5.631250000000001,0.11961818878672903,0.44202582249419686
282808,0.838392857142856,0.752973361039366,0.9032277431762787
282809,-47.912499999999966,0.3564142168742613,0.6728250301397063
282890,2.9964285714285737,0.6300828285458315,0.845040808760599
282966,-7.739285714285717,0.20397443690780437,0.5413724290618728
282969,0.31160714285714164,0.9726232994898062,0.9902360969644389
282973,-4.056249999999999,0.3013965304316254,0.6310562992697576
282974,4.967857142857142,0.47114041894556546,0.7531166648885742
282980,-6.393750000000001,0.3392834529022487,0.6602240330633382
282991,246.5428571428572,0.13384457592377516,0.46111031438065236
282996,-106.66160714285715,0.010255493889444264,0.1988875360240836
282997,4.729464285714286,0.3700135156975833,0.6838376639663125
283011,-12.093749999999996,0.2071918938775307,0.5450005962800706
283025,-5.538392857142858,0.3296925286663915,0.6534714983788616
283033,-3.4508928571428577,0.5342035933813518,0.7914777183541949
283038,-6.782142857142857,0.143689123052628,0.4734730405199185
283045,-19.309821428571432,0.054577559677114786,0.3281333152134768
283050,-1.4107142857142847,0.8749943560657033,0.9545442364820096
283075,-43.12142857142857,0.008331806889898185,0.1902441948888578
283078,-10.574107142857137,0.3660333499698174,0.6801547515497475
283080,2.1964285714285716,0.22632989620972438,0.5649653479137708
283089,-12.084821428571423,0.03806489356764603,0.2878870261757969
283104,4.144642857142857,0.3724277738516808,0.6856382036441283
283112,-1.8633928571428573,0.5266101840560649,0.7870434850412854
283129,-14.849999999999998,0.059904825874487255,0.3423535439205175
283130,25.83392857142856,0.020716532609464173,0.238389808462602
283143,12.615178571428574,0.008725158115314999,0.19200898708156414
283149,48.371428571428574,0.09025449218639878,0.3972957132385543
283150,-1.659821428571429,0.24278271042468666,0.5797835637680604
283152,2.272321428571429,0.6027384947794777,0.8306797540347838
283159,-6.085714285714285,0.31878856405073785,0.645039633839089
283160,-5.8080357142857135,0.29751483233390247,0.6284203005334461
283165,-1.283035714285714,0.5808251048250115,0.8176202265046802
283171,-3.9607142857142854,0.4382674450255248,0.7317394740516863
283177,-6.850892857142846,0.5998172983340536,0.829373957496916
283194,-5.366964285714282,0.4991500770910017,0.7698725693484618
283197,-5.299107142857144,0.2682609767743758,0.6039495428084374
283208,102.7294642857143,0.14102459820422994,0.4701255923940546
283209,63.48482142857145,0.12108217048570846,0.44377045658306136
283212,7.84107142857143,0.12368899576139852,0.4477716906081219
283214,-1.3946428571428582,0.5880524288506703,0.8223865839876127
283218,-7.530357142857145,0.23148506968307206,0.5692127809724292
283219,4.157142857142851,0.5918123515686133,0.8249817726731771
283229,13.860714285714284,0.10963188405158794,0.4288868961448605
283232,-12.04553571428572,0.6322563974491958,0.8461501574028193
283234,6.9785714285714295,0.3793050862977634,0.69073093502965
283237,37.558928571428574,0.04054046079306158,0.29526133403382776
283238,-11.348214285714286,0.03313402471156885,0.2752092575057233
283248,-18.61696428571428,0.11842287898485845,0.44064045926889456
283254,18.016071428571422,0.040906126370210724,0.29606671505937604
283267,44.27857142857141,0.07726204648077316,0.3752142978192795
283284,-3.8080357142857153,0.43684939400285744,0.7308672159457231
283297,3.746428571428572,0.14408783108770806,0.4738932967228368
283298,64.54107142857151,0.6654391778518536,0.8626461266037211
283303,-26.18214285714285,0.022361712394595352,0.24263278927852766
283310,-7.433035714285715,0.1788991174951388,0.5177831201317737
283314,-8.385714285714283,0.19879470317039477,0.5370891283582883
283316,9.940178571428575,0.7956647566999667,0.9234315433510616
283335,6.120535714285714,0.16166591372897093,0.4952509221004903
283337,3.209821428571427,0.6707963279136343,0.8653515910579157
283345,20.08571428571429,0.027744099708955923,0.2576265636278962
283349,95.1866071428571,0.6333270484295952,0.8469817863876945
283352,-5.741964285714285,0.2431974904151951,0.5803649391886351
283357,12.945535714285725,0.3438521486976524,0.6634944849142101
283358,-13.933928571428572,0.0034210458854759913,0.15613162252787965
283373,-4.859821428571429,0.5368332378322362,0.792801332635011
283375,-13.101785714285725,0.33150895942945624,0.6546502169934891
283377,-19.005357142857136,0.07678546042616938,0.37434887069972766
283383,-35.791964285714286,0.06947185342811461,0.36109645272194757
283385,-3.8982142857142854,0.334970458754103,0.6574650275555559
283387,7.501785714285715,0.25748470071834534,0.59419953860015
283392,-38.902678571428574,0.01181143752435181,0.20706627471402037
283403,-10.990178571428569,0.09367581201481111,0.4031537747824517
283404,-23.262500000000003,0.009256413776838357,0.19493355607384097
283416,0.5973214285714334,0.8888998211600557,0.959519605447517
283417,-41.1375,0.31124621554417536,0.6393668032340618
283431,119.91160714285715,0.006093991636897129,0.17879430951723688
283432,-5.877678571428572,0.05249626827190546,0.32304992795134885
283435,-9.861607142857144,0.019731384062375203,0.23641453220133712
283446,-6.199999999999999,0.21829476364278547,0.55733206640996
283450,-41.64196428571432,0.2831379004847836,0.6166675792907631
283454,-6.3410714285714285,0.54516736110711,0.7978712547254533
283455,-3.2258928571428562,0.49497836327628775,0.7671571659303712
283459,304.86517857142854,0.015101541750165145,0.21879289582888783
283461,-1.709821428571427,0.6909251059054472,0.875471595768201
283463,-8.98392857142857,0.044679420396835035,0.3038688511281042
283464,-10.149999999999977,0.6433504776372306,0.8516788301691384
283471,-2.8866071428571427,0.23625413530633263,0.5732748588950958
283475,-14.275892857142857,0.006192113527749751,0.17952850950194416
283480,-4.947321428571424,0.3379536889588397,0.6595014590914148
283481,-12.366964285714289,0.3442372737829117,0.6636520784231557
283482,-0.9258928571428573,0.8338377114175164,0.9393237225044342
283483,-2.942857142857143,0.09339081308961107,0.4025656500847119
283484,-4.154464285714286,0.061548957578903045,0.34536380302969977
283485,-6.39910714285714,0.08713710927448297,0.3918007954128043
283486,-5.579464285714284,0.26918405920011546,0.6044701181520581
283489,-13.67142857142855,0.2687003312811731,0.6040785613815024
283491,4.558035714285719,0.4737980136292962,0.754770133915569
283507,-13.417857142857137,0.29443336073395304,0.6263381837261257
283514,0.9607142857142863,0.732250430326015,0.8944728480349039
283516,-7.141071428571428,0.02886397252924173,0.261324341453269
283518,-7.81160714285714,0.021712124780425366,0.24158128810580906
283521,-9.155357142857145,0.0912986657823579,0.3987979988535926
283537,75.16071428571428,0.02499054290724252,0.2504621285450221
283547,-8.174107142857142,0.09397989063184634,0.40347778183597977
283551,-12.617857142857144,0.03689376638643021,0.2842190333199232
283554,-8.17678571428571,0.21497803403088014,0.5539337510742746
283571,-4.146428571428572,0.14397652465664493,0.4737798885493897
283576,-0.5794642857142858,0.8794509180764861,0.9558968549114908
283578,234.61696428571406,0.18198673667264847,0.5210918245454054
283579,4.609821428571429,0.41971441006729415,0.7194713267709957
283585,-23.64821428571429,0.0013171225448060033,0.12532423491627354
283587,0.31785714285714306,0.7861021150447328,0.919032083636924
283588,-19.620535714285708,0.0898601314524649,0.39689011124998125
283592,1.8303571428571423,0.5882118139219865,0.8224899226687824
283596,-9.228571428571428,0.1370175951758055,0.4654904483641614
283600,-3.2642857142857142,0.5224669242870512,0.7846475604404364
283601,-22.008928571428562,0.2646827895716184,0.6008524608606284
283624,0.07767857142857126,0.890685292254113,0.9599112661435313
283629,0.41160714285714306,0.9283376578842626,0.9743146234414408
283638,9.370535714285708,0.5655787553813659,0.8102528449109849
283643,7.490178571428569,0.210453021658505,0.5486610222763094
283651,25.57678571428571,0.057334323897069786,0.336236541928652
283659,-17.75089285714286,0.07959110256701123,0.37914618418506313
283663,45.70446428571427,0.21022337824766502,0.5484709095805769
283665,1.01607142857143,0.6309777731709626,0.8455220481891383
283673,-6.2821428571428575,0.06962077769340574,0.3614607609899459
283674,-5.234821428571428,0.11896953843015773,0.44124108559038133
283677,-10.677678571428576,0.08219837723544986,0.38305097012584793
283682,1.4446428571428571,0.653088172142856,0.8568314971423585
283685,-17.891071428571436,0.1930904788744743,0.5320169236547782
283687,25.215178571428574,0.14831389663833916,0.4793609120278119
283688,-9.578571428571426,0.0024824017498407624,0.14794037881322922
283692,0.24464285714285783,0.736011379252753,0.8963053691926915
283693,-8.06964285714286,0.22763064453896875,0.5658737618111312
283713,-20.189285714285717,0.11749108989394384,0.439807294259303
283726,2.0419642857142857,0.3216174388987117,0.6469384302191628
283731,-16.244642857142857,0.10291273896411189,0.41697954197102743
283737,-33.57053571428571,0.014863495510627168,0.21795848441472968
283738,-1.0455357142857142,0.641037417959753,0.8505108872594792
283742,53.31517857142859,0.36848334229924606,0.6824343452412194
283745,3.038392857142858,0.5528942720169372,0.8025423229543712
283748,-6.083035714285713,0.07603382792245417,0.37267140669297905
283761,-6.084821428571429,0.4444062869768853,0.7362781049198874
283777,-0.7303571428571436,0.7170516195411378,0.8882323009291702
283788,-38.74017857142857,0.14652644814471147,0.4766948442408723
283807,-1.4589285714285716,0.22743442079480108,0.565737888550365
283847,-1.5758928571428568,0.6130387239407622,0.8357534529724765
283848,-0.7062499999999998,0.6844344284465148,0.8721750027735534
283849,-22.0625,0.0027633069528959046,0.15063191191384204
283854,-5.984821428571427,0.09281207878056368,0.40162250948376094
283856,-1.0767857142857142,0.7985613078169213,0.9244040604703494
283860,-5.455357142857137,0.5833156556810356,0.8192249866313355
283861,1.8767857142857096,0.8175532675228029,0.9318158348786202
283867,-17.012499999999996,0.03876334103722207,0.28976308464809003
283869,0.08124999999999993,0.720263216307114,0.8895142816605748
283870,-3.0187500000000043,0.7330511528566155,0.8948181999184244
283871,-11.348214285714278,0.5274766669457084,0.7875204599889846
283875,-2.7660714285714274,0.5262712294107104,0.7869671380365558
283876,8.577678571428578,0.5952881032829817,0.8268832477807945
283887,-15.124107142857142,0.09005931224999375,0.39717849402879485
283888,-5.590178571428574,0.5424858987314328,0.7962675772765625
283897,247.22767857142858,0.08163403667541208,0.3826065321313655
283899,-12.82857142857143,0.02524197796343118,0.2512663758036146
283902,-12.103571428571428,0.43598239958942026,0.7301316373913119
283914,-3.619642857142864,0.6788512808599191,0.8691646312843851
283922,-7.192857142857145,0.016095239326536108,0.2231631889778629
283927,-30.908035714285703,0.05224900692099129,0.3227793780890333
283932,-2.5410714285714278,0.1264931096764701,0.45195916229294497
283933,-36.047321428571465,0.4261890487822042,0.7237959322285834
283948,-10.766964285714288,0.2752298548639406,0.6100808308651934
283951,21.87410714285714,0.03132284041236414,0.2693493278520601
283953,-0.6151785714285709,0.1776687059808142,0.5162452543559453
283981,-4.775892857142857,0.3318585680412555,0.6549367314342927
283987,-9.131250000000001,0.44792447878603014,0.7383268897350441
283989,13.317857142857143,0.2751839565069662,0.6100808308651934
283991,33.203571428571436,0.25091942895000297,0.5884710596346142
283994,-9.02232142857143,0.22401792418127284,0.5626445678847414
283999,-4.341964285714285,0.23610664617214663,0.5731086405257919
284001,-8.91696428571429,0.3072591870975213,0.636268456408627
284004,3.0267857142857126,0.4190274310632112,0.719183977692776
284009,16.38035714285718,0.6550751417513909,0.8580300032167926
284013,61.85892857142857,0.02016254258554162,0.23744580766467172
284014,-7.646428571428572,0.3555244288045386,0.6723422251143636
284018,-1092.5803571428569,0.017199050895048855,0.22741429448290112
284021,11.639285714285712,0.17122147442420932,0.508335934377346
284023,5.477678571428562,0.7078285093450387,0.8835937749364139
284029,28.541071428571442,0.4160914421757166,0.7177158721086765
284058,36.16874999999999,0.675380682008693,0.8677344328239992
284067,-1.6803571428571438,0.7615635316218728,0.9072553892891578
284069,-5.549107142857143,0.04805050794370602,0.3117922527678764
284071,-24.805357142857147,0.6548915159204736,0.8579526730397449
284076,-4.180357142857144,0.4017076353568271,0.7069221720407648
284080,-3.788392857142858,0.4234600723065635,0.7217169405661272
284083,0.025000000000000355,0.9802279970248736,0.9933220272769352
284086,-21.59464285714286,0.3376961470879307,0.6593405872770903
284098,13.031249999999972,0.5883192703170417,0.8225216995572213
284099,-17.848214285714285,0.015519233368123914,0.22012179233555765
284100,-8.417857142857143,0.0757775183591366,0.3724243073423383
284106,5.15089285714285,0.6885101486234874,0.8741070072908831
284111,-4.800892857142859,0.41478363174426236,0.7170280563339134
284114,-1.1642857142857146,0.6755519412813695,0.8677630314219864
284119,-94.53928571428571,0.4047916677916489,0.7093667505784144
284129,63.98214285714283,0.12396760650839159,0.4483022925555195
284131,-17.703571428571422,0.0016790106309886794,0.13181696481672592
284161,31.456249999999997,0.18431902707167935,0.523323612460096
284184,-79.31696428571433,0.1922313887449275,0.5309598515048747
284185,-13.32767857142857,0.15742744253519037,0.4903246974998469
284186,-17.022321428571438,0.0778008023404397,0.3760727493558077
284207,139.4651785714286,0.008410293291134076,0.19064377516283398
284217,-3.475892857142858,0.33692728089313834,0.6588401274894345
284219,-16.20714285714285,0.04627751188224234,0.30721502697445363
284240,1.6241071428571443,0.6086231448281396,0.8335461634117514
284242,10.76607142857143,0.037760456550475704,0.28720878088470797
284252,-15.109821428571436,0.2776728992637086,0.6121926596735057
284257,-11.086607142857147,0.11094763190100655,0.430461380512882
284260,-6.49642857142857,0.08805740890310353,0.39356975654191
284263,1.3812499999999992,0.5614644348439622,0.8077502643634032
284266,-9.429464285714289,0.6523270606685948,0.8563877840433985
284273,-163.83214285714288,0.002499128555985434,0.14794037881322922
284274,-8.351785714285716,0.07780994445950083,0.37608369106464
284276,-6.333035714285714,0.044940681116477886,0.304419953119964
284294,-29.426785714285725,0.24670426385702685,0.5842526122247792
284297,-17.729464285714272,0.15419852355932306,0.4864857754205777
284306,-17.24642857142857,0.012464150061996448,0.20957631240569885
284307,1.691071428571429,0.6022730760635413,0.8304982901397219
284309,33.86874999999998,0.2377377558677277,0.5747307031303034
284312,-5.6973214285714295,0.25541907781775003,0.5926177839883506
284323,6.161607142857147,0.40778428361873587,0.7115407501780917
284325,17.361607142857153,0.3514851293107048,0.6695650791043106
284338,-8.620535714285712,0.027926834441540913,0.2581450985712789
284339,0.7196428571428566,0.8224283372170281,0.9338595114814026
284340,0.3374999999999986,0.9283195943746053,0.9743146234414408
284346,20.309821428571425,0.29385536480599017,0.625880327174741
284348,-4.684821428571427,0.2536225114065155,0.5908272444423953
284349,-10.824107142857152,0.04474883367032732,0.30396850303455664
284352,-7.753571428571429,0.03749032111408821,0.28644877342023983
284353,-5.066071428571433,0.5882703547974757,0.8225164087702532
284358,-37.15,0.0007259527968830378,0.11673961520464733
284359,-1.8857142857142861,0.44457579969110367,0.7363595029612165
284361,14.591071428571428,0.20121839493878016,0.5391627416455675
284365,12.113392857142854,0.14148511577304018,0.47074172122503327
284366,10.375,0.1798228647531496,0.5188262794686753
284367,2.0696428571428456,0.8363891975125851,0.9405212448945443
284369,-2.908035714285713,0.4663492265648707,0.7501734079388716
284370,-24.10089285714284,0.19598929715270658,0.5346629488985247
284379,-10.439285714285713,0.2534219664837653,0.5907643516022518
284382,-5.241964285714285,0.28831245289467233,0.6216620011048708
284385,-5.626785714285717,0.5723833504999177,0.8135056994100172
284390,3.2544642857142847,0.45095626926267873,0.7399910715900261
284391,23.45089285714286,0.13780475048584762,0.4664157400232248
284395,-5.148214285714282,0.22900741897993615,0.5673046365243084
284402,2.7312499999999993,0.551411138978403,0.8018706913253882
284403,-15.454464285714284,0.0876674203447814,0.39272562124956356
284406,11.629464285714278,0.24659848587690444,0.5841502627840973
284408,-5.6133928571428555,0.5242614732790328,0.7856378251755823
284415,1.3357142857142845,0.601153418136336,0.8300582962945454
284417,-6.0625,0.13699101489175938,0.4654904483641614
284418,1.237499999999999,0.7654290857120898,0.9090272761593338
284422,-15.583035714285716,0.007712930239017561,0.18786893212895334
284424,2.841071428571429,0.4649874242812186,0.7493023466387003
284427,-1.880357142857143,0.6030134108879458,0.8308526821462231
284439,-5.167857142857144,0.08487744923410365,0.3882759820008883
284440,-7.3919642857142875,0.35460553699024866,0.6715409142371876
284443,-8.204464285714266,0.8442526162232208,0.9431608868928023
284451,-13.622321428571428,0.12661124381860042,0.452051048747363
284459,-3.5687499999999943,0.6425399678301736,0.851368571663308
284485,-17.40535714285714,0.0697363255526652,0.3616804911814633
284486,-0.5919642857142868,0.8810778234905721,0.956590281763876
284498,-7.310714285714283,0.5512247966194415,0.8017615258092036
284513,7.2196428571428655,0.6494683428528376,0.85474873978141
284521,-5.115178571428572,0.07850871911042566,0.3774698964177655
284525,-3.963392857142857,0.4983784677600205,0.7694546265472539
284541,-17.92589285714286,0.05691050099462265,0.33537202434587127
284551,-9.72767857142857,0.26869471061731853,0.6040785613815024
284561,-9.415178571428573,0.07980788624866833,0.37926354028957737
284570,-0.6687499999999997,0.42580821931549057,0.7234188176954337
284576,-5.066964285714286,0.021751032143922072,0.24158128810580906
284578,-5.249999999999998,0.3636516168548325,0.6785965088253316
284600,-17.501785714285717,0.0019173471871005146,0.139342211571187
284611,16.670535714285734,0.8523377642332528,0.9461490815395234
284612,-168.0080357142857,0.008138684535264598,0.18930955627024845
284613,35.40624999999999,0.006681461893803107,0.18122967135939963
284615,1.8723214285714302,0.5561121080325727,0.8047596608618102
284618,-3.136607142857141,0.5032525882196675,0.7731110077482479
284632,3.058928571428572,0.2753936105287206,0.6102186689223018
284648,-1.6562499999999982,0.6231755315639501,0.8419896203663861
284649,-8.892857142857144,0.008229186700937037,0.1897704920352109
284654,2.7187499999999996,0.3342295174492295,0.656860997452037
284656,-7.269642857142859,0.36124965183571867,0.6767860716186238
284661,-3.9919642857142854,0.4533938015274623,0.7414632947237086
284669,4.061607142857142,0.5406009338808313,0.7950056592189529
284677,-0.2776785714285701,0.96160743316255,0.9866247329922839
284680,-4.230357142857143,0.4304095772381509,0.726314282175526
284688,-0.5446428571428577,0.9379420288016189,0.9782452704543492
284695,25.20625000000001,0.34166790584834317,0.661961220447089
284697,-0.24732142857142891,0.867200871774121,0.9514751200638614
284716,-7.636607142857143,0.026116241308996473,0.2540305094412706
284723,-43.86964285714286,0.0011467562796905846,0.1240993704425147
284729,-1.6571428571428566,0.6561931796403623,0.8584439984830036
284739,-1.516964285714284,0.730184851309889,0.8938928091172814
284749,1.5026785714285724,0.6308071801410307,0.8454725867593106
284751,2.9375,0.4801065397934016,0.758592573862738
284756,-11.317857142857138,0.03300863148241563,0.2750260095715255
284757,-14.985714285714284,0.15794127346824036,0.49073359816309836
284759,2.878571428571423,0.7168560661611129,0.8881041823502953
284788,1.4660714285714285,0.46435082228973285,0.7490029938294828
284798,0.08571428571428541,0.9885453727092205,0.9961038736289789
284801,-1.074107142857143,0.4152235292915438,0.7172361843089491
284802,-181.41964285714286,0.08435850528131704,0.38744214806902655
284805,-10.95,0.19844273562840214,0.5367578403475916
284808,1.9428571428571422,0.5278216339475784,0.7877988599061981
284825,-23.913392857142853,0.06141485437046768,0.34517446162678045
284835,-2.1901785714285706,0.30139274524413323,0.6310562992697576
284836,1.9598214285714284,0.343902123074303,0.6635674964387182
284837,-3.2517857142857096,0.8139578680646219,0.9304442073266402
284865,-1.4580357142857139,0.16335754775930802,0.4980801875831009
284889,16.252678571428575,0.2771310760963409,0.6116943653695947
284898,-8.70267857142857,0.03540783576435249,0.28137722314162766
284900,14.099107142857136,0.1575545265561094,0.4904544082846943
284904,-15.050892857142856,0.42355423825640903,0.7217514753717019
284912,2.416071428571424,0.655907479844019,0.8583265470063364
284926,-9.943749999999994,0.08544187808778955,0.3891648354256826
284930,-24.92053571428572,0.08653348461224007,0.3913140356689987
284933,-5.064285714285724,0.607280686642676,0.8326706952029468
284939,-18.926785714285714,0.3091681457479717,0.6378873303450665
284948,-12.325000000000003,0.032941900283379136,0.2748929178867146
284950,-7.213392857142857,8.91643356499614e-05,0.06632267197475485
284958,-6.500892857142857,0.12766596365298638,0.45350980019346293
284992,-31.17767857142857,0.008849865223141011,0.1926440571942247
284996,130.17767857142852,0.1617855049685323,0.49540052452732386
284998,3.850892857142857,0.3807917790245783,0.6922102478822448
285000,-2.4187499999999993,0.4610065037931612,0.7468526651127764
285016,-6.24910714285714,0.2699211108579619,0.6051714557498611
285025,-13.31607142857143,0.03310883817963149,0.27511029292877687
285033,-4.510714285714283,0.6040021569244246,0.8312835768633619
285043,0.9669642857142833,0.8771992748054486,0.9553401705358469
285045,-2.6160714285714306,0.4609458928377171,0.7467987285063022
285051,-1.7330357142857142,0.07926095865733254,0.37864507772736183
285084,-4.194642857142856,0.7359021916245899,0.8962627803390412
285093,-1.2660714285714283,0.4510231494883162,0.7399910715900261
285095,-9.14107142857143,0.0038567638142664247,0.16171055949029417
285097,7.192857142857145,0.5096165818597953,0.7768412857533813
285103,-6.622321428571425,0.26290639115593056,0.5991668809165116
285116,-19.337500000000002,0.06609534329297129,0.354986531880472
285126,-8.405357142857147,0.12649114708664244,0.45195916229294497
285147,-166.81607142857146,0.001225290681252881,0.12532423491627354
285148,85.10089285714281,0.20056585489529966,0.5388012603515933
285150,-6.371428571428567,0.5671868940834484,0.8108496126032825
285154,-2.0553571428571438,0.613372728517464,0.8359725822841846
285172,36.75446428571428,0.3613166309834667,0.676821038634268
285175,-8.69642857142857,0.08859315210180838,0.394997003530395
285178,-24.53214285714286,0.011650063681383991,0.2066643213509123
285181,-13.396428571428565,0.01664185490101603,0.22475972927854593
285191,3.3053571428571367,0.595061207579978,0.8268371488272498
285193,-93.32857142857142,0.06137546434642029,0.3451104906612999
285194,-2.3098214285714267,0.5690476742662005,0.811578714276516
285195,-38.83660714285713,0.3065053375999346,0.6357992048606398
285203,10.431249999999977,0.752661849327187,0.9030455697161279
285205,-18.550892857142863,0.08572226984948926,0.3897600918104636
285220,-13.056249999999999,0.037126574039061645,0.2850176124102352
285224,-5.726785714285711,0.1098963981833218,0.42908300846754155
285231,-361.02053571428587,0.3155806628388319,0.642706579005374
285237,63.191964285714306,0.03545316522808377,0.2814601973565116
285266,2.408035714285714,0.3770341369038834,0.6890131824403235
285267,-11.554464285714282,0.021745715986735664,0.24158128810580906
285268,30.70624999999997,0.18593706572577934,0.5248107515645545
285282,-10.32767857142857,0.25846408964062173,0.5952872530898939
285286,-0.9866071428571423,0.8722833937645201,0.9534605068787513
285300,-6.458928571428569,0.16114887297843689,0.4946451010593172
285311,-1.4330357142857153,0.7549813602314412,0.9042807104507109
285313,-429.5133928571429,0.0009192495514026222,0.11859210302321158
285315,-2.571428571428571,0.45647085793052367,0.7441128252042749
285326,-6.3428571428571425,0.054409603185348626,0.3276884662710183
285331,-33.81607142857145,0.0008836537153000003,0.11859210302321158
285343,-83.27499999999999,0.028546855576727086,0.26055838308701335
285346,-1.8562500000000002,0.5806670548974494,0.8175860219874421
285349,9.127678571428579,0.2815831582434805,0.6155118364616797
285352,-16.95803571428571,9.1377947516386e-05,0.0666145237394454
285359,-99.70535714285714,0.013081337612051878,0.21137711545547824
285362,222.0642857142857,0.13030582948314381,0.4570777437756084
285367,-17.661607142857147,0.015211971219537218,0.21933399958549507
285368,5.711607142857147,0.5273946513214439,0.7874625200994032
285370,-3.3446428571428575,0.34060030731930463,0.6611162241793164
285375,-0.5446428571428572,0.2965824769429097,0.6276012332925097
285381,13.729464285714272,0.42188759199266196,0.7209471508735363
285382,-16.292857142857144,0.7012744800465064,0.8801768074011977
285386,-8.624107142857156,0.49502340973358055,0.7672002654277102
285401,-4.078571428571429,0.5300030209325348,0.7889225768284649
285419,-7.485714285714282,0.1945438827423533,0.5334346433770394
285422,0.7607142857142861,0.7004759002607284,0.8797990015137004
285423,-10.245535714285717,0.06894390247543213,0.3601569044357763
285429,2.479464285714287,0.416247247332758,0.7177921607241072
285440,-123.69285714285712,0.19696850981919586,0.5352882561634207
285441,-1.916964285714288,0.7314188964273882,0.8943233899163636
285456,-0.008928571428572951,0.998025694332266,0.9993847640049428
285463,0.1133928571428564,0.9569370869259334,0.9851252338532617
285464,65.46428571428567,0.3237364801747147,0.6488703923012975
285489,-50.67767857142857,0.015019304505977242,0.21857614232472455
285492,-4.573214285714286,0.300470828482635,0.6305458872836444
285498,3.8062499999999995,0.19547111358102845,0.5341789438922651
285500,-4.642857142857142,0.14619389781770448,0.47651287957172866
285501,1.0348214285714286,0.4375594787215706,0.7313614533062845
285512,-20.89196428571428,0.24105003372020015,0.577719425334025
285513,47.25267857142856,0.17047991417384473,0.5072095177371149
285521,107.02857142857144,0.006023393640557263,0.17822368508738473
285527,-61.269642857142856,0.09081541426290152,0.39823362323057016
285533,6.013392857142861,0.4831544904350454,0.7602081143208756
285540,41.45803571428573,0.10140074048059301,0.4151629089243989
285547,1.1937500000000005,0.5847239358793082,0.8200926481935622
285548,1.0428571428571427,0.7702447500388747,0.9113293415402147
285550,-42.122321428571425,0.012217810376368604,0.20849517196955838
285555,-11.718749999999996,0.050226729640605185,0.31824681961850204
285556,-1839.1437499999997,0.0050501195360164244,0.17125077921971654
285577,-9.2,0.13214023474028042,0.45881702531612933
285590,29.419642857142847,0.16623619435711665,0.5018006335807769
285593,3.1535714285714285,0.32944143218134625,0.6533313234659518
285596,-6.315178571428575,0.43025777542303734,0.7261167178842485
285598,-7.0339285714285715,0.2558986459943321,0.5931012492471431
285600,1.6714285714285717,0.25605448995703484,0.5932026330980246
285601,-9.42321428571428,0.21803900964529516,0.5571634415778626
285605,-32.87678571428571,0.010616212664855155,0.20082270679218137
285613,-10.795535714285712,0.18699574564311658,0.5260067084960333
285627,-1.6812499999999986,0.6229609116121487,0.8419535235673662
285636,53.73392857142858,0.011568510177421458,0.2066643213509123
285638,-13.381250000000001,0.1880590789498969,0.5271265324303093
285668,-6.387499999999999,0.3823199049754031,0.6931723665371123
285671,-28.624107142857156,0.056564756944946934,0.3344687235879447
285672,69.50535714285712,0.02967348824713699,0.2636789899658488
285692,8.099107142857143,0.0677340255860526,0.3578123525524083
285696,-15.787499999999998,0.18578616927945363,0.5246308071051424
285704,-32.11428571428573,0.3225523215319325,0.6477588733442646
285708,-12.860714285714284,0.05554417855420835,0.3310740195666253
285735,-6.565178571428568,0.38659271349072843,0.6959814491309047
285736,-10.53125,0.006392910477630431,0.18063688907723197
285740,-4.817857142857143,0.22698437826270276,0.5655473423948812
285753,14.703571428571422,0.07529957162111439,0.37176724796369587
285755,-26.04374999999998,0.003584092015188516,0.15830078651700105
285758,2.957142857142858,0.4622051979072425,0.7476426494949405
285759,-6.2473214285714285,0.0861217231268044,0.39044942875463057
285761,-28.658035714285703,0.12141636586636312,0.4443505617534008
285766,2.7366071428571423,0.14103009214718815,0.4701255923940546
285768,-3.9785714285714313,0.44608612068627207,0.7373413365157719
285780,-10.667857142857148,0.22895209967611105,0.5672267530794152
285782,1.2321428571428568,0.5788005439650139,0.8167013360412434
285796,-1.7535714285714263,0.70166518844512,0.880363816072468
285800,-1.4187499999999993,0.8726330185452247,0.9535757742527113
285812,-100.57678571428568,0.025204477084329553,0.2511032770746571
285819,-6.912500000000001,0.20185578541200352,0.5397461293210208
285830,1.929464285714289,0.8570976391319726,0.9478138711933296
285834,-3.9794642857142826,0.5659422395145851,0.8103415462998543
285847,-16.501785714285717,0.21360780041888705,0.5524500018725162
285848,-1.5303571428571425,0.5980309005465306,0.8285988567796448
285852,-4.328571428571426,0.25044032024881036,0.5879272009275958
285855,-17.810714285714425,0.8401193871157038,0.942036613568166
285857,-4.932142857142853,0.3119085130978391,0.6398138348324587
285877,-19.046428571428578,0.3866636342412533,0.6960862073076461
285878,2.209821428571427,0.6023503187999552,0.8305015388485044
285888,-6.420535714285716,0.11810037023601969,0.44044085791755944
285889,-4.44375,0.16945586912371188,0.5061324702126861
285902,-6.929464285714282,0.29893535828422113,0.6294739346886112
285905,-1.7857142857142856,0.549345973690128,0.8005289190970541
285908,-1.152678571428571,0.6772423106957411,0.8684731995799242
285941,-7.552678571428572,0.28338979165639067,0.616911007278753
285943,-4.93125,0.3305833894461408,0.6540441160979319
285954,-0.897321428571427,0.7499083552847187,0.9019984012053853
285957,1.6875000000000036,0.7647989978667925,0.908844569260579
285961,-14.419642857142854,0.2476495828308266,0.5851190934391532
285962,-0.7705357142857103,0.8622982508863478,0.9496999901208031
285965,-4.0142857142857125,0.6351713633355497,0.8478749599435459
285971,11.947321428571428,0.16002498468750664,0.4932833082138708
285972,1.1348214285714278,0.6810650411529733,0.8703744740910833
285973,-9.686607142857145,0.10115177992776823,0.4145905676568926
285987,-14.107142857142858,0.08701478342897652,0.39170587969769544
285989,-18.678571428571416,0.0917724915957806,0.3995907444452739
286002,1.2071428571428555,0.9038972107022167,0.9653660301452948
286006,-210.69107142857143,0.026940143730792513,0.25639246494633033
286023,2.528571428571432,0.7300664694395009,0.8938801636108996
286042,10.071428571428573,0.30304617005357554,0.6325200939077368
286046,-9.844642857142858,0.2643501478059551,0.600497677772235
286052,-122.0580357142857,0.012220665531220719,0.20849517196955838
286053,-55.6357142857143,0.026309332529357892,0.25459517806064474
286058,-4.913392857142856,0.32803640986744964,0.6523203439400024
286059,-8.1,0.3110747693778728,0.6392385817392869
286068,-2.9901785714285722,0.5526899995194908,0.8024460441435398
286071,-32.24196428571429,0.010877666177090883,0.20239076824216223
286076,-3.1374999999999997,0.03517021965917831,0.2809761036525004
286077,1.3562499999999993,0.6089885451455256,0.8337660875380396
286083,-6.523214285714286,0.023069803007210555,0.2448670156367019
286087,-2.890178571428569,0.6377846944611391,0.8489975937882009
286097,-70.13482142857143,0.04629751568139768,0.30723591089700425
286101,-39.479464285714286,0.009253891827073151,0.19493355607384097
286103,-20.963392857142857,0.008992106166961921,0.1935974675087592
286109,-20.552678571428658,0.8213731402502423,0.9336190299088305
286114,-15.029464285714287,0.016840579111336084,0.2259669785000125
286121,-3.501785714285715,0.6044381952541291,0.8313497556799266
286122,-1.9151785714285658,0.8828569758128765,0.9572103821799203
286128,-16.26071428571428,0.07899639279509549,0.3782566691138076
286133,-2049.167857142858,0.15870821453338055,0.491468714862516
286135,-6.3803571428571395,0.5065990388794435,0.775008118772826
286140,43.43571428571431,0.30162768190832906,0.6312775037642738
286144,79.04375000000002,0.017402473599435968,0.2283369916124698
286148,39.59017857142857,0.40563784244954826,0.709953872912995
286151,4.770535714285716,0.48555053318484953,0.7617030104886844
286154,-9.580357142857144,0.01502673912167706,0.21857614232472455
286161,-12.487500000000011,0.6373773185420971,0.848800738701985
286177,-7.308928571428572,0.027587110332912796,0.25715973243274204
286178,-1.4348214285714285,0.6451015845937755,0.8526344462413198
286183,-16.071428571428577,0.09436198701066827,0.40417223521541845
286184,-1.9473214285714278,0.5914774136999927,0.8247016957143576
286189,-8.40982142857143,0.12569027876317498,0.4512962974820873
286190,1.3303571428571428,0.5319278273444501,0.7901957331899961
286191,-3.8535714285714278,0.9101941313315649,0.9676797038628212
286204,1.0866071428571438,0.7559512980766872,0.9047644622553974
286205,-12.286607142857122,0.6745509474045758,0.8673613755402079
286207,-9.165178571428573,0.09468887875556221,0.40456617643881343
286223,-2.6169642857142854,0.5567017180467,0.8050163034700692
286234,-0.4741071428571426,0.4318835403925075,0.7272353606106083
286238,-0.9741071428571431,0.8147703652611247,0.9308656923301392
286256,-4.8178571428571395,0.41703660587253155,0.718315106514213
286257,9.833035714285714,0.3869653346457671,0.6963542004330486
286262,22.85892857142857,0.00026660982925545685,0.08348620717944168
286272,-20.27857142857144,0.14096124032417617,0.4701255923940546
286319,5.318750000000023,0.9753091231526119,0.9915216583620433
286343,-7.543749999999989,0.6291819825982321,0.8445279148988869
286359,-10.684821428571421,0.16165194519248385,0.4952509221004903
286370,1.5205357142857143,0.42215088784288096,0.7210139882796925
286382,-9.755357142857143,0.6748849868338123,0.8674033064207496
286410,50.463392857142765,0.5269755381360303,0.7872296389386332
286411,-5.570535714285713,0.16567505810551456,0.5007619991110072
286430,-11.269642857142859,0.26022363155530764,0.5967073199026997
286436,0.16071428571428648,0.9383905802155214,0.9784782106090136
286437,-20.863392857142856,0.42588953746508085,0.7234895280690786
286442,0.9455357142857146,0.6436164060488303,0.8517865593776737
286451,34.200000000000045,0.6309810542511708,0.8455220481891383
286464,-18.286607142857147,0.028478646369732526,0.260162070219737
286467,-16.529464285714283,0.016426285275901967,0.22421678107266657
286495,317.54999999999995,0.2214547366823363,0.5600190530059325
286499,-3.5473214285714363,0.7361824220000505,0.8964138328549454
286514,-6.740178571428572,0.027283584896791724,0.25705071245256855
286527,51.999107142857156,0.007826466230499884,0.18798333344091506
286530,66.57767857142856,0.07976226684954241,0.37926354028957737
286554,-11.191964285714286,0.13216563473667592,0.45884868750763536
286676,-1.5151785714285726,0.6489493782188598,0.8545143610872149
286749,-16.763392857142854,0.1351227076372164,0.4627229136956537
286753,-11.168750000000001,0.01904522266066731,0.23431874601118416
286756,-5.65446428571428,0.23432199627114117,0.5716381914208747
286826,-8.210714285714284,0.04176025073519657,0.29743981205417847
286827,38.54553571428572,0.006965545186441457,0.18274528938036788
286828,-11.814285714285713,0.03651599172372247,0.2834678941993909
286887,1.0276785714285719,0.7831358043921981,0.9177973983688902
286967,-4.46339285714285,0.7119397625384656,0.88553666589176
287015,-12.759821428571428,0.013364572927278483,0.21253035310169197
317648,-2.4258928571428573,0.280968654253887,0.6150064223255353
317649,-148.26964285714288,0.05180204340762996,0.3213384074554309
317662,-20.303571428571423,0.0049205640687734154,0.16997001039451554
317671,-16.020535714285714,0.012387470168343582,0.20890960254601643
317701,-9.129464285714285,0.019227916888228426,0.23497683412246073
317702,4.303571428571429,0.29857209585418093,0.6291548644411042
317703,-5.8464285714285715,0.10426360605603766,0.4192551784300845
317705,0.4419642857142865,0.8950971910010336,0.9616710339552272
317716,-4.850000000000001,0.3481759263654733,0.6668716728799919
317719,-3.0892857142857117,0.3871561143305899,0.6964682838490772
317749,-19.508928571428584,0.42493288615676555,0.7227527292520152
317761,-16.26874999999999,0.30464268737991507,0.63394758820495
317762,24.285714285714278,0.21591716977866005,0.5549937124558431
317781,-13.195535714285711,0.003209227797247001,0.15311040996027905
319085,-4.782142857142851,0.7546595297003267,0.90414078237633
319089,-14.16160714285714,0.024241875834016106,0.2478513825108395
319101,3.4625000000000004,0.23910572110432668,0.5758748747355416
319103,-3.8562499999999993,0.48811787513526395,0.7632146530025521
326340,-16.23928571428572,0.1288615524363338,0.45513600642484175
326624,9.454464285714291,0.378691092650957,0.6902335397103402
326625,-22.556249999999984,0.08380274857093561,0.3862032432666811
327657,-11.541964285714283,0.10799999455689657,0.42607706384834887
333926,-11.590178571428577,0.12642060653253706,0.45195916229294497
333929,1.8000000000000007,0.7523673562278534,0.9029001740961474
337867,-1.5330357142857167,0.9486090052985678,0.9822144555362152
337876,19.512500000000003,0.47444992729542335,0.7550954699562574
337878,-9.889285714285716,0.02037973860182469,0.238009362137482
337879,1.8750000000000036,0.8265295625134169,0.9357568142468073
337880,0.008928571428571619,0.99501966197269,0.9984196990462236
337882,-0.6758928571428573,0.8399060991555308,0.9419676718698826
337970,-13.528571428571436,0.02545250390252648,0.25210428457801365
338004,-2.913392857142858,0.6195124236970609,0.8394240425687539
338005,-4.664285714285715,0.347117970687233,0.665988506867288
338069,-1.5205357142857157,0.7168801234686085,0.8881041823502953
338094,-0.6553571428571434,0.7013040101953015,0.8801768074011977
338321,-8.97053571428571,0.1757961673995146,0.5142616437881086
338322,0.14464285714285552,0.9702115049759551,0.9894814890348562
338323,1.1285714285714281,0.7305875156308524,0.8940346522142699
338324,-11.851785714285711,0.19039162655764333,0.5292150496056114
338328,-13.50267857142857,0.13413671812057185,0.4612806743660403
338339,7.009821428571428,0.21742850781422718,0.556315394484668
338376,2.6607142857142847,0.5226891621483034,0.7847652084692553
338382,7.075892857142847,0.7174602657451672,0.8883796980326708
338440,8.119642857142859,0.15262509116110867,0.48448587349781286
338557,5.955357142857146,0.6939673057995358,0.877147786822607
338579,-19.908035714285724,0.160400449353521,0.4936916384640057
338588,-19.551785714285714,0.01838803780303252,0.23160868657446243
338620,19.70357142857143,0.4359623394582122,0.7301204064654564
338645,-13.500892857142858,0.021789317205739303,0.24158128810580906
338651,-16.721428571428575,0.17436580302602697,0.5124521781287058
338653,-3.188392857142855,0.4652731107110162,0.7494424180429021
338657,-11.097321428571433,0.8418106560642947,0.9423452086707383
338661,0.6678571428571427,0.820145424437728,0.9329819517208986
338667,-19.59107142857143,0.041646469718995584,0.29732403488641435
338692,26.724999999999987,0.15495361736207905,0.48737784210272517
338694,-7.316964285714288,0.3314831776500227,0.6546502169934891
338699,-23.297321428571422,0.15814547725251324,0.4908659647335318
338707,-11.895535714285714,0.04583005840898201,0.30632936706469677
338739,-3.1633928571428567,0.32413317283151893,0.6492233608876481
338758,-5.167857142857116,0.8449745990150525,0.9434266549306264
338773,33.32946428571428,0.07479784356242883,0.37069371128064343
338785,-2.640178571428571,0.6530726497294459,0.8568314971423585
338799,-10.26428571428572,0.6617889542320615,0.860970085595041
338809,-2.9830357142857147,0.07579268894006763,0.3724243073423383
338811,-4.325000000000003,0.604085587574154,0.8312835768633619
338817,0.7517857142857096,0.9213167799630605,0.9721942236302458
338862,-12.183928571428574,0.001502350463046555,0.1290963936360878
338864,-2.849107142857143,0.2844502315891917,0.6177738975793579
338963,-17.68214285714285,0.041362572014335686,0.2967797357792969
339044,5.20982142857143,0.2183725584843097,0.5574265668392377
339105,1.9794642857142861,0.8309101515488249,0.9379347385335114
339122,-0.47499999999999964,0.9227827327071138,0.9728720769525925
339123,4.64196428571428,0.6851429326727633,0.8724454396879925
339166,-23.22946428571429,0.04232583265424885,0.29818429748925734
339168,5.03303571428571,0.6359197234780654,0.8481377407172375
339175,-11.386607142857137,0.1727338105261235,0.5099747211540007
339201,5.234821428571433,0.32324654550503484,0.6484596520871485
339210,-9.107142857142858,0.11613778465503086,0.4385110311046827
339221,-7.424107142857146,0.2780148014014246,0.6125936560788305
339229,73.34196428571428,0.13140683843450454,0.4583813252141467
339230,10.705357142857142,0.03896586260695639,0.2904118510591439
339231,-1.687500000000007,0.8397117364197559,0.9418849332994862
339240,-4.8464285714285715,0.33478181300743,0.6573249862742657
339260,-1.488392857142859,0.6782389868545112,0.8688342964380029
339263,-6.474107142857145,0.2622286545364658,0.5984618978495333
339287,-70.35267857142856,0.45119275311962415,0.7401245130369613
339290,-46.62321428571428,2.646168189879166e-05,0.04250418271681325
339298,2.364285714285712,0.5793223370736262,0.8168149151451987
339324,28.49285714285712,0.3085408566104006,0.63731479697039
339327,-3.876785714285713,0.44588033698957075,0.7372012284890617
339344,-7.277678571428574,0.3826886261368966,0.6933255858301457
339345,-2.9687500000000036,0.540287131776547,0.7948108854878817
339352,-3.090178571428572,0.3606938234968271,0.6763285636873593
339366,-4.075000000000001,0.38506669521103737,0.6949767216777353
339390,-0.766071428571431,0.9073900926483034,0.9665215919646598
339400,-12.504464285714285,0.1112620453919685,0.4309778485161798
339416,-4.372321428571429,0.18944127107361947,0.5284081744859771
339442,-2.7767857142857153,0.3128723901469401,0.6406050263676245
339448,62.94999999999999,0.2845564385643623,0.617832356585543
339451,-3.9116071428571395,0.6061198812262206,0.8322769728776838
339456,-51.64642857142857,0.008025900629541885,0.188147970800493
339468,-1.1125000000000007,0.7013050216232722,0.8801768074011977
339476,1.7571428571428571,0.16818302655901432,0.5046598417822352
339479,-10.422321428571427,0.023709368238776316,0.24666450638549495
339483,-3.2375000000000043,0.7899629025024185,0.9209219383153173
339487,-11.577678571428578,0.5549897846672389,0.803920001730325
339488,4.652678571428574,0.5602934800204366,0.8071921028304649
339500,15.481250000000017,0.5447741926139013,0.7976561173165931
339505,-4.0741071428571445,0.456801406040192,0.7441694317380707
339512,-7.739285714285715,0.03195584389829562,0.2714887700735784
339524,-203.4160714285715,0.234841125666993,0.5720650625317268
339535,-23.084821428571445,0.4051361396184036,0.7095860312021363
339539,-1.4794642857142861,0.6870940968051072,0.8733028742780583
339541,-17.93928571428571,0.043731443548223684,0.3016466109509968
339559,0.8303571428571459,0.8715482048363188,0.9531850037991988
339562,446.9008928571429,0.14305365188001073,0.4727845531103105
339568,2.709821428571429,0.35859203887706315,0.6744160109441811
339593,-2.143749999999997,0.6372342963678974,0.8487608749035248
339622,0.2875000000000014,0.923193014078199,0.9730477446093533
339665,-5.617857142857145,0.1593072004850314,0.49215289595008704
339666,-6.6732142857142875,0.44976595914428774,0.7391868373784317
339669,-1.2410714285714297,0.6946338824587569,0.8773692756877938
339685,3.4062499999999982,0.29591529783258647,0.6270995701161498
339745,27.72589285714284,0.17005816203035062,0.5069528944390908
339751,-5.6705357142857125,0.07469370282974852,0.3706344984762097
339761,16.12589285714286,0.5920227844312694,0.8250623404052726
339766,-3.400892857142856,0.3443771068545309,0.6637110337788246
339768,3.339285714285719,0.5349275492670825,0.7917490971273946
339778,-4.266071428571427,0.26834339479346886,0.6040158535838667
339779,-0.9437500000000005,0.4888715887305464,0.763473844582107
339788,-6.435714285714288,0.10277084842468465,0.41687115666017766
339789,4.982142857142858,0.0437569048365701,0.3016466109509968
339803,32.082142857142856,0.0049139742259418405,0.16997001039451554
339804,4.216071428571439,0.8697873626099284,0.9524768865972372
339807,-9.002678571428568,0.07880883021609601,0.37799842718195514
339822,4.267857142857143,0.09680132913873347,0.4078770553838049
339834,-11.095535714285717,0.0736934837578928,0.3684009780388464
339855,-251.3607142857143,0.037653495005304724,0.2869674992214993
339862,-1.6830357142857144,0.45342158681458067,0.7414632947237086
339874,2.286607142857143,0.3620242481029915,0.6773916726052288
339883,2.7991071428571423,0.5063363799814198,0.7748311336864767
339894,-1.466964285714285,0.7174896992735401,0.8883925381656544
339896,-21.825,0.003798585872955803,0.16074898034354376
339929,-1.90625,0.7104965068652531,0.8851136417737905
339942,-3.279464285714286,0.03615482061279873,0.2829060871467999
339965,-13.367857142857144,0.010925893628030424,0.20249940139408928
339975,0.2383928571428573,0.8758769290523004,0.9550209615494281
339976,-0.15089285714285694,0.8870537677003466,0.958764934833223
339977,-12.32142857142857,0.2291037144841492,0.5673112807161389
339978,-6.5580357142857135,0.1502707880836877,0.4815693885748564
339983,-27.80892857142858,0.06261259272598353,0.34787205785170144
339988,-20.974107142857136,0.3268033719326709,0.6511291418725216
340017,0.6089285714285726,0.7902901557946885,0.9209493600291744
340024,-7.062499999999993,0.4529060479310977,0.7413021155837398
340037,-0.7937500000000011,0.8671803481970471,0.9514751200638614
340061,105.12321428571428,0.0015162256651287157,0.1290963936360878
340069,0.6437499999999998,0.5942078215881612,0.8262961657595176
340074,1.2562499999999979,0.7043023619079491,0.8819709039489961
340075,15.724999999999994,0.09846941196339047,0.4103769189411107
340085,-34.457142857142856,0.46148366044383865,0.7472492784092541
340090,-0.8250000000000002,0.5920611658921081,0.8250778906667973
340094,1.4767857142857137,0.5754149127122222,0.8149835596337266
340107,-5.987500000000011,0.5549182886742707,0.8038861858551586
340146,2.7178571428571434,0.46546426134695573,0.749590832109857
340152,90.38392857142858,0.2345639944753738,0.5719223331225947
340156,-67.95982142857142,0.058156093295344324,0.338611381197096
340168,-1.5982142857142865,0.6466204071066212,0.853315708164987
340184,-12.724107142857143,0.2939850681468064,0.6259690630472249
340205,-4.0437499999999975,0.3589254719015888,0.6746695581154025
340206,-1.6250000000000018,0.5260796108141266,0.7868527621737756
340252,8.624107142857142,0.6275797793660195,0.8437767747989473
340267,-5.40625,0.48413859222955097,0.7608587964975769
340273,3.2714285714285722,0.39264471041502075,0.7006249646532835
340277,-0.21875,0.9865972181288974,0.9954088852613435
340340,6.905357142857145,0.18044096072881344,0.5196496864882505
340348,33.71517857142856,0.12630641636620463,0.4519354125569791
340351,-8.29107142857143,0.024756837279879165,0.24965268134325228
340357,0.8133928571428575,0.5754514877355182,0.8150008996058928
340385,-3.3982142857142836,0.3797351157233125,0.6910767051283864
340390,4.616964285714285,0.0607829252370879,0.34430832446630977
340419,32.467857142857135,0.08487157250673619,0.3882759820008883
340481,19.285714285714306,0.3115668669544669,0.6395449185589231
340485,-15.591964285714283,0.04947101652593921,0.31615488730354835
340526,-21.96339285714287,0.1157738723792818,0.438057887358978
340527,-20.759821428571442,0.17766435567471012,0.5162452543559453
340533,-14.95357142857143,0.1330079159362398,0.46006249154260215
340542,99.50089285714286,0.33941463236595537,0.6603620747494346
340544,-13.716071428571425,0.03338731226570432,0.27569454723208636
340547,7.169642857142856,0.09830375713899404,0.4102961815872072
340554,-17.103571428571428,0.057620911804806614,0.33699891388037273
340578,-6.97232142857143,0.026507590112888516,0.2551588889827781
340581,8.353571428571431,0.31679904337983056,0.6437120733005972
340591,10.49107142857142,0.17605068221610173,0.5145599940931233
340596,-4.883035714285713,0.25378467924506415,0.5909681114454501
340602,-6.766071428571428,0.07485291987161241,0.370738598965523
340719,-151.97232142857146,0.004317617233047005,0.1656601559416456
340895,-6.805357142857142,0.059580947544470214,0.34190601228092404
341032,-8.10982142857143,0.2305271384623062,0.5685961697760902
341405,-6.0651785714285715,0.26406814976411264,0.6002322311935714
341567,-3.3464285714285733,0.33224762447914863,0.6552787990908828
341640,-76.75089285714284,0.011208275424981054,0.20461183935253394
341676,-21.10624999999999,0.45738370807880385,0.7444343815889014
341880,1.380357142857143,0.7738357885436277,0.9128060179634278
341947,0.22232142857142856,0.8902525785385226,0.9597624534619957
342035,245.23839285714303,0.3381020672212052,0.6596264318947278
342096,-7.096428571428573,0.18265331726588416,0.5216713470493589
342184,-8.355357142857143,0.05381364336727454,0.3262291774149834
342357,-10.950892857142858,0.0871385033785039,0.3918007954128043
342371,-192.80535714285725,0.06414062303496093,0.35102406523191204
342527,-273.3571428571429,0.026323762611098186,0.25464467812487496
342538,-2.79642857142857,0.3731209001085166,0.686119302237687
342574,-5.945535714285716,0.04056381261569248,0.29526133403382776
342667,-11.001785714285717,0.5687985032302322,0.8114555067270672
342892,-4.539285714285711,0.6703502623001193,0.8652360857237729
342898,-1.750892857142857,0.2514398968104497,0.5889688182431465
342908,-1.3249999999999957,0.8619965392073424,0.9495151414435822
342909,17.56875,0.08518872063184021,0.3887278655612552
342918,-4.641071428571427,0.4307847902423365,0.7266123069259115
342926,20.717857142857127,0.6201395904151845,0.8398457722943199
342945,-4.08660714285714,0.5254633465136611,0.7863480399789504
342977,0.966964285714285,0.8577630439270356,0.948012824473634
342979,-1.6776785714285705,0.1786051707161379,0.5175447792999035
343035,2.960714285714285,0.29881309058040856,0.6292407074211924
343071,-12.799107142857144,0.0288773567109298,0.26135896013409815
343099,-7.204464285714284,0.23519789708341662,0.5723231761990585
343450,-64.70803571428573,0.028403919618996184,0.26008325175823493
343637,0.06696428571428648,0.982434372795059,0.9941246067440113
343641,-3.399107142857142,0.22019667557053124,0.5589367723489309
343702,-2.4366071428571416,0.6375634565277384,0.8488270870931429
343990,-1.9312499999999915,0.8975126736002341,0.9627149303361218
344018,2.0383928571428567,0.2650236177556233,0.6011423767218577
344148,-7.232142857142861,0.4162686855792194,0.7178064901770531
344405,-17.967857142857135,0.1324706562204417,0.4592967510189336
344454,-12.688392857142857,0.038501723922196536,0.2890847070195864
344558,28.033928571428575,0.16097824241867614,0.4945766129602786
344595,-11.394642857142848,0.35929941546959104,0.6749594757189449
344752,-1.2553571428571422,0.6686288312106361,0.8643094931672506
344838,-23.14285714285714,0.0012847800898139851,0.12532423491627354
344887,-6.10089285714286,0.259046427052515,0.5960398311830474
344905,-10.460714285714289,0.28337758619470177,0.6169089996096085
345222,-0.15446428571428683,0.9807795552768347,0.9935583529199065
345462,-22.248214285714297,0.0166231124376605,0.22475972927854593
345557,-23.60357142857142,0.011551652240631184,0.2066643213509123
345611,0.9464285714285716,0.6617746905498263,0.860970085595041
345630,-3.9651785714285737,0.6199511706000109,0.8397331909465031
345757,-73.2714285714286,0.7080557137206225,0.8836958123556208
345778,75.65,0.1570720143631367,0.4897898286977875
345895,-1.34732142857143,0.6256343250326007,0.8430728350167831
346007,-2.9598214285714297,0.42834253158971186,0.7250209867707107
346157,-9.5625,0.09589128598371284,0.40638479248863774
346171,1.1410714285714283,0.6161771178604567,0.837630132248147
346389,-6.052678571428572,0.07792807213789685,0.37633956174099026
346562,-6.416964285714286,0.0595685893761134,0.34190601228092404
346606,-0.8910714285714292,0.8593844357622454,0.9487821945884859
346653,-6.554464285714284,0.14127502711995843,0.4705257989194863
346689,1.8785714285714281,0.6303099468239339,0.8452534086640817
347088,-16.059821428571432,0.026252776890851155,0.2545713347457315
347240,-4.554464285714285,0.16357280647600206,0.49843076375608386
347252,-1.5919642857142868,0.7374264858239553,0.8969461951936955
347273,-386.03303571428575,0.012884071735753027,0.21116205700008894
347344,-6.984821428571429,0.16439341643199562,0.4989569248040058
347365,1.2071428571428577,0.6178430352883482,0.8385474796795892
347404,1.352678571428573,0.7633113208810949,0.9079832055531749
347475,-2.121428571428572,0.44634574910224384,0.7374548943975131
347689,-2.4017857142857153,0.16414581196229797,0.4989255208493797
347730,5.588392857142857,0.3067082478840816,0.6358961821080608
347732,-8.033928571428575,0.14053258036663607,0.46987532271702936
347733,-6.747321428571425,0.8499062568614765,0.9452023181853932
347735,4.347321428571429,0.1535006683872393,0.48576747209522425
347736,-9.01875,0.012059356812995076,0.20806100781019432
347744,-11.023214285714285,0.05984059479490876,0.3423535439205175
347853,-12.861607142857139,0.11661009235264538,0.43921581698683426
347862,-1.0526785714285722,0.9625528159769334,0.9872174532168834
347902,-177.33660714285708,0.20486408695348612,0.5421002615402253
347918,6.907142857142858,0.3009876964059902,0.6307647475962582
348013,-1.6116071428571388,0.844425941626034,0.9431608868928023
348035,10.414285714285715,0.4190132087757771,0.7191821437706989
348093,-37.46785714285714,0.32132008797838313,0.6467096460442103
348094,20.810714285714255,0.7254532375010136,0.891875763862916
348110,-10.34107142857141,0.673884528008511,0.8669794998053183
348120,4.1,0.3536283109183525,0.6708432513604725
348158,-3.6660714285714295,0.38582462605064305,0.6956064574727596
348174,5.421428571428571,0.25345020282810937,0.5907643516022518
348180,-19.62410714285715,0.13300750039185305,0.46006249154260215
348235,66.35803571428573,0.12781032601896727,0.4536503229737104
348249,-23.0625,0.6149669964693942,0.8369695164529231
348254,-9.058035714285712,0.033225367323519064,0.2753101780529639
348262,42.02142857142857,0.0197075041692949,0.23641453220133712
348327,2.4133928571428562,0.7396976475581666,0.8980431143410436
348378,1.2892857142857137,0.6938737652584186,0.8770673474859332
348487,4.9473214285714295,0.39077034273568373,0.6990141825314414
348645,8.058035714285714,0.14259683881777707,0.47219949358412033
348654,8.846428571428568,0.496218429451718,0.7678801831278355
348751,7.176785714285716,0.19106100786363206,0.5297700499676202
348761,-0.0017857142857140573,0.9994150562597868,0.9998539496258777
348793,-2.4776785714285694,0.7808643795272949,0.9166342003266512
348801,-26.106250000000003,0.15369596222829113,0.48597162503149166
348807,-13.8125,0.02719898387937577,0.25702448261428906
348808,6.9232142857142875,0.04501016737122614,0.304419953119964
348825,-1.71875,0.6771041537918586,0.868472714741242
348932,2.090178571428571,0.2856112996396309,0.6188150508340329
348938,2.2348214285714265,0.2624689387969737,0.5986604325528571
348980,-22.40982142857143,0.01687961439278672,0.22614381693840088
348995,106.46250000000015,0.1977592518466612,0.5360677786175608
349075,2.394642857142859,0.5876410488941229,0.8220359306200888
349114,-3.323214285714286,0.3087259009799837,0.6375189272228957
349136,5.284821428571429,0.31733673551566777,0.6440965508399747
349152,-25.587500000000006,0.1958843054339032,0.5345611318717302
349196,-8.669642857142854,0.3324824935772948,0.6555292032865239
349408,-1.0624999999999991,0.6575475955503866,0.8591978296660705
349565,-88.99464285714285,0.0005272211608931232,0.10545512533433207
349667,-2.986607142857144,0.27786208369886706,0.6124121992274583
352909,-1.3678571428571429,0.7303749118765649,0.8939162477633398
352954,-63.68125,0.012678983334948725,0.2104514998795099
352961,-11.013392857142861,0.49118322030360134,0.7649755498178018
352990,-13.8625,0.056615032333486234,0.3345819913648862
352999,-10.16160714285714,0.020605060817900096,0.2382045204675808
353088,-0.7571428571428598,0.9086339708894423,0.9669234971171151
353116,-158.91071428571428,0.04006355400393836,0.29367358863830406
353132,-5.960714285714285,0.31017286150298656,0.638605979398284
353135,-27.846428571428575,0.11872834202060786,0.44094903946475433
353174,1.7151785714285719,0.607522003497437,0.8328941429306315
353189,-6.5937499999999964,0.3804209325660223,0.6918642347086873
353219,-9.166071428571428,0.2119143164645645,0.5498749586018729
353274,-37.74464285714285,0.04434680819091116,0.3029312516039565
353299,-6.990178571428574,0.501986122746967,0.7719768025536641
353322,4.305357142857133,0.8887222441972985,0.9594030979423716
353324,-0.2616071428571427,0.9597020600238753,0.985930859673874
353345,-1.551785714285712,0.7897659582416299,0.9208883294276202
353355,-4.8125,0.07553766878591364,0.3721889101647981
353497,5.56428571428571,0.514663222100731,0.780130956339147
353500,-12.048214285714284,0.03177530381462617,0.27067943324162025
353513,-13.618749999999984,0.18604464004749563,0.5248857443692313
353514,-6.192857142857143,0.09885125674088883,0.4109285934181103
353515,-3.4750000000000014,0.2713603260794801,0.6064677006374907
359845,226.46785714285716,0.3722215541360443,0.6854799242947968
359948,486.2116071428577,0.5488662212979286,0.8003323194331194
360023,14.466071428571468,0.8549401136710447,0.9470636790286422
362495,-2.5910714285714285,0.30432963382345174,0.633769471680489
373156,48.340178571428595,0.48785256874073585,0.7631405276114993
373861,-7.272321428571429,0.0714047483701168,0.36438814794998475
373863,-38.31875000000001,0.3847587096787128,0.6946616821403373
374286,7.2839285714285715,0.23582845928743,0.5728265752286785
374291,-109.8794642857143,0.10824834090612023,0.4265569757868197
374354,-67.5866071428573,0.17028017926151875,0.507036532074636
374355,-8.92142857142857,0.0221305928992157,0.24224027362655023
374378,28.956250000000004,0.0737279237497253,0.3684009780388464
374383,18.586607142857144,0.00013663813139634033,0.0770174209700506
374387,-31.27589285714285,0.0028452370906102056,0.1515798484623921
374393,-5.107142857142858,0.09221279502080716,0.4003918811755584
374403,23.825,0.2476921301606697,0.5851554075159165
374407,-10.250892857142858,0.2364250205991144,0.5734169365770564
374443,7.513392857142854,0.2782187002478834,0.612654856661687
374454,-12.352678571428575,0.019354674921997175,0.23543932626521502
374470,-2.131249999999998,0.6730022362237363,0.8665822392021687
374491,5.6205357142857135,0.2633302215918887,0.5994745332696221
374569,-4.658035714285714,0.26589644415610436,0.6015726231047126
374618,-6.701785714285714,0.08656831391367943,0.39134033978676547
374654,8.64464285714286,0.2831515270325517,0.6166675792907631
374655,16.777678571428574,0.20693519507340324,0.5446919458811729
374659,28.711607142857147,0.010482380078247505,0.1996591206609689
374739,-1.4142857142857146,0.34775092337583646,0.6665807384596782
374768,-12.454464285714288,0.14195869428449753,0.4716501909402754
374786,-2.3982142857142863,0.47533281663221344,0.7555611705405347
374819,-14.39017857142857,0.13519666648369572,0.46280309077186377
374860,-3.168750000000001,0.29776116129801844,0.6286724591165361
374864,-1.3642857142857139,0.8599082283203207,0.9489310274693404
374868,90.06607142857143,0.01517174501737659,0.2190302193630131
374875,-20.837499999999995,0.023398887709438054,0.24598762392017826
374877,-6.888392857142856,0.08105975593231345,0.38170192172847206
374882,43.34732142857143,0.04907981863013504,0.3151776711494017
374887,2.3892857142857125,0.6641809443339068,0.8619272305393803
374890,-12.775892857142855,0.006520575942208327,0.18109948666886078
374897,14.450000000000001,0.2991713896079862,0.6297275468731447
374899,-2.93214285714285,0.7298771827607405,0.8937879228199227
374900,-13.525892857142857,0.17251181988713443,0.5097739562778321
374907,1.8330357142857139,0.7750876059351599,0.9135197340797221
374918,-0.7249999999999996,0.84509703408244,0.9434266549306264
374920,-1.5580357142857153,0.8071929803112745,0.9276276175553069
374946,-7.131249999999998,0.084868854331314,0.3882759820008883
374955,-3.840178571428571,0.2692352744603416,0.6044858176379426
374969,1.7955357142856911,0.9304219964826936,0.9750894607306475
374973,-9.458928571428572,0.06157483167167081,0.34536380302969977
374977,-4.064285714285713,0.5167984349831429,0.7814578912744992
374986,-82.42321428571427,0.05104772576147512,0.3198526708696599
374987,-2.900892857142857,0.24232350158993973,0.579263623254602
375033,-36.093749999999986,0.07730136574177106,0.3752142978192795
375035,164.111607142857,0.3086932005699745,0.6374754774574466
375056,-10.451785714285716,0.12960146189171856,0.45603124182554533
375057,3.376785714285715,0.27022238139645594,0.6052598331986985
375189,-9.747321428571425,0.12204146935509043,0.44534588113125334
375190,-27.535714285714334,0.26192544958560576,0.5982538191921761
375196,-1.699107142857141,0.6286346120685148,0.8442776343786674
375248,17.866964285714303,0.4794601165274884,0.7581479558995987
375287,28.662500000000023,0.15909143928157307,0.49201010935948586
375295,79.18214285714285,0.11655017064769967,0.4390808640641479
375323,-4.857142857142861,0.7039413471074318,0.8818419785335968
375341,-6.041964285714283,0.2724943416295144,0.607304713378209
375346,9.295535714285712,0.324017089485841,0.6490897098984985
375387,2.6321428571428562,0.7197981604207404,0.889297338568355
375444,21.08482142857143,0.001984912896600453,0.13973184654505375
375449,-78.58928571428572,0.09315983667016617,0.402206053047282
375484,-10.527678571428567,0.44459921327586016,0.7363595029612165
375513,2.5285714285714302,0.6292082165841426,0.8445279148988869
375567,-6.849999999999998,0.15705314477828258,0.4897898286977875
375607,-48.006250000000016,0.027738834920401842,0.25762201448496186
375612,-8.95803571428571,0.1460748201683669,0.47638775977962783
375616,-3.391071428571429,0.6411355655161401,0.8505437844821896
375686,5.541071428571427,0.24252189245379607,0.5793884676182514
375704,1.1044642857142861,0.8958497344287251,0.9620258520228335
375743,22.03035714285714,0.13765276409540542,0.4661895984214749
375748,-43.02678571428572,0.37853029677164,0.6901245115205382
375757,16.225,0.17975120657880386,0.5188133064322991
375759,2.0044642857142865,0.7509191656492827,0.9024746017289313
375775,-7.326785714285716,0.26846656842987066,0.604049778967209
375790,-11.608928571428578,0.18820228770195857,0.5272840628686314
375791,1.2767857142857153,0.857274637402123,0.947875402939616
376267,0.7607142857142861,0.9414768170977794,0.9795668018767955
376412,2.1660714285714313,0.7710585354585621,0.9117133799430938
376497,7.3866071428571445,0.5582654301457619,0.8058295171018209
376693,-0.5374999999999943,0.9349621611784029,0.9772145120791689
376940,-9.443750000000009,0.5238243705620991,0.7854995052380013
378108,-15.719642857142858,0.02497133350702593,0.2504621285450221
378805,-107.1625,0.027243763524669565,0.25705071245256855
378825,-9.739285714285714,0.0615749754256786,0.34536380302969977
378828,-10.212500000000002,0.002973715070148416,0.1515798484623921
378832,-1.7669642857142858,0.2526674321228564,0.5900645759147948
378925,-0.6741071428571428,0.420503852026805,0.7201355669224321
378938,1280.7214285714272,0.6644959757809384,0.862093102452161
378951,-0.0008928571428565846,0.9999212601616727,0.9999761285363523
379025,35.686607142857156,0.518954057400915,0.7825232739075632
379034,-10.687500000000004,0.10830156152093005,0.42660579740926685
386593,-89.53571428571425,0.0331255424466008,0.27520726838898324
386597,-8.358928571428574,0.20233839183693894,0.5400968226818941
386618,-3.2758928571428583,0.06978558885677406,0.3616956176646243
386678,-5.700892857142858,0.4623742336811113,0.747747856916671
386685,-1.4526785714285717,0.4543928857344274,0.7424298785981477
386724,101.43482142857142,0.03042489812580285,0.26655997229953204
386753,0.4955357142857144,0.8440335985526422,0.9431522438047302
386757,4.231249999999998,0.29838320654041156,0.6290392902424466
386758,-10.690178571428572,0.10841813964027346,0.4266418443091947
387032,-2.653571428571432,0.7722958892162354,0.9120414138193148
387036,-7.963392857142857,0.2861049384439176,0.6193044187222324
387082,48.16607142857143,0.15409854450359617,0.4864857754205777
387103,41.27321428571429,0.010051137657290236,0.1983920402210627
387104,-9.443749999999998,0.11804872132433657,0.44041718447001715
387119,-174.32857142857142,0.048403125802521686,0.31312955818933846
387263,-26.00535714285718,0.523882884154727,0.7855473667274733
387316,-6.828571428571427,0.2409714461262471,0.577719425334025
387338,-6.736607142857139,0.48092847566969543,0.7590900110769635
387357,36.042857142857144,0.062450956578730246,0.3475341621176599
387486,-5.397321428571427,0.18541669338989097,0.524352435165308
387496,-2.3258928571428577,0.7101140956297204,0.8849842754116192
387509,71.14196428571427,0.13188648842968412,0.4586622123674078
387522,88.21874999999997,0.010879820253537714,0.20239076824216223
387535,8.330357142857146,0.48682306318142815,0.7625021202071736
387590,-4.450892857142861,0.6096971556061099,0.8343114790525993
387597,-29.528571428571432,0.06402685972191803,0.35080354296982347
387601,-18.25714285714286,0.21295743699244948,0.5514301618547088
387638,-10.765178571428574,0.2042086938529302,0.5416012775362095
387640,-1.0651785714285706,0.7506309020817354,0.9024108835136851
387644,-18.37410714285714,0.006378112254792807,0.18052459315612096
387694,-19.757142857142853,0.0064486601949818555,0.18069057216695386
387695,-8.547321428571426,0.42087688703045,0.7202653231017324
387707,-22.000892857142865,0.02991609064461402,0.26462744798483606
387718,-4.152678571428571,0.13186853213527536,0.4586622123674078
387723,-3.85089285714286,0.56860923222263,0.8113978799888372
387751,20.598214285714292,0.2663901114481697,0.6021557459780512
387755,1.772321428571427,0.7028712737123995,0.8811071165934986
387758,418.7616071428572,0.3123254732081163,0.6402607794103617
387763,-560.8607142857143,0.45284992039014393,0.7413021155837398
387837,3.2660714285714283,0.46796184688156206,0.7511100862567346
387856,6.509821428571428,0.1325871275646474,0.45944886048686057
387882,63.51250000000002,0.7039638249899955,0.8818499319829539
387885,4.183928571428573,0.3319915779540492,0.6550337239593533
387893,-30.13035714285712,0.5387161789384813,0.7936813096780326
387895,62.10357142857144,0.10477780119915861,0.420333574038007
387911,-14.201785714285714,0.04417405683577839,0.30271340020851467
387914,-54.5205357142857,0.06527960265219754,0.3531531264982247
387921,91.92589285714286,0.01885812422924845,0.23369626977202151
387923,21.54107142857142,0.03395935686799598,0.27742424891936757
387978,-1.1401785714285708,0.8390135771593829,0.9414721300774458
388011,7.250892857142858,0.4910849654059418,0.7648938974893847
388021,-2.2964285714285726,0.3588682188124143,0.6746604956269769
388115,-70.15714285714287,0.07983436827055777,0.37926354028957737
388121,8.466071428571428,0.39470090252531853,0.7020257594525632
388125,-5.017857142857142,0.193045516695374,0.5319941343407043
388135,4.081250000000001,0.563210209819462,0.8087579924141224
388182,-5.453571428571429,0.36966955287756553,0.683422472491495
388228,-56.59464285714285,0.0025335725966651994,0.1481530285803955
388272,-38.692857142857136,0.008243091084950164,0.1897704920352109
388284,1.5151785714285637,0.8598078590286523,0.9488917422064423
388323,-1.4187500000000002,0.20709270184424078,0.544862782028481
388325,-8.90267857142857,0.12053783564612996,0.4429608117977468
388327,1.8821428571428562,0.6824707387326729,0.8712138136868758
388335,-7.187499999999986,0.706139733536472,0.8829572778462839
388336,-19.989285714285714,0.001709532342518578,0.1322094559402314
388341,0.621428571428571,0.8551111658507988,0.9470729447978857
388381,-3.839285714285716,0.303058738372246,0.6325200939077368
388387,-10.097321428571425,0.1500433485268854,0.4812071844619579
388394,-19.477678571428573,0.007291824566580898,0.1854468895985426
388403,-64.325892857143,0.4818993684841001,0.7596542489870883
388407,-2.374107142857145,0.746215757851684,0.9004161899707372
388419,0.26339285714285676,0.8924375005386715,0.9607159514638177
388439,-2.956249999999997,0.5248599591388148,0.7858784182313796
388456,-7.115178571428576,0.2659023204628997,0.6015726231047126
388503,2.8883928571428577,0.5861307728613491,0.8212020648412038
388507,15.606250000000003,0.10371571586762356,0.41840601822934537
388531,-14.85982142857143,0.0018537246506340923,0.1371480314931245
388533,-4.819642857142857,0.023357602285825483,0.24587541489747944
388552,10.235714285714295,0.32922727967279963,0.6532092321723049
388558,-1.0026785714285715,0.8685401811292027,0.9521775037722352
388564,0.8660714285714288,0.5593939824813534,0.8065559302194982
388566,-1.3964285714285705,0.705998049908642,0.8829155410395896
388567,0.7571428571428589,0.7891180278830802,0.9204665409619058
388569,-3.337500000000002,0.37047951688249664,0.6842538791862481
388581,0.998214285714285,0.8199502237675912,0.9329288502259431
388585,-3.349999999999998,0.42170521901042274,0.720892002088927
388588,1.9705357142857132,0.36867447784505814,0.6826033551025585
388591,-22.178571428571438,0.024015376157562423,0.24759237960156982
388610,-23.933035714285708,0.042774613463568006,0.29900724853262506
388630,7.429464285714285,0.15850385231482952,0.49124524261280283
388650,67.2455357142859,0.5356645267868525,0.7920238520761307
388662,-11.910714285714292,0.2105996935531001,0.548847447746874
388677,607.5651785714281,0.3505814814754779,0.6687615134907458
388685,12.285714285714285,0.08615378723045446,0.39044942875463057
388692,13.437499999999993,0.24637756259750998,0.5839558364409076
388695,-14.694642857142867,0.4124188110728867,0.7151601172029838
388698,-6.757142857142856,0.07069094058146623,0.36309740062177137
388699,-4.708035714285714,0.04357765096382969,0.3012256115169488
388714,-6.438392857142858,0.19541433606198874,0.5341789438922651
388722,17.616071428571423,0.1427143430026309,0.4723385739106658
388743,-0.9821428571428577,0.8822496388851013,0.9568554908760397
388753,-9.094642857142901,0.8404337205623253,0.9420704601401712
388780,-1.2339285714285717,0.3755926979489092,0.6880727344733326
388789,-190.9142857142857,0.08126138902324354,0.38205699947463817
388796,64.76339285714286,0.012398068591432346,0.20902386686295513
388799,4.168750000000001,0.2771601893775263,0.611703602882826
388815,-84.79999999999997,0.13263219360990589,0.4594575193883432
388882,-2.1535714285714294,0.28774480164998434,0.6211484140166177
388886,-12.153571428571425,0.10263479791692176,0.4167007601707315
388906,-0.8892857142857133,0.31611779089846576,0.6431398458500266
388931,-12.712500000000006,0.04589046424643701,0.3063887117846715
388939,-1.9616071428571438,0.3069136862152486,0.6360624924407664
388942,-0.9598214285714284,0.4457721952375644,0.7371561798570557
388948,-0.23839285714285818,0.9198535168535108,0.971764076803125
388951,-0.34999999999999787,0.9357792228075369,0.9774814697107086
388962,-118.01785714285717,0.3186993298913896,0.644984817517651
388963,8.844642857142858,0.3186136909387477,0.644953852353796
388969,-18.774107142857133,0.24812374276003224,0.585576672548179
389023,5.364285714285713,0.18532455377833038,0.524352435165308
389043,-1.3660714285714288,0.4630750007583333,0.7483521564574572
389058,-0.6758928571428573,0.8820119317698162,0.95678747608259
389072,29.899107142857133,0.37910227978789535,0.6905544505100839
389073,-6.697321428571427,0.04998438244506785,0.3176678031133424
389084,-6.1830357142857135,0.1277974170618697,0.4536503229737104
389114,0.7785714285714249,0.9113025848276045,0.9683309459809403
389119,0.75,0.8482580706262779,0.9447121175136681
389123,-5.03125,0.30981406483211965,0.6381879259214222
389124,-2.142857142857145,0.41781138479329066,0.7188569911125046
389136,38.167857142857144,0.5631870331943885,0.8087579924141224
389161,-13.236607142857139,0.010881481565806806,0.20239076824216223
389170,-10.858035714285712,0.26304719268305593,0.5993080470479735
389177,-17.79642857142857,0.37252261942878523,0.6857496952317323
389199,-32.291964285714286,0.022025161589458508,0.2417153171223693
389203,-69.13660714285709,0.3473461904731057,0.6661926180979078
389206,6.065178571428572,0.2570519484622515,0.5939865298243354
389247,0.4669642857142833,0.9239090361118419,0.9731962884717558
389289,13.619642857142857,0.3420340531713622,0.6622845880277818
389320,-7.700892857142854,0.28935616555235144,0.6225621104822452
389332,-8.174107142857142,0.11087225604865152,0.4303461686365564
389336,1.6017857142857155,0.5745653149681661,0.814648251439105
389337,-139.8196428571428,0.003991560747353989,0.1629634942821897
389362,40.079464285714266,0.07014796660974389,0.3621562439095549
389376,0.17767857142857046,0.9603342129420169,0.98618222276604
389421,-5.225892857142856,0.30615739916717377,0.6353826456430148
389432,-115.42499999999998,0.021081436722664847,0.23948214269929366
389434,1.2589285714285714,0.4055586001227465,0.7098379045300969
389458,0.12232142857143025,0.9558818114040641,0.984716396701157
389524,-0.06696428571428648,0.9857014241768995,0.995177989237264
389541,65.19999999999999,0.13079875100047955,0.45779496712501355
389634,-13.937499999999998,0.058674055943637254,0.34004706473588797
389641,-2.393749999999999,0.6139268780780329,0.8363419805076794
389677,38.656249999999986,0.044672242378696075,0.3038688511281042
389715,-10.777678571428575,0.2490636893576196,0.5867107805096016
389741,-209.8205357142857,0.08512697730796479,0.38860461587317147
389763,-4.140178571428571,0.04273656741355841,0.29900724853262506
389765,2.426785714285714,0.8804996398909041,0.9563020468960208
389792,181.0107142857143,0.02215226416502562,0.24228346533762268
389812,0.836607142857142,0.8540122874250128,0.9467704117554075
389813,-2.84375,0.4691443513931911,0.7517501659512537
389831,-17.005357142857136,0.009523969809030388,0.19642514119529855
389834,-12.861607142857139,0.10335983496576044,0.41780267460838033
389840,-10.009821428571428,0.010259660392813633,0.1988875360240836
389856,-25.20089285714282,0.18154407922951557,0.5207997550697184
389874,-4.150892857142856,0.10990590766208026,0.42908300846754155
389895,0.6839285714285714,0.7244497731654767,0.8915188581292046
389898,3.568749999999909,0.9487017019186591,0.9822425684063529
389906,-8.239285714285714,0.0986474315092016,0.4106240699474072
389932,-10.124999999999996,0.1382462827474258,0.46696856243059065
390035,-2.3125000000000036,0.695992910423272,0.8778043519719001
390058,-1.6999999999999993,0.6928100883199262,0.8765602367670445
390059,-0.3473214285714281,0.9359121587349252,0.9774971303908773
390063,-10.731250000000003,0.33519818052035266,0.6575873885880976
390064,-12.88392857142857,0.08736240534469984,0.3921385890148877
390066,3.03214285714286,0.6402974462833865,0.8501897388237161
390205,-20.96964285714285,0.004286690437133323,0.1656601559416456
390363,-4.545535714285714,0.3017135397430908,0.6313846896104983
390502,1.3946428571428573,0.410701938091847,0.7137253052487387
390595,-6.223214285714288,0.46049570814834,0.746445385206359
390616,-4.4160714285714295,0.43852565026774676,0.7317518797339265
390637,-4.202678571428571,0.40257244778766965,0.7076964775404316
390705,-11.96875,0.11899026223284628,0.4412501755006016
390790,-10.493749999999995,0.06372201422676607,0.350186061699511
390874,4.929464285714285,0.4575268390415195,0.7445227261968951
390892,-1.1776785714285705,0.7220913761688436,0.8904113389424451
390916,-78.0946428571429,0.47398203252556953,0.7548236173838673
390927,-23.80089285714287,0.11184828831101502,0.43165844310049734
390940,16.863392857142856,0.0634021885544794,0.3496057495210218
390963,-10.082142857142863,0.10774327605972478,0.4256096827227406
390980,24.262500000000017,0.07824291754235536,0.37673892664557834
390999,-2.331249999999999,0.5540820018058605,0.8033953921909257
391059,-10.550000000000002,0.21150992014347894,0.5494775674163599
391267,-36.104464285714286,0.1618100776233301,0.49540631616393627
391356,-20.108035714285677,0.5010201326983112,0.7712530286590054
391712,-1.8535714285714242,0.7921457702220527,0.9217172101319613
392307,-3.784821428571428,0.09946119060405005,0.41198964572065416
392459,0.07053571428571459,0.9903602159003564,0.9967958617936008
392465,3.2508928571428566,0.57845682875202,0.8166170440802243
392617,5.182142857142857,0.6388364947230323,0.8495290125010773
394261,-10.2375,0.07439227215597163,0.370041629910268
399473,10.10267857142857,0.2704940669443109,0.605670534449185
399474,-13.391071428571436,0.5224445791436262,0.7846355545852977
399512,2.1464285714285687,0.8011902565419096,0.9254208472985362
399664,8.397321428571427,0.08311895501848392,0.38473218885702365
399665,20.193749999999987,0.17792924550953682,0.5166404568576108
399668,-2.095535714285713,0.6961847733522178,0.8778043519719001
399670,0.09732142857143344,0.9863469198493058,0.9953474717722912
399671,-0.43482142857142847,0.9170748218459333,0.9706905821458085
399687,-52.41339285714287,0.06484265090815314,0.3522026563086899
399693,-6.516964285714286,0.2307302422591998,0.5688484387372121
399694,-15.767857142857146,0.25282927065920796,0.5902792502363793
399697,-2.036607142857143,0.20375037022181341,0.5411849051259683
399716,-6.000892857142857,0.22419739844105013,0.5628047652882845
399717,-3.088392857142857,0.22419903495258195,0.5628047652882845
399726,-2.154464285714285,0.4877647741599404,0.7630701601532158
399761,-26.11785714285716,0.5859944692786915,0.8210770510190015
399806,-3.7089285714285714,0.049404352367060346,0.3160136404476522
399818,-28.114285714285714,0.04528575826638693,0.30518905869773266
399821,-4.529464285714285,0.28274228753481795,0.6162287099455268
399833,6.307142857142855,0.2748619033416231,0.6098808719290306
399876,3.3107142857142833,0.5385751265559637,0.7936123984367524
399879,-9.053571428571427,0.14166379067934431,0.4711641678565089
399884,4.979464285714286,0.4940060933458845,0.7664835498677506
399900,-4.497321428571432,0.6103609289363243,0.8344411711104042
399909,0.39553571428571477,0.4794031175297713,0.7581479558995987
399947,-3.2973214285714287,0.21218319521262494,0.550285371323891
399948,-611.7741071428572,0.3646620603426626,0.679382746099054
399949,-3.8482142857142847,0.41875567599240826,0.7191506764838027
399959,174.83124999999998,0.2120637843072988,0.5501061539593662
399967,-11.026785714285715,0.04447744799471328,0.3033552107012544
399972,-9.738392857142856,0.3180516644298975,0.6445020865606573
399979,19.754464285714278,0.1542174561157858,0.4864857754205777
400027,-95.32767857142858,0.0006752069116712115,0.11428329961427276
400043,50.84910714285718,0.18126257433401355,0.5205885290956173
400073,1.7758928571428783,0.9245275314446102,0.9734296538821485
400084,1.3794642857142856,0.6540078073657145,0.8572604492206336
400120,-3.355357142857141,0.20560687043203013,0.5429104338028964
400128,0.12946428571428648,0.9638821195241081,0.98778965381803
400236,-14.57857142857143,0.15259196086438057,0.48448587349781286
400238,-11.049999999999997,0.011803047130350372,0.20706627471402037
400242,-11.066964285714285,0.12846086872476886,0.45453301259525536
400258,-18.475000000000005,0.035726424014975625,0.2817455983007056
400360,-29.976785714285715,0.07896408752606437,0.3782256148283588
400410,39.21428571428574,0.05139399476139775,0.3203966152601412
400451,-16.524107142857126,0.16668427579819167,0.5022300813503198
400456,-7.101785714285715,0.08157912048532245,0.3826065321313655
400499,0.1607142857142847,0.9833824454811483,0.9945512514877969
400500,7.275,0.018577903445576683,0.23267582348057483
400506,-11.54017857142857,0.33777969167899635,0.6593867695854444
400512,-6.180357142857144,0.09471196551995131,0.40456617643881343
400541,-1.2839285714285715,0.4595460695944088,0.7457462114173781
400548,-4.746428571428574,0.23820639415489922,0.5751351115221512
400550,-8.641964285714291,0.3288148225079576,0.6528652511392884
400566,15.549107142857139,0.2780973878819779,0.6125936560788305
400568,-0.30714285714285694,0.9218336430471401,0.9723964815867107
400569,-8.220535714285717,0.6707906780643371,0.8653515910579157
400579,5.290178571428569,0.6458329511456671,0.8530016946020424
400581,-7.646428571428572,0.08437697170065185,0.38744214806902655
400590,0.7696428571428569,0.5786364179202715,0.8166902305176015
400604,-12.469642857142858,0.18205927204996095,0.5211694854615235
400617,-5.933035714285715,0.02954727338166569,0.2635395060591471
400618,-18.819642857142863,0.1424946426410607,0.4721446050278647
400620,-12.265178571428567,0.11358820696973469,0.4340499650899674
400622,-8.439285714285713,0.11695803703564335,0.4393717768924604
400627,-2.7696428571428555,0.7706413092461851,0.9115157075832379
400629,-11.528571428571436,0.0930205863106088,0.4020792597464255
400643,-31.40625,0.03453095763295777,0.279369652054153
400654,-4.882142857142856,0.08205494597976742,0.3829581025560208
400655,-6.117857142857144,0.37231686120685453,0.6855838761991583
400657,-39.62321428571428,0.07963539212790764,0.37914618418506313
400680,-9.712500000000002,0.02989024807406442,0.2645577057848151
400684,-2.3812500000000014,0.5079041788179275,0.775840554769653
400692,0.9999999999999991,0.6989430106122339,0.879060744975467
400709,9.724999999999998,0.10246408542768716,0.4165249864253265
400710,-2.1687499999999984,0.5287536415807819,0.7883750719603494
400713,-23.494642857142864,0.15235807196505324,0.48405936339643707
400728,-20.330357142857146,0.06553674900897934,0.3538281620434518
400745,-0.6723214285714292,0.8968264741903826,0.9623401415649698
400748,0.7651785714285726,0.8840717614673453,0.9575182363398661
400752,-3.510714285714286,0.5742210726276044,0.8144674674304611
400756,2.294642857142861,0.6304871967697258,0.8452534086640817
400759,3.2125000000000012,0.4410644523264131,0.7338088181010355
400761,4.957142857142856,0.022067889092024496,0.24198993905062963
400768,-16.346428571428568,0.004307334912993743,0.1656601559416456
400793,1.0928571428571416,0.8186741558856347,0.9324101394641368
400794,-11.687500000000004,0.0742999680385552,0.36980889872626355
400798,-1.06607142857143,0.7661466543746398,0.9093372196517507
400830,2.3223214285714278,0.5004636193763423,0.7707757375611887
400831,-1.0526785714285705,0.8391654642034065,0.9415207660201624
400891,-4.801785714285716,0.008194052455647782,0.18975775366308964
400916,-166.13214285714287,0.04412680549749726,0.30267633804737953
400926,-1.9812499999999993,0.8169724556491966,0.9314753516415695
400931,-5.539285714285718,0.44815101682672526,0.7383478214825691
400940,-10.11160714285714,0.008834082632320215,0.19250835708334307
400941,-1.0357142857142865,0.8061650880508177,0.9272296582388296
400946,-10.614285714285714,0.10391701282312403,0.4186620496724122
400949,-686.6330357142859,0.15113697719975625,0.48259583384938215
400952,-2.840178571428572,0.5675992670563667,0.8109051594476797
400954,14.57767857142857,0.18742226684968138,0.5263655007979833
400955,-3.3000000000000016,0.3585353589602285,0.674404677164843
400958,-0.6651785714285721,0.8546674996748949,0.9470333008464487
400960,19.182142857142857,0.1209106275454663,0.44349849463627866
400961,-90.54642857142859,0.043688758115703386,0.30160799657356135
400965,-0.9553571428571441,0.7722090743465947,0.9120305263901171
400986,-1.921428571428569,0.681244779941031,0.8704820945400892
401014,-6.556250000000001,0.06085634400997121,0.344404449853919
401021,4.845535714285713,0.5866459842613634,0.8213961839869808
401022,-7.899107142857144,0.2538995895567175,0.590998342160736
401024,-4.389285714285716,0.16906577845646428,0.5055443201326902
401052,-9.859821428571426,0.25260587168206805,0.5900468250616084
401067,-1.2732142857142854,0.7917312085492043,0.9214922512938801
401068,7.308928571428567,0.32258145494550006,0.6477588733442646
401074,-20.400892857142857,0.03716117258184359,0.28516310328593664
401081,-10.405357142857142,0.23873846259359974,0.5755048473305879
401093,-1000.9312500000001,0.009735069673961302,0.197574214708179
401097,11.967857142857145,0.2033173754876995,0.5409090422528932
401098,-4.5839285714285705,0.10193883303251246,0.41593326089944915
401106,-3.7767857142857135,0.37508285343415265,0.6877311022259945
401114,-1.7348214285714274,0.561353437199537,0.8076953524276999
401115,88.66160714285715,0.0010070842111276315,0.12073749023847284
401124,-3.711607142857142,0.23297993060647967,0.5703647938188698
401134,-6.200000000000001,0.013829669557963272,0.21493586433300613
401145,2.1669642857142852,0.5784906970239221,0.8166170440802243
401152,196.14017857142852,0.17754872573529792,0.5162452543559453
401172,-9.10892857142857,0.14310892595548763,0.4727845531103105
401176,-0.33392857142857135,0.9079669715348524,0.9667177862790955
401190,-27.433928571428567,0.015467840565589617,0.21982920117864926
401207,8.440178571428572,0.3526944921604613,0.6701213766433924
401220,-6.772321428571429,0.2614417009838774,0.5978517172349396
401233,-2.301785714285714,0.8384759508299234,0.9413521719841462
401237,6.919642857142858,0.42380605252491893,0.7219172843024066
401260,-8.53303571428571,0.2993983455787349,0.6298844959957928
401261,-4.989285714285717,0.46486661027195,0.7492624401674418
401262,-10.095535714285713,0.1474737712712487,0.4782117575621566
401264,11.878571428571433,0.6079515496035379,0.8330831339200437
401265,-1854.9767857142858,0.015589473508843783,0.22019860356290608
401282,-25.63035714285714,0.0006799741263684161,0.11428329961427276
401288,6.534821428571426,0.24380394951135093,0.5810549208636551
401312,-43.875,0.004908362715436302,0.16997001039451554
401317,-787.1857142857142,0.07033389019988791,0.362404876637167
401320,-18.89464285714285,0.27636675738338984,0.6109785415082872
401321,-34.62946428571429,0.24262681645392184,0.5795201198857617
401324,-1.998214285714286,0.09952368003375249,0.41202042057207755
401387,71.87321428571428,0.19163900766286526,0.5304441221063716
401397,-155.5580357142856,0.10013381446119823,0.41317357416141587
401398,-5.5428571428571445,0.09876555628739225,0.4106597103266248
401431,-6.28125,0.24044450511533302,0.577355443905699
401433,-9.75714285714286,0.3051015469295376,0.6343020178501427
401442,3.790178571428573,0.42906042356940843,0.7252671461917056
401463,-6.346428571428568,0.40893332871108007,0.7124149167498822
401466,250.3982142857144,0.004718497949836932,0.16997001039451554
401474,-36.09017857142858,0.26618567418598177,0.6019169101882255
401494,167.23839285714277,0.0039634920133942275,0.16279308422237193
401497,-0.3955357142857139,0.8884580122199467,0.9592883174320784
401505,180.48482142857165,0.32146539704627575,0.6467991677156519
401546,-2.3089285714285683,0.5625564022148365,0.8081814938014658
401548,27.5625,0.2036444494593883,0.5411849051259683
401551,-0.3107142857142855,0.65799038911982,0.8593861861622989
401562,-3.7107142857142836,0.2877093468605548,0.6210964006633567
401565,-3.5026785714285715,0.5510255959389172,0.8015997354714852
401577,-19.5830357142857,0.20090763590706393,0.5389312638763624
401585,-1.588392857142857,0.7369851753971847,0.8968320602012256
401588,-7.935714285714285,0.13399969368997397,0.4612131692531624
401612,-5.139285714285713,0.023292262547452886,0.24544870254481355
401630,-12.59375,0.17946136794814374,0.5184338209081212
401634,-0.323214285714287,0.8652652857443066,0.9507334634780765
401647,-1.1133928571428573,0.892306086452781,0.9606166002482092
401884,-13.052678571428569,0.05407203290665911,0.326708851715282
402055,-28.12767857142859,0.11349897248976322,0.43392464309333645
402160,1.415178571428573,0.8290539825660478,0.9371655668503088
402381,-6.25,0.3989338752671036,0.7052415167559781
402415,-7.4857142857142875,0.09989219711728858,0.41266608784654735
402483,37.79285714285713,0.1696509421301143,0.5062307079061289
402573,-1.3937499999999972,0.8524891583712062,0.946211672960963
402665,1.7732142857142854,0.5778430911269985,0.8162464632502912
402682,-8.399999999999999,0.006757661953816937,0.1816491869911561
402778,12.194642857142858,0.06239334397121421,0.34753016316484686
402779,-9.322321428571428,0.23963710605707195,0.5764931659898546
403150,0.19642857142857117,0.9691175004047606,0.9891071960843092
403312,-1.4294642857142863,0.6253221360406362,0.8429153075126794
403313,11.208928571428572,0.44597863869615567,0.7372549464677215
403314,-10.149999999999999,0.06722704704036862,0.35696516232762604
403323,-26.166964285714293,0.016409479076636205,0.2241849746414504
403340,-25.93124999999999,0.08566298623164798,0.38965256008447197
403341,21.675892857142856,0.3636802491305645,0.6785965088253316
404037,-2.703571428571429,0.2901079680978601,0.6231459808790882
404093,-44.32589285714286,0.11223351384422427,0.4321385471431663
404201,-24.45982142857143,0.04741254278340349,0.30987770190408936
404203,-5.837499999999999,0.18308698702363008,0.5219941083337839
404216,-4.242857142857144,0.3523278088792235,0.669986165753214
404217,1.496428571428571,0.5908418143199435,0.8242148338506636
404220,0.3089285714285719,0.847065062451061,0.9441863017983682
404266,-6.472321428571428,0.4427390078376851,0.7350444106508314
404281,-2.6723214285714256,0.5937511877251741,0.8261024044805938
404550,0.11428571428571388,0.9453782420457415,0.9814034211257484
404636,32.57589285714289,0.726616964942186,0.8921793350652559
404672,-30.412499999999994,0.00033337052266870263,0.09295894720825527
404734,67.54553571428568,0.12349152440742897,0.447338245133066
404744,-6.075892857142854,0.1710399039620207,0.5080512723629619
405753,5.116071428571427,0.4925634313083592,0.7657542804306198
405754,-0.03303571428571406,0.947625576574673,0.9819215524881455
406886,-1.5982142857142847,0.9408005903507934,0.979366213728145
406902,-10.430357142857144,0.16479877568716222,0.4996048273188575
406907,-13.445535714285718,0.17265062124963265,0.5099218191888324
406934,11.033928571428572,0.3166621304939836,0.6436963968010765
406938,6.483035714285716,0.6190646889827798,0.839240734863474
406947,121.39642857142854,0.1707154178664836,0.5074407671985425
406948,-26.90089285714285,0.22789573771958402,0.5660896578900666
406962,-0.20535714285714057,0.9402967188419585,0.9791896081299389
406970,-7.057142857142857,0.2846149953318201,0.617832356585543
406988,-11.10625,0.05428143099105999,0.32728685922322504
406991,662.499107142857,0.0004999819422701166,0.10345946410441957
407004,-272.9625000000003,0.4014352287834024,0.706738193839848
407013,70.6517857142857,0.20455999511214762,0.5419305812916984
407024,-12.230357142857144,0.0844557390964474,0.38749877920255654
407026,-171.89464285714288,0.01612887333379941,0.22330872360736456
407040,49.7080357142857,0.07094677751993322,0.36350367220322766
407738,-0.22499999999999964,0.9456055223420331,0.9814530151875671
407975,8.313392857142858,0.298808589347809,0.6292407074211924
407977,136.78214285714282,0.053090268977829105,0.324229163885683
408050,5.834821428571431,0.604594143163697,0.8313919737846752
408263,-14.381249999999993,0.0004934875117420229,0.10337712530457895
414062,61.41339285714286,0.02641739143795766,0.2547840671847478
414157,-3.637500000000001,0.417880584518877,0.718863498095309
414189,7.159821428571432,0.3109809403101022,0.6392385817392869
414194,0.8205357142857146,0.7655137199047171,0.9090272761593338
414196,-2.2383928571428555,0.6785506495812597,0.868957074288698
414201,-5.274107142857144,0.11536978712423059,0.43737644647186985
414235,-11.193750000000001,0.1207128777526435,0.4431684980680211
414236,-1.9776785714285703,0.4406882655046275,0.7335636277313982
414243,-16.840178571428577,0.009827424795805801,0.1979263415238281
414245,-6.275892857142853,0.36791606140380617,0.6818495275026499
414260,1.3973214285714306,0.8060689383313561,0.9271545671300044
414300,2.2321428571428568,0.4119806464336309,0.714688274732455
414301,-5.798214285714284,0.1248623294555041,0.4499636631209753
414319,-1.8803571428571448,0.7142056757249071,0.8867232259380081
414325,-16.458035714285714,0.0265450222706646,0.2551598488582755
414328,19.56160714285717,0.5233409690399397,0.7850114535599095
414332,-8.390178571428564,0.2808459501988637,0.6149908317973874
414771,-11.04642857142857,0.45397707191392905,0.7419943921706944
414777,-29.550892857142856,0.06088989924265618,0.344404449853919
414899,4.242857142857147,0.6234228121349963,0.8419896203663861
414918,-3.074107142857141,0.4995173224686074,0.7701079857311953
414919,15.330357142857146,0.1917234753184603,0.530570482008241
414926,-13.050892857142856,0.027513985489626518,0.25715973243274204
414927,-9.788392857142856,0.21542460311983797,0.5544574766076892
415056,14.658035714285715,0.023781523190729126,0.24696197159603323
415116,27.55624999999995,0.4277811174914121,0.7246540029384979
415117,3.524107142857142,0.45949990896080345,0.7457276477382706
425057,-9.906249999999993,0.11783594864157804,0.4402000060916099
431707,-0.24642857142857277,0.9461121548596879,0.9816171111928508
439911,3.135714285714279,0.7794988997318185,0.9158111254020924
439916,-0.2482142857142855,0.7959213889772326,0.9234315433510616
439921,-397.81160714285716,0.5232573087477467,0.7849505681066494
439927,-5.267857142857142,0.21788690094960844,0.5569930011885095
439931,-3.8714285714285737,0.6980274426194836,0.8785892461231377
439933,-2.651785714285717,0.6318930376623982,0.845930184523362
439936,-8.538392857142863,0.2876476654343728,0.6210536012345176
439938,-0.8428571428571487,0.9022172339956642,0.9644769673165451
439941,-9.681249999999999,0.07615182841489776,0.3728837975218087
439944,-0.7678571428571423,0.8535154502494579,0.9466287450025175
439949,-167.3669642857143,0.022918145985059937,0.2446432540456128
439951,-9.530357142857145,0.029721897000835096,0.2637631421069078
439990,0.8357142857142863,0.6747188424508261,0.8673990965554852
440021,-3.6223214285714285,0.4005959489055516,0.7063799001898843
440026,106.83214285714291,0.11653228802398463,0.4390808640641479
440028,-6.174999999999999,0.24644584531522484,0.5840164091803883
440061,0.9053571428571421,0.71118085222966,0.8852982254485615
440072,-7.344642857142858,0.08142288999563176,0.382434115902815
440073,-12.167857142857143,0.30128215036782874,0.6310143161996746
440087,-5.255357142857143,0.2592815718817109,0.5961528227126308
440101,-7.1303571428571395,0.3432363090056105,0.6631194807838569
440104,-11.04732142857143,0.28159705378664773,0.6155118364616797
440117,-23.09107142857143,0.09965884540019625,0.4122133262441193
440119,-53.65535714285717,0.020142769358057967,0.23744580766467172
440131,-0.7589285714285716,0.4971287538061863,0.7686720393869042
440132,-13.355357142857148,0.04236357506791801,0.29823572302079054
440137,-1.5062500000000005,0.6201863647185577,0.8398645041607754
440138,13.991964285714275,0.19558716557438052,0.5341789438922651
440145,21.956249999999983,0.6642050534406578,0.8619272305393803
440149,-2.054464285714289,0.631358574298873,0.8457714842111472
440173,-8.072321428571431,0.2785792120189308,0.6129338370488061
440184,0.5901785714285717,0.396591368316414,0.7034202641503905
440193,20.838392857142857,0.11719386226366535,0.43954105748377154
440200,1.9348214285714294,0.5557399256435388,0.8045194109385108
440248,-77.09107142857147,0.5191162235209426,0.7825257485756792
440253,-95.38928571428568,0.2982394226296935,0.6290392902424466
440275,19.900000000000034,0.4304748845706066,0.726314282175526
440279,-77.11607142857143,0.05010022325924808,0.3178440350336011
440288,6.0571428571428605,0.3189467589085037,0.6450548954399068
440299,-4.807142857142855,0.5698733270223151,0.8120780996620135
440307,-14.512499999999996,0.0035824321145629125,0.15830078651700105
440335,3.0008928571428566,0.36067335478638646,0.6763285636873593
440346,-0.4875000000000007,0.8858073634667497,0.9582429978541518
440348,-9.518749999999997,0.5665459251188268,0.8105874282628821
440352,-10.801785714285717,0.0734190849578946,0.3680159094597311
440356,0.7544642857142865,0.8216201446859175,0.9336754012596267
440387,-9.001785714285713,0.017637962157686683,0.22937153695496146
440416,-6.608928571428578,0.2229364129482411,0.5615520306802304
440423,55.40982142857143,0.00998467656450888,0.19801461866623513
440432,4.067857142857142,0.2181307735253975,0.5571995908475569
440434,-45.090178571428595,0.06738262629076933,0.3571984770649421
440465,51.86785714285715,0.03461157305457451,0.27968395234727883
440482,-9.574107142857141,0.1370480327249046,0.4654904483641614
440498,10.789285714285711,0.26210068056372177,0.5983696484121044
440503,-147.01428571428573,0.0010833665968080853,0.1240993704425147
440508,-12.765178571428578,0.15747785437763717,0.4903246974998469
440515,-10.75714285714286,0.3343246872523694,0.6569592910307412
440556,-20.919642857142858,0.006579241144702766,0.18109948666886078
440560,-15.010714285714286,0.020436666757798594,0.238009362137482
440567,-266.4821428571429,0.4224699037622496,0.7212659481093208
440570,-9.699107142857143,0.005490194880779339,0.17479173462291828
440574,223.15535714285738,0.10701716019206627,0.4243502217687326
440584,-6.075892857142854,0.4373313029433852,0.7312132609052058
440590,2.1482142857142863,0.42673629745620234,0.7239726673578971
440602,-3.7982142857142875,0.6505546725159694,0.8553923417824184
440603,3.354464285714288,0.3120382838727521,0.6400079968016926
440672,-107.55892857142851,0.0665751544580849,0.35571157724966207
440699,-0.31607142857143344,0.9746667330565996,0.9911081615434754
440704,-1.8928571428571423,0.631746203366001,0.845930184523362
440730,-5.241071428571431,0.6150739421887899,0.8370461914867604
440738,1.3098214285714302,0.7449723905645222,0.8998225037360327
440757,-3.5723214285714278,0.6238656548727685,0.8421872143357712
440792,1.4812500000000028,0.5611804645605254,0.8075415686234169
440804,-10.658035714285706,0.17699808373920695,0.5153842588507823
440823,70.64553571428571,0.32016575613486775,0.6460386299333442
440829,4.191071428571429,0.3192570056393168,0.645348150818162
440836,28.937499999999993,0.1204242620985213,0.4428136747754828
440854,-7.116964285714285,0.09918651290186915,0.41142776541856363
440862,-21.074107142857144,0.033436533601806234,0.2756963466564253
440864,-0.30803571428571486,0.8563663057341379,0.9476542004780616
440888,-20.613392857142856,0.14119888468232153,0.47041917128791233
440894,-13.092857142857142,0.16077101278351064,0.49427605810120506
440900,2.279464285714285,0.59369148915059,0.8261024044805938
440915,8.00178571428571,0.48015753458925975,0.758592573862738
440918,-9.34375,0.29938055360852056,0.6298844959957928
440926,601.9973214285715,0.09551504846310076,0.40592763093518214
440934,-3.825892857142861,0.5194316389605477,0.7826905018649013
440944,-13.577678571428578,0.4913263202217981,0.7650518770292145
440952,-28.383035714285704,0.08359422482981917,0.38586021465347087
440956,-1.2803571428571434,0.2862904907252463,0.6195085019481583
440957,-13.64464285714286,0.15431071269679608,0.4865312390691036
440982,25.944642857142856,0.22838338330349797,0.566655793849327
440993,4.939285714285713,0.5639393615875786,0.8089815871146002
441009,0.06874999999999964,0.9807833822367297,0.9935583529199065
441024,-51.07232142857141,0.003807642922818051,0.1608115647404086
441025,-7.680357142857142,0.03834336279017757,0.2886703988968091
441027,-15.649107142857105,0.8366949818264461,0.9406758091461389
441046,1.9723214285714263,0.6199929718807785,0.839769007025258
441052,-1.0133928571428568,0.7979585243160046,0.924203039392645
441054,27.946428571428555,0.13894474934112666,0.4677334088825866
441058,-7.702678571428567,0.5266590190406992,0.787087868539512
441061,-9.85089285714286,0.045295745700602345,0.3052164277010855
441072,-1.275000000000004,0.7905899603139553,0.921032724713607
441081,4.3660714285714235,0.627247524436111,0.8436016664579649
441086,-7.666071428571428,0.09397268569101826,0.40347778183597977
441094,9.147321428571429,0.1263186112402548,0.4519354125569791
441108,-17.239285714285728,0.7103698436774736,0.8850848701740901
441124,7.607142857142854,0.5441974350985811,0.7973735699856604
441150,-0.7839285714285893,0.9703026311619356,0.9895045390901412
441151,-18.601785714285718,0.1664810590950698,0.5019261408926724
441155,-358.2062500000002,0.06918585717379708,0.36055369653223573
441161,-7.5642857142857185,0.25222473756845376,0.5896603893853513
441168,1014.1303571428573,0.06116472763575254,0.34504604907386555
441178,-2.341964285714286,0.5551912806979769,0.8040590392025633
441179,-9.261607142857143,0.05389680985700799,0.3262598525696455
441194,15.402678571428574,0.15275230957702543,0.48454504752411653
441204,-20.69196428571429,0.03710193487617184,0.2849276008283338
441208,0.16607142857142954,0.9634879660851956,0.9876207755246269
441212,-19.669642857142875,0.07808094776316088,0.37644761254168935
441242,-12.017857142857144,0.0061004404086259486,0.17879430951723688
441263,-29.865178571428572,0.1470527231263523,0.47746142390613916
441273,-8.769642857142856,0.5842738074396265,0.8197795735414077
441295,20.03482142857143,0.13196860818531664,0.4586622123674078
441355,-3.814285714285715,0.49736924134839183,0.7687689274509746
441394,-4.616964285714287,0.25440324649994384,0.5914873720726628
441441,-17.985714285714288,0.1485101876075776,0.4793833101572975
441454,-20.548214285714284,0.13536315316059028,0.4629656675142814
441457,3.6312499999999988,0.2467911063759946,0.584277463458366
441459,-5.984821428571427,0.2489462048796859,0.5866362275578324
441461,169.68214285714282,0.5289119261652587,0.7883750719603494
441476,-10.686607142857143,0.018103958292330767,0.23078431327423285
441478,-34.15178571428574,0.1591616763403285,0.492064724563611
441495,-5.260714285714288,0.2646379110675235,0.6007755268068778
441543,-3.332142857142858,0.4291287567451645,0.7252740270492076
441549,-27.10446428571429,0.025837518325298334,0.2531605314765817
441601,-2.4616071428571438,0.5668149039650433,0.8106983178596125
441631,22.638392857142854,0.15001005260949976,0.4811850763522675
441642,-2.421428571428571,0.6011417682877629,0.8300582962945454
441666,-61.92410714285713,0.015571483659081037,0.22019860356290608
441733,29.294642857142858,0.16430819873295327,0.4989366675722999
441869,-5.96875,0.3725964121485728,0.6857661607420772
441951,160.6991071428571,0.021866307357451212,0.24158128810580906
442075,7.445535714285713,0.11008643603207241,0.42916596874296553
442117,-8.313392857142858,0.068618565161419,0.35962309166538625
442184,-5.776785714285715,0.38013241053746333,0.6915249476341117
442186,-3.7982142857142867,0.19490150102328774,0.5339599924060859
442189,-5.965178571428572,0.04281959026421675,0.29908509162802716
442191,-10.056249999999995,0.06202620683744809,0.3467505553661338
442194,-2.1401785714285726,0.6951056744275343,0.8776100392408599
442213,-3.7794642857142904,0.5394683675340631,0.7941689013173102
442240,-6.633928571428566,0.26099996020160826,0.5974533315479561
442421,-1.7999999999999998,0.4740728743550831,0.7548689287172488
442444,0.09642857142856975,0.9848373009919306,0.9949391709942884
442523,-12.058928571428577,0.27689983940015334,0.611499261620623
442524,1.591964285714285,0.7344205717779249,0.8955727268242146
442578,1.0080357142857146,0.894814780683792,0.961520107687705
442582,-26.677678571428572,0.44819434562752597,0.7383478214825691
442721,-1693.3758928571428,0.011933190643734666,0.20765577465946944
442894,-1.0196428571428484,0.8858011254055007,0.9582429978541518
445341,-10.034821428571426,0.33025320813997866,0.6537426382454261
445347,74.5142857142857,0.2160954173549873,0.5552326267901071
445372,18.21785714285715,0.2648104261878623,0.6009675432434572
445815,324.58303571428587,0.1757336262060575,0.5141971652246337
474150,-1.2357142857142849,0.6012915985161233,0.8300582962945454
474170,-25.896428571428544,0.5034636281529888,0.7732050748367929
474171,-5.529464285714287,0.3410581548474446,0.6614648155895156
474343,-14.583035714285721,0.27936815617627475,0.6137391440135356
474344,85.50892857142861,0.38982946015602393,0.6982532937396326
474354,-20.18482142857142,0.090232776706423,0.3972957132385543
474382,-2.6205357142857135,0.19844604512738231,0.5367578403475916
474384,20.967857142857156,0.31212929805205153,0.6400298057422525
492307,-1602.3669642857144,0.009720774524976326,0.197522152584313
492311,41.17857142857133,0.9062838638439443,0.9662237922343463
493753,-81.85535714285717,0.02600971379707843,0.253758598333217
493754,-23.00714285714284,0.5866706727379611,0.8213961839869808
493812,-11.297321428571433,0.04222817380421872,0.29813177660830187
493829,-96.84642857142859,0.0075895337865480896,0.1877827423349435
493856,154.6214285714286,0.0011453551968239853,0.1240993704425147
493861,4.442857142857143,0.596642467630639,0.8277449103705959
493869,562.2357142857145,0.028853129104063006,0.2612977279769292
493911,-4.7616071428571445,0.8387488688843475,0.9414458983336211
494115,22.480357142857144,0.5111821733931113,0.7781519985040055
494143,36.14464285714285,0.4616371599561083,0.7474314229204365
494150,2.366071428571427,0.6058726497965224,0.8321046753987658
494336,-6.408035714285715,0.25026682198250283,0.5877707261711625
494470,-23.31071428571429,0.007849906242834083,0.18798333344091506
494513,-10.835714285714282,0.1357024457879791,0.46364791840047503
494514,0.6133928571428555,0.9061249921497811,0.966115131548153
494558,-7.666071428571428,0.08260319557757298,0.38374795804263767
497049,2.4991071428571416,0.697556225100295,0.8784659865697927
497189,13.522321428571427,0.13120385273421079,0.45825849531793417
497256,-0.40089285714285716,0.2980990688608319,0.6289161074272613
497258,-13.441964285714285,0.21371671880473878,0.5524940570251375
497259,-9.751785714285713,0.031194133906553154,0.26886198072317047
497634,-15.508928571428568,0.0418906918624396,0.2975529404363619
503519,1.1589285714285715,0.2465735026611397,0.584144251411224
503538,1.2098214285714297,0.6720809687635998,0.866181504327524
503542,-7.896428571428565,0.456991662096288,0.7442289455474076
503569,-12.885714285714283,0.0353409158504888,0.2811940320840402
503614,-3.1794642857142863,0.191561351244092,0.5303562763567375
503618,-1.0749999999999993,0.8087120365381877,0.9282514715901543
503639,7.294642857142861,0.5147315339191422,0.780130956339147
503693,-8.80892857142857,0.07763475602827662,0.37580170746755415
503841,-29.286607142857136,0.0505639382518103,0.3189101006962163
504180,-13.822321428571428,0.0032836529692726875,0.15408650980512376
541468,-11.360714285714284,0.11939917562097457,0.4416964661922592
541471,-2.1294642857142847,0.31764516935701015,0.6441619240604773
541472,4.009821428571428,0.5259463078250806,0.7867179464963963
541565,9.600000000000001,0.14136440193472546,0.4705978248770771
541578,81.48125000000002,0.23146245305662697,0.5692126984192465
542767,2.0241071428571438,0.7599408621485619,0.9065478632024898
548313,-4.86785714285714,0.3678422883810557,0.6818244946006109
548593,23.549999999999997,0.4997128383026868,0.7701705266863821
548596,-3.186607142857145,0.5852545720702972,0.8204689397480008
550113,-4.085714285714285,0.2644243796602362,0.6005670323135721
550631,-10.14375,0.06740948283424211,0.35724573476505767
550643,163.70267857142855,0.048996273555453405,0.31508718614966064
552889,18.741071428571427,0.012528678497885836,0.2097876306679412
552891,84.66607142857143,0.06510846584415717,0.3528752349354969
552900,-5.230357142857148,0.4525763482332264,0.7410751747268506
553103,-3.9901785714285687,0.48358263616150027,0.7604878370906326
553115,72.03571428571432,0.005000571376171566,0.17052781399115888
553158,1.4785714285714295,0.5542720291737542,0.8034958115178429
554174,-11.250892857142858,0.1391902704485448,0.4680146511716131
554201,-1.3133928571428575,0.0637659889682447,0.35028689308136035
554202,20.55357142857143,0.1478352885955629,0.4788445159765113
554203,2.1687499999999993,0.7901098257153578,0.9209326196469212
554206,-11.868749999999999,0.04519568857108771,0.30507089785484204
554207,3.297321428571429,0.06587547950706907,0.3545719474354205
554235,-10.45178571428572,0.12672177887287261,0.4521527497380486
554279,-6.459821428571427,0.11929301815105486,0.4416669830274791
554313,-135.19375000000002,0.02637915826755126,0.2546848805012123
572558,-47.57053571428571,0.3118446866436982,0.6397549150967768
574029,-3.8357142857142854,0.6817899507099977,0.8706903406691688
574036,9.891071428571408,0.6017129073282018,0.8301242261908464
574407,-6.509821428571427,0.08664445605411843,0.39145897732283885
574412,-7.174999999999997,0.31558744447292686,0.642706579005374
574414,-5.800000000000001,0.13493123705212523,0.46258875005172734
574432,-0.4151785714285712,0.8814466182559172,0.9566487455216125
574443,-6.18482142857143,0.18945787333555297,0.5284081744859771
574449,-3.0321428571428566,0.21260197590687355,0.5508635355869632
574506,-0.9991071428571416,0.8225418926712103,0.9338982750164883
574537,-6.995535714285713,0.010631597526377452,0.20082270679218137
574538,-7.916071428571428,0.06602891589192764,0.35480024656052594
594855,-6.331250000000001,0.19404866670681312,0.5329657393874001
595100,-324.50178571428614,0.6190098127996246,0.839240734863474
595101,112.70446428571432,0.21915614041699963,0.5580619143186898
595135,-9.822321428571428,0.12896728412522962,0.4551859957102143
606495,-7.3892857142857125,0.0931036239588237,0.402206053047282
606500,883.6455357142859,0.0922626515121167,0.40051293937475035
606553,-4.7214285714285715,0.27276278670897114,0.6073676534704323
613126,-0.02232142857142838,0.9922754296797681,0.997363741140018
613212,-41.62678571428571,0.029309767855274928,0.2627498864546904
613266,-7.12767857142857,0.10529160680196309,0.4214053584581899
619190,-11.637499999999996,0.055346875261704544,0.3304674462087688
619207,-0.5946428571428584,0.9008337983797131,0.9638787329317229
619208,7.523214285714282,0.43411106658286003,0.7290901317890823
619279,-255.08839285714285,0.0008935564628728888,0.11859210302321158
619343,-25.85357142857142,0.013257303055852493,0.21225272169216253
619351,-5.356250000000001,0.18133555455360048,0.5206386307419055
619426,-14.949999999999996,0.19492840578950554,0.5339801887139243
619427,-2.2616071428571463,0.5997288313234422,0.829373957496916
619434,-0.4571428571428564,0.8537309179253656,0.9466670751016982
619455,-1.2839285714285715,0.6173109893418358,0.8383413331258549
619505,-67.51339285714266,0.8266952857219299,0.9358547129255731
619518,-0.8428571428571345,0.9415345563441582,0.9795668018767955
619562,284.0098214285713,0.6069046916101516,0.8325311743887203
619565,431.7830357142857,0.3792997959180138,0.69073093502965
619569,-270.4232142857145,0.5012038325092794,0.7712797098700128
619571,150.7053571428571,0.6384972061998455,0.8494371386794164
641339,-1.1437500000000003,0.46614560630461827,0.7500324691563985
641364,-15.670535714285712,0.018297138923796103,0.2314327419370565
641365,1.0080357142857141,0.5671176639660308,0.8108280758554366
641371,-62.358928571428564,0.09472978199331272,0.40456617643881343
641372,-0.2437499999999999,0.736706742314342,0.8966129715972898
641384,-12.174999999999997,0.0779661310624636,0.37633956174099026
641455,-46.15446428571428,0.09160422362389177,0.39942356559472847
641467,4.09553571428571,0.6404777632570954,0.8503378375857877
641515,2.6249999999999996,0.4880757843754875,0.7632146530025521
641518,2.5723214285714295,0.5010276222747394,0.7712530286590054
641648,-399.28214285714284,0.10558642374591974,0.42184754512947287
641649,11.52053571428571,0.09558142441027034,0.40595932413823743
641654,-39.816964285714285,0.0158597137183587,0.22201662919879842
641700,-16.175892857142884,0.6156720358638378,0.8372557781583219
641928,-15.48125,0.1639907721027037,0.4988427284679283
641977,-45.49464285714285,0.0026101829393134443,0.14867468905820463
642236,-6.4258928571428555,0.9134285881933123,0.9691494985550175
642273,24.755357142857157,0.2968933299001085,0.6279309431855028
642280,-2.1419642857142858,0.6266536566067787,0.8434935909996849
642345,-5.428571428571431,0.06970360971679326,0.3616804911814633
642361,-15.216964285714283,0.529990747096426,0.7889225768284649
642394,-6.217857142857145,0.36572876672647636,0.6799354048342376
642426,-7.455357142857142,0.14287914874460833,0.4726020170886698
642475,5.89910714285714,0.5484511408678916,0.8001111619337204
642477,-9.851785714285725,0.7247253658997543,0.8916773792828
642517,1.4848214285714274,0.6581015637971187,0.859406633709002
642533,6.149107142857147,0.5726030231791672,0.8135534215296432
642559,1.7598214285714295,0.6954631775529356,0.8777320806376305
642587,-4.5964285714285715,0.33563803619115684,0.6580039295280135
642597,-4.2232142857142865,0.27785752866536323,0.6124121992274583
642612,-14.862499999999997,0.26720950497350804,0.6028836580046446
642620,-14.885714285714284,0.008088108891867108,0.18894474623285018
642633,-6.085714285714296,0.670321056855538,0.8652349530543552
642636,-9.646428571428569,0.04804881678034656,0.3117922527678764
642691,-11.102678571428573,0.1352632601502862,0.46289760647686073
642696,-0.13750000000000018,0.8584383964663588,0.9483234793437579
642757,1.8482142857142847,0.7111500433234407,0.8852982254485615
642776,-5.899107142857142,0.32917982607890434,0.6532000347759027
642826,23.62767857142859,0.6031626429577512,0.830971060417151
642846,7.330357142857146,0.1880812266319802,0.5271345635689726
642852,21.218749999999986,0.2788179645655852,0.6130855504775135
642864,-4.14017857142857,0.1283022603397445,0.45428943544608064
642924,-9.07946428571428,0.18215137665869582,0.5212837748659616
642938,-7.99107142857143,0.01161775710063315,0.2066643213509123
642946,-5.047321428571436,0.8161884246384591,0.9312081323377022
642968,-9.483928571428573,0.16869937679410618,0.5052002198152944
642976,-2.4919642857142854,0.6139162501406966,0.8363419805076794
642980,-1.5178571428571423,0.7172595098457547,0.8883288112358229
642987,-9.664285714285713,0.11416369721460663,0.43488470321247247
643008,1.4053571428571416,0.8741953899310169,0.9542417113857524
643037,-1.3803571428571426,0.18206378001490808,0.5211694854615235
643072,-13.534821428571426,0.12612127758201658,0.45179052165181766
643085,5.8187500000000005,0.16079079740628519,0.49427605810120506
643155,194.27499999999986,0.03669336896787494,0.28388424342982344
643160,2.4633928571428587,0.7042487740330964,0.8819250862033916
643201,5.913392857142857,0.1320850891377713,0.45878611578728457
643210,-5.05892857142857,0.3356743388014776,0.6580039295280135
643224,1.0276785714285719,0.8190673847046444,0.9325530360488344
643236,1.7339285714285708,0.7821099646723315,0.9171838431344986
643246,2.9589285714285714,0.4243977516312916,0.7224367841601815
643253,19.003571428571433,0.7499817634661767,0.9020271655230695
643314,-6.080357142857146,0.2255250181476683,0.5640292794713322
643332,6.245535714285715,0.41504182803001427,0.7171611133158786
643338,-2.3294642857142858,0.5337864762260253,0.7912831901791397
643355,-2.142857142857146,0.6402964394223484,0.8501897388237161
643365,-26.27321428571429,0.004378013578516098,0.16595406639301308
643376,5.021428571428572,0.6038621196191605,0.8312541395419912
643382,-1.7187499999999982,0.4698694421367456,0.7522896267321131
643401,1.132142857142858,0.6179965399436863,0.8385630443779638
643406,-3.6187499999999995,0.2618667624279372,0.5982538191921761
643529,7.403571428571439,0.5573279144228542,0.8053629854907206
643549,-8.328571428571422,0.40913860481246056,0.7125251807779938
643616,-0.33482142857142794,0.7479809586059389,0.9010846262957645
643623,-1.4392857142857132,0.7167724749556958,0.8881041823502953
643641,25.316964285714285,0.07432298301344556,0.36987182460273016
643650,-1.0419642857142848,0.4649627856713979,0.7493023466387003
643659,-9.060714285714287,1.3445062631393511e-05,0.030444753842458958
643677,-5.758928571428571,0.08683638267261606,0.39170587969769544
643699,-130.60982142857142,0.6129525804451954,0.8357193669943657
643711,-5.487499999999999,0.29071678511224325,0.6235999931739927
643714,-0.9937500000000021,0.8736105233308721,0.954036106092045
643733,-32.76964285714284,0.061166252490027086,0.34504604907386555
643749,-5.253571428571433,0.5790450669478739,0.8167440824950827
643763,-5.5598214285714285,0.26351960162488486,0.599761863311781
643783,0.9044642857142904,0.8558697836302781,0.9474348377435493
643827,-28.866964285714282,0.14837020356914052,0.47937499043032666
643836,-15.672321428571394,0.6808800680165512,0.8702659992359038
643837,-53.0125,0.0002799618214707569,0.08647973214075498
643847,4.004464285714292,0.8400873982163019,0.942036613568166
643853,379.6285714285714,0.000766791715204208,0.11789051123565568
643866,11.951785714285712,0.3047550401734098,0.6340365989909125
643911,-72.63214285714298,0.839050982757818,0.9414721300774458
643923,-17.32857142857143,0.025562554436995427,0.25238923537661384
643955,-0.1607142857142856,0.9591616173161412,0.9858972980098888
643977,54.71964285714286,0.006805265958940241,0.1820260990734322
643988,11.508035714285711,0.30945192635331276,0.6381023599233405
644090,-13.832142857142866,0.1560871644325226,0.48860225019121417
644096,6.455357142857153,0.5581825092037086,0.8057723746722842
644128,-1.5616071428571452,0.7108030658376933,0.885261907540792
644135,7.6517857142857135,0.02699957343907492,0.2564185648395729
644139,-6.719642857142855,0.355112473404728,0.6719423596955703
644150,-182.51160714285714,0.007675511678661941,0.1878321840087255
644165,-10.964285714285715,0.10267820692007823,0.41680384314761876
644172,-10.049107142857139,0.15339627253889218,0.48563643318262484
644186,0.6312500000000014,0.8976214711381001,0.9627459046831125
644192,-12.46696428571429,0.09096798550185592,0.39846659484780134
644242,-8.870535714285722,0.6424375663232337,0.851294780512416
644246,-71.87410714285716,0.08098827208173508,0.381496836053146
644353,7.819642857142853,0.41547306401129463,0.7173612396895906
644538,-0.11964285714285694,0.9875827532567347,0.9957968249172316
644596,16.770535714285714,0.6895847912082758,0.8744763645903392
644634,31.34910714285713,0.030842726937714584,0.2682242874693089
644656,18.38392857142857,0.18172675804240698,0.5208865266562832
644714,-26.74285714285714,0.010164330316444634,0.19882419542709448
644794,-6.674107142857142,0.24907503209242685,0.5867122217764611
644809,-4.590178571428572,0.011002850246089445,0.20309953990713722
644815,-1.0758928571428612,0.8592516865402842,0.9487570698688969
644844,-4.485714285714286,0.18490833901428877,0.5240497726916237
644852,0.2482142857142886,0.9547588326059196,0.9843477660571922
644890,-0.9285714285714235,0.8647053544522235,0.950643572193887
644903,-3.3919642857142875,0.5864641899977315,0.8213525724165954
644943,-11.048214285714284,0.12860886801845597,0.4548203346428591
644975,-9.460714285714289,0.31396137965919035,0.6413124994836346
644997,1.6026785714285712,0.598539212458926,0.8288200648665733
645027,-4.716964285714287,0.39369341722665885,0.7013633029330375
645158,-5.8723214285714285,0.1592982116891829,0.49215289595008704
645188,-6.491071428571426,0.08288370063718625,0.3842348933642664
645191,2.9339285714285808,0.7882623581285771,0.9199983868565076
645206,-1.6767857142857157,0.5813097429416495,0.8178819144816898
645212,-41.89107142857142,0.00536850983005592,0.17337464557490104
645249,0.2812499999999998,0.7403344503692781,0.8982886769920836
645261,-8.892857142857144,0.023284542250409702,0.24544870254481355
645321,-7.081249999999997,0.25305355152245473,0.5906135220642953
645323,-14.136607142857144,0.37265287623160415,0.6858122457155392
645355,-0.6491071428571455,0.8596355394173262,0.9488595751955329
645369,5.519642857142863,0.3509338489374388,0.6691062424134289
645431,14.125892857142855,0.08227697819993388,0.38309328021087385
645455,48.349999999999994,0.22787037221259748,0.5660780862703334
645485,-0.7294642857142852,0.823935798208319,0.9347479147250005
645513,-9.778571428571432,0.2097778377359006,0.5480768040431196
645524,-8.951785714285714,0.01012935019724242,0.19882419542709448
645566,-5.561607142857145,0.5343649484192746,0.79157938591736
645591,-3.96517857142857,0.3884846431524373,0.6972986971991373
645638,9.676785714285716,0.1332410702027746,0.46020897544190653
645644,-47.16874999999999,0.35745599444673914,0.6734169421947303
645676,-69.88839285714283,0.00861436988160893,0.1913818257931606
645682,-15.820535714285718,0.38526152368472133,0.695028259317772
645687,-99.90803571428592,0.628482733179068,0.8442776343786674
645700,-1.3482142857142865,0.26181021901357465,0.5982538191921761
645745,564.7348214285714,0.0383392113395653,0.2886703988968091
645784,447.02142857142854,0.1317588054648208,0.4586621078573565
645811,-3.8928571428571432,0.11764930828013814,0.43995385661711267
645832,-4.0598214285714285,0.4194384417853035,0.7192369897264435
645840,-13.59375,0.1264264842247503,0.45195916229294497
645961,2.534821428571428,0.4218093601551206,0.7208967195488478
645974,-15.158928571428575,0.0002152028635351175,0.08348620717944168
645984,13.762500000000001,0.043172401701787204,0.3003882747575993
646000,-18.26160714285714,0.024979920604775954,0.2504621285450221
646014,-0.4035714285714249,0.9867984133388252,0.9954413436249355
646019,-12.957142857142857,0.05045559755842586,0.31884392666304195
646023,-1.4151785714285712,0.6013007579577149,0.8300582962945454
646074,-4.381250000000001,0.4971607266368495,0.7686720393869042
646113,2.7267857142857137,0.43862034999809485,0.731753419268026
646168,-5.923214285714286,0.020183621993889494,0.23744580766467172
646214,11.835714285714275,0.29725609833721656,0.6282056254991053
646241,-1.6374999999999993,0.7205087863780448,0.8896325262577539
646268,-5.185714285714283,0.47379969495873225,0.754770133915569
646282,-4.891964285714284,0.45975917117059506,0.7460165132784518
646324,7.0741071428571445,0.5269520236465444,0.7872296389386332
646383,0.18392857142857277,0.9205928206147016,0.971893886097604
646450,0.4642857142857144,0.5419395954536791,0.7958355012201844
646482,4.639285714285716,0.3166397231086712,0.6436747791852543
646484,-10.13125,0.04633390481173353,0.3073393585631616
646522,-0.38839285714285765,0.8254998125144464,0.9353380072253117
646576,-70.44285714285714,0.002062237796859546,0.1427251285358173
646588,-4.912500000000001,0.5453462621336985,0.7979448947509825
646600,-6.625892857142857,0.029681178612207416,0.2636789899658488
646626,-2.4375,0.6101635589827603,0.8344345319505357
646627,-7.4955357142857135,0.30643589847790476,0.6357675691298692
646658,7.00089285714286,0.3482903393913277,0.6669739871185192
646702,-1.438392857142853,0.7878310547237949,0.9198091590224959
646736,-34.004464285714285,0.006002961895312631,0.17814450189071224
646743,-1.020535714285712,0.8430104776290154,0.9425877393068655
646762,-26.12142857142858,0.04847161449354283,0.3133718248119255
646778,3.6151785714285705,0.3264907285054568,0.6509218414905138
646802,2.283035714285715,0.6927481761830524,0.8765159338333887
646817,671.0267857142858,0.35322018521218557,0.6705664453637585
646903,-248.5107142857143,0.009166290078861253,0.19492717908956222
646915,-3.11785714285714,0.7222729060238159,0.8905218144255976
646962,12.500892857142862,0.3291437110416576,0.6532000347759027
646982,-12.059821428571432,0.08217697609728292,0.38305097012584793
647024,-11.171428571428578,0.5950069939913889,0.8268186701692468
647070,-17.991071428571416,0.5378369855249701,0.7934336296901877
647087,19.947321428571428,0.23233016868637424,0.5697775487388672
647107,-20.651785714285708,0.025551890058681477,0.2523572234390191
647115,-10.795535714285712,0.39885089402811447,0.7051404200668422
647190,-8.164285714285711,0.7735507993456154,0.9126667519954582
647219,-3.696428571428572,0.10760276596895454,0.42559329419212516
647288,3.0160714285714274,0.5011641416738868,0.7712767598170338
647309,-4.610714285714285,0.21873622062507236,0.5579687072543876
647310,-5.4785714285714295,0.33800128538108976,0.6595014590914148
647323,7.691964285714285,0.06177324696828958,0.3460858979394643
647476,0.4178571428571418,0.898538240097417,0.9631666000820925
647589,-41.72053571428573,0.17393398840210095,0.5119571752613392
647946,-7.103571428571428,0.11668951585735483,0.43930312466438587
647979,-310.93482142857147,0.30222951162160894,0.6317725981997186
648691,-7.919642857142859,0.02225586302645975,0.2426291168780445
648740,-128.81785714285715,0.0241985549474557,0.2478513825108395
648761,1.4901785714285687,0.7497577829662682,0.9019914688493147
648987,-17.5982142857143,0.09192896829314919,0.3998210285466803
649446,-2.0258928571428534,0.7593960150227332,0.9063716108486964
650655,0.01875000000000071,0.9979379957423831,0.9993820044914425
650669,3.864285714285714,0.3167234165175179,0.6437120733005972
650794,-20.200000000000003,0.15738062351899215,0.49021737542875266
651430,-5.098214285714288,0.2208095908397669,0.5593904355094178
651746,-39.45982142857143,2.9974393714121704e-05,0.043237327619218356
652276,3.568749999999998,0.6239249924973715,0.8421872143357712
652963,-11.607142857142854,0.14142806590403945,0.47066907839400673
652966,34.29642857142858,0.22370912706983526,0.5624451370315954
652968,-4.763392857142854,0.3156900631277913,0.6428222827619654
652972,-1.8714285714285719,0.21599804547228985,0.5551233024441782
652993,1.525892857142857,0.5875341369861208,0.822012973431736
652995,-7.466964285714283,0.22728823198703452,0.5656456404117427
653082,-87.07857142857144,0.016476025452597593,0.22435541714504426
653121,-11.123214285714255,0.788755044799564,0.9203180194715245
653140,-10.032142857142858,0.16420575117934022,0.4989296786225704
653160,-17.266964285714288,0.002173482047610372,0.1441860989157835
653188,5.516071428571429,0.5600115933833023,0.8070065066348292
653190,-18.612500000000004,0.04135415239606611,0.2967797357792969
653192,-6.688392857142858,0.06617471114947374,0.3551662411789686
653220,-0.9714285714285715,0.5375364855368125,0.7932899845261614
653238,19.848214285714306,0.5765893664264903,0.8155062112778632
653240,-10.21875,0.001400042988136822,0.12779190380030175
653275,-7.411607142857141,0.12177217786746168,0.4449257984638649
653308,-17.416071428571428,0.06386219579343888,0.3504843696720738
653319,18.245535714285715,0.018358610492146734,0.2315677438308333
653361,104.16071428571429,0.014447217773381284,0.21716162281049847
653390,14.482142857142856,0.07600286392533726,0.372638639592663
653423,-4.62232142857143,0.19551159431257217,0.5341789438922651
653437,-13.198214285714272,0.3995633443949793,0.7056162027783225
653464,111.98928571428573,0.001993431006952756,0.13973184654505375
653479,-1.3357142857142863,0.7433494211303681,0.8992130094318969
653483,-7.316964285714281,0.3177697757220675,0.644194415955335
653486,1.4428571428571424,0.4825168186983616,0.7599586996455964
653499,-6.029464285714287,0.2754649090604167,0.6102830429800307
653519,29.85982142857145,0.3594252292478439,0.6750798491626887
653562,-5.488392857142852,0.6372684625105163,0.8487857049394026
653581,4.769642857142856,0.10661692591976923,0.42403591591287393
653583,-14.21696428571429,0.020981814025100035,0.23934502020078122
653598,1.3678571428571455,0.7217814005006985,0.8902377821118693
653602,0.4678571428571452,0.9442568347149611,0.9810199400606907
653643,0.7616071428571427,0.8661432651228868,0.9510624883519572
653645,-5.775892857142857,0.362567700459039,0.6778039584309176
653659,42.11607142857143,0.10119139746666711,0.414650058645471
653677,-5.820535714285716,0.3848034108154589,0.6946998158331271
653687,-1.7544642857142811,0.7035905710340951,0.8815843448365833
653720,-2.6455357142857157,0.24073719993294004,0.5774967710746532
653784,108.54017857142858,0.03158885921958781,0.2701791074411704
653808,2.3133928571428575,0.31137919372955714,0.6393997377436917
653857,0.8017857142857139,0.8815960020169746,0.9567159185875529
654254,3.2285714285714286,0.08931524274020036,0.39589637601246835
654342,19.078571428571422,0.5322150315446578,0.7903861595421601
654364,270.8133928571428,0.012216620439937282,0.20849517196955838
654429,4.9589285714285705,0.13506153094103682,0.46268729349631504
654433,39.860714285714295,0.29298844631346915,0.6252494305099471
654466,-22.851785714285697,0.21249527081031763,0.5507017117269554
654483,63.2267857142857,0.04210974960657143,0.29806098084741345
654780,-6.958035714285721,0.642300513623463,0.8511750589549381
654790,-1.101785714285711,0.8397369950346716,0.9418939420149897
654817,65.10892857142859,0.029866623780251296,0.26455690681003813
654841,3.3651785714285705,0.3690792636979592,0.6830983630441054
664701,7.561607142857149,0.5577341080633706,0.8054227928043314
664709,-787.4125000000004,0.6775452446772807,0.86851425083278
677766,-8.213392857142859,0.1205530415641923,0.4429608117977468
677768,-13.958928571428572,0.22602416590129393,0.5644667825630679
677769,38.252678571428575,0.03635854581339621,0.28322640475940836
677778,-73.64910714285715,0.00781685709978413,0.18798333344091506
677779,-2.432142857142856,0.36044810665921656,0.6762537621046373
677795,6.5598214285714285,0.6336306906361324,0.8470782089821394
677811,11.595535714285717,0.53235513809375,0.7904383756954666
677812,-61.55267857142857,0.13503619320776844,0.46265846996081833
677819,-6.649999999999999,0.3796831930429118,0.691006028187405
677824,-24.892857142857146,0.023798600013654195,0.24704546340355862
677837,23.114285714285707,0.0019160545349396173,0.139342211571187
677844,0.6133928571428573,0.8547496012368919,0.9470375193558227
692073,176.39732142857144,0.031089723126660727,0.26886198072317047
692085,-193.02499999999998,0.027886154401366887,0.2581450985712789
692088,-1533.1535714285715,0.1422690174981074,0.4718966589538527
692091,16.6785714285715,0.7376539612345528,0.897026986288098
692099,9.28482142857143,0.06081114149575313,0.3443255767993402
692106,51.06160714285713,0.04734753835478448,0.3098012627264224
692159,1.987499999999998,0.5663726833938497,0.8105874282628821
692197,141.6526785714285,0.055677896518204616,0.3315026671167198
692204,8.907142857142858,0.1887794047805252,0.5277377352446343
692205,57.070535714285725,0.023776895248593163,0.24696081833526426
692215,1.9151785714285712,0.3842983781610683,0.6943685660964551
692227,22.43928571428571,0.1552080834503783,0.48764330673675765
692247,-3.4973214285714285,0.39573957084677513,0.7026844971436552
692312,30.300892857142856,0.035665460687694155,0.28171380979979377
693185,-3.9678571428571425,0.23127474865019212,0.5691581230226623
693197,-924.7883928571437,0.46493042337470347,0.7493020161536305
693207,-0.933035714285714,0.2591157900367567,0.5961102339585826
693216,-11.802678571428569,0.11241225880736651,0.4322993013872769
693221,36.17857142857156,0.8521140577707697,0.946041243920295
693222,-11.631249999999994,0.346573503463331,0.6655069527703086
723790,-4.995535714285737,0.8536624190850824,0.9466670751016982
723809,-0.9196428571428559,0.8319893507390175,0.9382952496023179
723961,-78.21071428571426,0.013315069549153676,0.2125008398386404
724087,-1.6249999999999991,0.6756827402248291,0.8678064718402271
724102,-534.3544642857144,0.006703233667125563,0.18122967135939963
727699,2.5517857142857174,0.7851704426369409,0.918664539935261
727701,2.4642857142857135,0.4997744745188908,0.7702438097395522
727800,6.036607142857143,0.0752768272277216,0.37172692636160387
727820,29.936607142857042,0.8653196038968362,0.9507334634780765
727832,-12.360714285714295,0.6369332825095286,0.8486907421150898
727837,-17.25535714285714,0.14219033581978188,0.47179706482317874
727866,101.71964285714284,0.2812587848318429,0.6152852422950831
727897,-0.6142857142857143,0.6560166716986553,0.8583797412543639
727905,-1.0633928571428584,0.8375709240636504,0.9410902470574962
727910,-16.083035714285714,0.5573808489078141,0.8053629854907206
727916,2.767857142857144,0.38233194435591583,0.6931723665371123
727936,104.70446428571432,0.053037981874241275,0.32416393490124623
727940,-1.13125,0.16564244986004073,0.5007494296168123
727944,-0.28303571428571406,0.9192906651399335,0.9715509552040412
727956,-261.3178571428573,0.06913878980150488,0.36055369653223573
727957,27.71517857142856,0.03390689160487529,0.2773577645865584
728012,-7.443750000000001,0.21131000999841143,0.5494281337579963
728013,120.56696428571428,0.2671573950696906,0.6028372774310835
728024,-4.081250000000001,0.5334738707370253,0.7911419319674999
728039,-0.15625000000000044,0.8435828511336287,0.9429563345015336
728040,-6.466071428571432,0.2284296029188481,0.5666691714876597
728061,10.521428571428572,0.6648989002808213,0.862332409157528
728066,23.272321428571445,0.6260861644527039,0.8431868751453973
728073,-21.074107142857144,0.061015999908326665,0.3447757125865813
728081,-0.4937499999999999,0.23867790124909638,0.5755048473305879
728084,-3.055357142857142,0.36674022030540165,0.68070480854119
728095,-3.716964285714285,0.3903429974426765,0.6987554746491647
728099,-24.286607142857143,0.056982557228334764,0.3355434912718582
728113,49.82142857142856,0.32323781576486726,0.6484596520871485
728114,-0.7687499999999998,0.7598656516097948,0.9065363525663998
728116,-11.718749999999996,0.07408106983898044,0.3692908910873683
728175,-14.320535714285713,0.006813390793749847,0.1820260990734322
728190,-7.075000000000003,0.5122656088230411,0.7785831561209686
728192,-11.560714285714287,0.02326469922443606,0.24544870254481355
728194,-9.763392857142861,0.25613558476241644,0.5932730549602986
728196,1.2098214285714288,0.4357925602293427,0.7299702285634421
728215,30.667857142857144,0.13214433832012965,0.45881702531612933
728224,-4.111607142857139,0.6434496539250212,0.8516966874084513
728233,81.22142857142853,0.07198259263745543,0.36528020098371045
728264,-36.52946428571429,0.025374456835359306,0.25187079132425383
728269,-7.411607142857145,0.21215640703413122,0.5502419977511088
728279,-0.4500000000000002,0.4189102099859361,0.7191633927085235
728283,1.6196428571428605,0.7753031472557738,0.913630182473208
728294,16.987499999999997,0.5393180876666446,0.7941136701351158
728323,-13.733928571428578,0.39673547126297953,0.7034476550558895
728340,-0.4321428571428605,0.9622193354614083,0.9870420669109287
728342,-0.37232142857142847,0.5268675931855173,0.7872175264299072
728343,-17.887500000000006,0.041320792724158034,0.29675743362581647
728353,-6.1821428571428605,0.2519977356275764,0.5893962220027406
728358,49.10000000000001,0.38291687807344765,0.6934051041190259
728361,-0.5098214285714286,0.7850831445582425,0.9185986545722792
728377,-7.82232142857143,0.031587902678020426,0.2701791074411704
728392,85.99107142857144,0.05994325756441247,0.34250157877879106
728411,-27.11071428571428,0.1695682513896951,0.5061324702126861
728431,4.960714285714282,0.43565163498303955,0.7298107155743299
728434,-8.759821428571428,0.3024417344681372,0.6318927674746991
728441,-9.98482142857143,0.31774119660499556,0.644194415955335
728445,-7.799107142857141,0.12632499383871032,0.4519354125569791
728448,-8.844642857142858,0.2639223814548687,0.6001136859575877
728450,-1.3214285714285712,0.3509534730357124,0.6691062424134289
728485,4.867857142857142,0.35740617809491254,0.6733927008973204
728489,5.75,0.5219429812556812,0.7843300858431453
728492,-95.68214285714288,0.15433047181600235,0.4865320629609156
728537,1.7241071428571466,0.7986292322942514,0.924460721861584
728554,-15.256250000000023,0.4922946582317712,0.7657542804306198
728558,-8.571428571428584,0.43966995930993497,0.7326492647365425
728568,-66.97142857142859,0.014558699753962451,0.21724806469647845
728577,-62.13482142857141,0.22955866080200624,0.5675899043144155
728591,-3.4928571428571433,0.11130937919651358,0.430988380902447
728606,-4.568749999999998,0.2673759779148563,0.6030401965491508
728609,-19.815178571428575,0.019932973970050536,0.23688994327778193
728613,7.920535714285734,0.9671472445966286,0.988460449043032
728621,-9.154464285714287,0.07037802091851442,0.362404876637167
728642,36.30892857142857,0.30126064307621025,0.6310143161996746
728643,-971.9705357142866,0.5687485111761459,0.8114555067270672
728656,-4.779464285714283,0.5608698227509412,0.8074566209355262
728658,-718.2312500000007,0.47129560590465286,0.7532766385885434
728661,54.07767857142859,0.09817830422395418,0.41022006881945206
728689,-270.84642857142853,0.04108973716836247,0.2962427635107919
728695,-4.826785714285714,0.20622881394548248,0.5437248709221152
728705,-21.175892857142863,0.0013646785964720543,0.12646407163069417
728712,-14.691964285714285,0.012471213993679143,0.20957631240569885
728716,-5.2062500000000025,0.14468624030136074,0.47477551983540967
728723,5.327678571428574,0.4724119162375025,0.7541633479610743
728730,-3.897321428571427,0.45178128937176504,0.7405751033279743
728743,-7.135714285714286,0.2552752589111871,0.5925858608656712
728747,-42.99910714285714,0.16376143620495726,0.49862911773000573
728769,-0.7776785714285737,0.9290817597042043,0.9746289185089125
728805,-10.047321428571427,0.02244754566421958,0.24278748579577553
728819,-10.89910714285714,0.11170645854208466,0.4315718655183042
728841,1.869642857142857,0.5687408962319525,0.8114555067270672
728855,122.83125000000001,0.1223457206523165,0.4458238829631331
728868,-3.84375,0.5221699955005563,0.7844356781673579
728882,-4.83660714285714,0.33325793821176797,0.6560209039995939
728903,-13.07946428571428,0.5698711264901363,0.8120780996620135
728927,28.009821428571414,0.30826962621787013,0.6371471832283455
728978,-1.0348214285714272,0.6538238750497252,0.8572043850667938
729013,27.441964285714278,0.11213818561338254,0.4320210158999586
729020,-0.5276785714285737,0.9483426052665824,0.9821311501865817
729059,-3.189285714285715,0.09043997589852423,0.3976477626112906
729082,-514.1669642857146,0.04145028037954942,0.29680164019333494
729083,0.1053571428571427,0.9728228119504174,0.990301382301044
729085,-8.169642857142858,0.09193824355683866,0.3998210285466803
729121,-5.241964285714286,0.008268379967045844,0.1898671460303366
729164,-7.1589285714285715,0.13410190731131208,0.4612806743660403
729173,-11.333928571428569,0.1500787337638913,0.48126420929857816
729177,-9.403571428571427,0.06347577363546425,0.3498526132579645
729178,-9.00714285714286,0.17758197003438864,0.5162452543559453
729218,63.77767857142858,0.2592334799342454,0.5961528227126308
729220,-4.384821428571424,0.6128342479784157,0.8357038045229206
729224,-7.219642857142857,0.0021570875437802554,0.1440033717413742
729230,120.3732142857143,0.07412065396669774,0.36937107338872344
729234,-8.032142857142851,0.3433546853527354,0.6631194807838569
729238,-1.341964285714286,0.5844837870216366,0.8199689799452949
729250,-7.325892857142856,0.17484643130553995,0.513135222503956
729258,-8.6375,0.24895964310252366,0.5866426102930863
729262,-4.824107142857143,0.2364834306165455,0.5734222765763409
729288,32.28660714285712,0.3467444190343394,0.665602317816966
729291,-13.249107142857149,0.052353259958362416,0.322899333785983
729296,-3.488392857142859,0.5458786875405643,0.7983514573824381
729299,-13.306249999999991,0.36250337056834797,0.6778039584309176
729307,-7.326785714285713,0.014626258404899638,0.21752154060372378
729324,0.28482142857142856,0.5664683002290183,0.8105874282628821
729355,-9.693749999999994,0.5681651650263273,0.8111715183277092
729359,-101.5642857142857,0.0030218936410426594,0.1515798484623921
729420,-1.4178571428571445,0.8201706761985956,0.9329819517208986
729438,-77.61339285714288,0.10170431929253095,0.4153173244692755
729440,7.473214285714285,0.053021492616323905,0.32416393490124623
729461,-6.18392857142857,0.16166019449474378,0.4952509221004903
729506,-16.28125,0.10636252132224798,0.4236755685045831
729515,-25.59285714285714,0.008319211127608908,0.1902441948888578
729522,-6.313392857142859,0.047642279947875836,0.31043613512980534
729533,-4.498214285714283,0.8722658292107651,0.9534605068787513
729540,-451.8750000000002,0.06225190757902333,0.34706342582054456
729582,-469.7633928571428,0.00860506601377628,0.1913559683331619
729614,-81.68303571428575,0.004059241937512261,0.16441032844974152
729652,-0.38124999999999964,0.9310937706073531,0.9754647027660962
729658,2.7392857142857157,0.5666740697694085,0.8106251737171295
729678,-3.1812500000000057,0.5499113583823795,0.8009591219446054
729680,-353.83482142857133,0.002324360747568548,0.14573901820333757
729683,-31.177678571428572,0.03673965095632232,0.2840214778434076
729689,-0.8607142857142858,0.8108459066814899,0.9291987161830702
729723,2.001785714285713,0.638953540154736,0.8495994280696076
729732,-73.80446428571429,0.33976399851828937,0.6608301596879325
729759,-15.63035714285714,0.03778726996118826,0.287266266007782
729799,1.9223214285714292,0.8361516995829472,0.9404771482143106
729815,-5.746428571428574,0.48983392141050736,0.764050369314813
729830,-8.128571428571426,0.4600312399280992,0.7462152080754028
729852,28.598214285714306,0.4680278848181582,0.7511719779966184
729857,-20.50625000000001,0.624717262367228,0.8426430834718939
729866,-2.128571428571428,0.6015184213372867,0.8300685026535569
729870,-4.40267857142857,0.40841318224206374,0.7119714684179717
729887,-3.4830357142857125,0.4154883606553171,0.7173612396895906
729956,0.6866071428571425,0.8157282132147434,0.9310925624501423
729966,-1224.80625,0.178340561791803,0.517300327910017
729967,2.392857142857153,0.7727704900689244,0.9122185492263842
729970,-19.540178571428555,0.16128916686212122,0.4948644892360537
729975,-8.4375,0.14505986317107888,0.47543148416729036
729991,21.540178571428577,0.017611512031065653,0.2292641476901225
729993,-6.534821428571427,0.09633855817172268,0.4069458771866017
730029,769.1812499999992,0.14292027410580724,0.47264053630526887
730051,16.39464285714286,0.07901214051991659,0.3782566691138076
730091,3.7767857142857153,0.5849583443738143,0.820301033885001
730092,-6.512500000000003,0.5717729160591979,0.813301529359921
730094,-9.726785714285711,0.11347242474401031,0.43392464309333645
730098,-28.028571428571425,0.009582058859963959,0.19669047889675625
730101,25.809821428571425,0.3563283481032652,0.6728250301397063
730102,-13.575892857142861,0.08158408581728971,0.3826065321313655
730112,-26.696428571428577,0.0022304089174048653,0.14441564549074604
730202,-15.39732142857143,0.012864717196719977,0.21116205700008894
730227,4.425000000000001,0.5543442556882885,0.8035625478486975
730249,-11.437500000000004,0.21031546058456094,0.5485377955188127
730268,-107.30089285714283,0.012719453920929488,0.2104514998795099
730394,124.3955357142857,0.0599835697479149,0.34255482568922024
730755,-13.591071428571432,0.19244082038996652,0.5312112816085939
730961,-10.677678571428572,0.05483469716523909,0.3288655517996581
731157,-8.313392857142858,0.26165275931738385,0.5981462815435866
731223,0.023214285714286298,0.9951964883657364,0.998437883225545
731424,-13.364285714285714,0.024255028651038728,0.2478513825108395
731656,5.275892857142859,0.3564157539631699,0.6728250301397063
731779,-0.5437500000000002,0.3807711107351813,0.6922017714937504
731789,-7.333928571428574,0.26686132340406993,0.6026700891002694
732253,-8.616964285714282,0.19192115097135573,0.5307117159348059
732275,-5.225,0.18820358730591558,0.5272840628686314
732360,16.657142857142844,0.6167569365001385,0.8380432800622564
735301,-0.45178571428571423,0.8925043215677494,0.9607354264789081
751071,-3.763392857142861,0.5681644127061919,0.8111715183277092
751816,9.045535714285712,0.4555435097938147,0.7433546647757661
752014,-5.466964285714287,0.3008276836803135,0.6307647475962582
767557,-201.1383928571429,0.035436025753941156,0.2814601973565116
767558,195.77053571428542,0.14647906619967038,0.4766073057251301
767579,-2.0892857142857153,0.9282991592552031,0.9743146234414408
767811,16.11160714285714,0.03157237051613257,0.2701791074411704
768096,-1.755357142857143,0.7331213502956241,0.8948388138459
768206,-15.046428571428567,0.13313783888146496,0.4601760091745418
768211,-1202.4732142857142,0.251835135414137,0.5892312536206142
768239,-10.52142857142858,0.5175146251753135,0.7818520908227318
780529,-6.408035714285717,0.07166205370264127,0.3647819370814553
780776,-2.474107142857145,0.560258294591583,0.807191816827711
780854,0.9875000000000007,0.8548022618911651,0.9470375193558227
790955,-7.24910714285717,0.5749390723853162,0.8148135149478591
791115,-4.224999999999998,0.4482228387732124,0.7383725131041093
100008586,-1.0919642857142868,0.812270326972491,0.9297592456395961
100009676,-3.162499999999998,0.3663041023608819,0.6803754966732817
100033432,-13.558035714285715,0.13337994174726892,0.4603009729869297
100033819,-235.1080357142857,0.11662090099205688,0.43922068652611523
100037417,6.500892857142851,0.48782365430024704,0.7631186031548741
100038246,-7.477678571428573,0.37617294156979325,0.6886972803485283
100048912,-0.5526785714285718,0.8284326829193235,0.9368832362266581
100049076,-38.74375000000002,0.3620313134924077,0.6773916726052288
100049716,-20.724107142857164,0.10660103602422537,0.42403591591287393
100093630,-24.021428571428487,0.5690470908738975,0.811578714276516
100093631,322.3160714285714,0.1068735126905988,0.4243502217687326
100093698,0.26517857142857126,0.8788247258109512,0.9555936492082701
100101116,-12.511607142857144,0.06739286100997251,0.357218097500751
100101117,-9.118750000000002,0.04942355079045037,0.3160136404476522
100101118,-10.652678571428568,0.026278061845606764,0.2545821983062169
100101120,3.1196428571428574,0.2534926604947591,0.5907643516022518
100101148,-15.155357142857145,0.1169513859826731,0.4393717768924604
100101266,-9.49821428571428,0.3086441893157405,0.6373983399749995
100101267,113.5428571428572,0.008644197442686385,0.1914997954533542
100101467,-37.909821428571405,0.01635407049294405,0.2241849746414504
100101938,-15.288392857142856,0.04650486071349084,0.30764872391166065
100113381,39.72232142857138,0.5121015178298549,0.7785561579993867
100113403,-15.89375,0.11867645042523595,0.44094903946475433
100113407,-92.48482142857144,0.002921082287811048,0.1515798484623921
100124412,-1.314285714285715,0.7724966791894454,0.9120813335219549
100124700,-7.371428571428572,0.05665757869871994,0.3345819913648862
100125288,-12.76607142857143,0.3089299345053297,0.6377123633135684
100126332,6.349107142857164,0.629345556076273,0.8445492054701477
100126784,-3.05892857142857,0.5800656946287159,0.8172009890577231
100126791,-3.0821428571428573,0.3510935301616145,0.6692246116854788
100126793,-4.87857142857143,0.30129902854613644,0.6310143161996746
100127886,2.0044642857142856,0.26065775069516806,0.5971680916419618
100127888,-3.8928571428571423,0.4794492941335806,0.7581479558995987
100127938,-7.922321428571429,0.20690428745277742,0.5446553642985366
100127940,1.2321428571428559,0.68480585852552,0.8723359393299632
100127950,-1.4035714285714285,0.485875836607733,0.7619336916930409
100127955,-1.24642857142857,0.8064503741540079,0.927329421092944
100127972,10.46875,0.13005757828585274,0.45670507981881814
100127974,-4.27857142857143,0.11480810303827325,0.4363059034974345
100127983,-25.177678571428572,0.38526239515580646,0.695028259317772
100128025,-0.9616071428571429,0.2723084551580528,0.6072364020148838
100128046,-11.345535714285713,0.035867732891805344,0.282452584741388
100128071,-3.424107142857144,0.47977736907615154,0.7583525363365938
100128079,-18.533035714285717,0.033621459562772314,0.2764179898935509
100128081,-4.564285714285713,0.06966566446395424,0.36154515958984057
100128098,-4.845535714285717,0.29017449595782885,0.6231946958321272
100128108,-3.818749999999998,0.6268043597664277,0.8434935909996849
100128124,0.44732142857142954,0.9465308822709624,0.981724859214935
100128126,0.2107142857142854,0.9715488029016117,0.9900367316257059
100128139,-3.1446428571428564,0.20153795316315762,0.5394242645877962
100128164,-2.2633928571428568,0.29988706388850433,0.6301431674905448
100128175,-13.94553571428571,0.04881497820636529,0.31449734467196166
100128176,1.0741071428571431,0.6611891747733993,0.8607061291572965
100128185,-15.852678571428573,0.010379951784495686,0.19919918727710903
100128191,2.953571428571428,0.49918157212569403,0.7698725693484618
100128198,-4.862499999999997,0.1324222992781088,0.45918535908902497
100128236,-5.635714285714286,0.02420096088051199,0.2478513825108395
100128239,0.15446428571428505,0.9552393258416152,0.9844822782526135
100128252,-53.734821428571394,0.07049328933392983,0.36261712245954053
100128262,-2.2750000000000004,0.5566684111495873,0.8049894305483796
100128281,-3.017857142857144,0.3900147282253978,0.6983358524684492
100128285,0.34107142857142847,0.9254518536723843,0.9735931538367124
100128288,-12.861607142857142,0.10499604565129333,0.4208694131953419
100128292,-2.790178571428573,0.665919345441541,0.8629598779838414
100128298,-2.4696428571428566,0.5525917220785634,0.802362299950749
100128325,-5.541964285714286,0.5090965122601311,0.7764254339699489
100128327,-10.815178571428568,0.29752607728730185,0.6284203005334461
100128329,-8.648214285714289,0.051976920556060104,0.32198117107749136
100128343,9.93035714285714,0.22995497379367366,0.5678509639207401
100128361,-6.533928571428575,0.47720121939420423,0.7569746055064127
100128385,19.403571428571425,0.06364434863344956,0.35018070559545844
100128420,-4.896428571428574,0.22913490072861442,0.5673112807161389
100128496,-3.101785714285713,0.4490744926705156,0.7388436735607495
100128511,-1.0964285714285715,0.6945372370881369,0.8773373758963471
100128554,-4.053571428571429,0.36647042068746927,0.6804850059676746
100128590,-3.7107142857142836,0.3815820627383534,0.6926014207451343
100128594,-1.6053571428571427,0.7440076034873443,0.8993724457366914
100128640,-9.590178571428567,0.4326168621252944,0.7278380631240717
100128644,-1.0785714285714256,0.8609073048693874,0.9491541903097345
100128653,-14.816071428571426,0.07006492854870261,0.3620326064987332
100128727,22.614285714285717,0.49199448937157747,0.7654557192621659
100128731,74.31517857142853,0.4930594801538031,0.7660438965828728
100128750,-1.9678571428571416,0.8130974310750212,0.9300439758164599
100128751,5.630357142857144,0.33790904679228756,0.6595014590914148
100128782,-11.517857142857139,0.25026344634565195,0.5877707261711625
100128788,-3.6348214285714295,0.47198302342115567,0.7538464537728349
100128822,-69.02232142857142,0.07689959629606308,0.3744172024017035
100128830,-16.53392857142857,0.0014161171121216123,0.12797719521528786
100128840,-3.1741071428571423,0.5771741750586152,0.8159563817541112
100128843,2.494642857142857,0.6179015814273747,0.8385630443779638
100128881,-16.099999999999994,0.07753457556922955,0.3755495144620504
100128893,-21.749999999999996,0.13364059429634675,0.46078177979116736
100128922,-3.4482142857142843,0.20114158679972563,0.5390361855835212
100128927,1.1419642857142875,0.8182737659455016,0.9322871216480607
100128946,1.2321428571428577,0.6897723099848767,0.8746127330339316
100128961,-6.491964285714289,0.6366055645011086,0.8485435831955462
100128977,-9.564285714285717,0.3566557843655032,0.6729968226895935
100128988,5.683035714285715,0.3197082472196065,0.645814036313926
100128993,-1.0071428571428571,0.4933904327576307,0.7662500377611471
100128998,-1.9098214285714263,0.8157321439547339,0.9310925624501423
100129034,89.47410714285714,0.0094777384854262,0.1962861080683594
100129069,-0.2401785714285709,0.6951444850671431,0.8776185078866245
100129098,8.21517857142857,0.29271372984784555,0.6250389837700041
100129112,2.1526785714285714,0.5306462828006112,0.7893585577723746
100129128,0.2339285714285717,0.8434886594939408,0.9429102935561483
100129129,-19.233928571428557,0.3268560889880951,0.6511291418725216
100129175,0.26696428571428577,0.947721675023517,0.9819428410567631
100129195,-2.1553571428571416,0.7919420395744389,0.9215841511381668
100129196,3.6499999999999986,0.563546131445654,0.8088594948360889
100129198,-12.816071428571428,0.0005014496202591896,0.10345946410441957
100129250,1.3330357142857139,0.8381809736279913,0.941226607364051
100129271,-2.864285714285714,0.6153859724059332,0.8371102535744261
100129347,-0.18125000000000036,0.7613486887040944,0.9072190039069727
100129361,-577.8187500000001,0.04674577107659561,0.3080420674476154
100129380,-37.076785714285705,0.05111476417977868,0.3198970855656597
100129387,-8.800892857142852,0.5578074106093571,0.8054793462733045
100129405,16.628571428571433,0.06758400920397863,0.3575129270817463
100129406,-1.4330357142857153,0.8244576192734397,0.93483590798075
100129427,-5.078571428571427,0.3389037142404965,0.6600985197631525
100129447,-13.339285714285722,0.11650242976073559,0.4390756888376376
100129449,-0.909821428571429,0.7018586248015009,0.8805038848841736
100129455,-11.371428571428574,0.10767860801896477,0.42560100926650973
100129460,-0.998214285714285,0.7113361816967415,0.8852982254485615
100129461,0.6410714285714292,0.9278542738864219,0.9741431109309684
100129476,-7.86428571428571,0.13917794383917786,0.4680146511716131
100129482,-9.460714285714275,0.4970007541386622,0.7685663051813235
100129503,-15.981250000000003,0.01029174620583781,0.19918627391298488
100129516,-1.100892857142858,0.3466357018928733,0.6655069527703086
100129518,768.0875000000002,0.07294312863605225,0.36733587161979886
100129528,-9.52767857142857,0.272534585229954,0.607304713378209
100129550,-143.58303571428564,0.1382795395556731,0.46696856243059065
100129583,-9.454464285714288,0.1264234105157791,0.45195916229294497
100129597,-6.3062499999999995,0.04613346690534186,0.306951738867754
100129603,1.1624999999999996,0.7264952129410653,0.8921295993123074
100129617,4.823214285714286,0.5774799792332669,0.8159858478530065
100129620,-4.194642857142857,0.05001899707245335,0.31770303029989316
100129654,-2.8937500000000007,0.2146143194231617,0.553675171729409
100129662,4.205357142857139,0.5624694912433045,0.8081463175003978
100129716,0.28392857142857153,0.956960745704432,0.9851252338532617
100129722,-16.2125,0.01781954080983538,0.22991555957666704
100129726,-13.251785714285717,0.26578835641468346,0.6015313006700457
100129792,-599.8830357142858,0.3357034535883881,0.6580039295280135
100129794,-10.74642857142857,0.10666090405526261,0.4240607547607667
100129827,-1.1026785714285694,0.8538426965429973,0.9466888562357194
100129845,-2.591071428571425,0.7983076036385119,0.9243341369567927
100129858,-5.313392857142857,0.25460072543825824,0.591648022073137
100129884,-13.218749999999998,0.020482507989349315,0.238009362137482
100129917,-0.03839285714285712,0.988854613721195,0.9961038736289789
100129924,24.419642857142833,0.19919791928892622,0.5373832455282993
100129935,5.233928571428569,0.18843014306771427,0.527571593211147
100129960,18.77589285714286,0.017248779532363857,0.22786993791732738
100129961,0.9223214285714283,0.71371649445963,0.8864104975712757
100129969,-1.7428571428571438,0.6558591173010648,0.8583265470063364
100129973,2.5312499999999996,0.3897664411947666,0.6982006478056441
100130078,-29.532142857142865,0.03257314732584798,0.27365347726501815
100130111,-10.148214285714285,0.0623082291526846,0.34726834137849444
100130155,-7.921428571428573,0.02393125062375444,0.24738913364601514
100130175,-11.169642857142861,0.43367585990607965,0.7287913828297189
100130207,-8.808035714285715,0.14600386237697913,0.4763545011537784
100130219,-0.6366071428571445,0.8912201277257946,0.9601795566108473
100130232,-4.156250000000007,0.661316793724328,0.8607633143441853
100130249,-6.893749999999999,0.21700459308887982,0.5560374040272988
100130264,-9.958928571428572,0.17899533562927622,0.5179175473926058
100130275,-9.422321428571433,0.3741805483582471,0.6870208235294458
100130278,-2.5151785714285744,0.5627152515941469,0.8083459809492651
100130285,-1.7732142857142783,0.8682181779248015,0.9519667014137633
100130322,-3.6589285714285715,0.3523590858356571,0.669986165753214
100130331,0.4464285714285747,0.8894620566202652,0.9595755656629589
100130348,-1.0901785714285719,0.6433051591996118,0.8516520062874228
100130357,2.2839285714285715,0.5136331198603142,0.779567261858263
100130370,-11.643749999999999,0.09398075463286876,0.40347778183597977
100130417,4.1562499999999964,0.45097508223939275,0.7399910715900261
100130418,1.7616071428571427,0.729289161852362,0.8934959997339971
100130428,-3.192857142857143,0.7572862236784621,0.9054545197607574
100130429,-21.29017857142857,0.40542293501695525,0.7097367754883462
100130449,-6.008035714285713,0.20383927573910177,0.54126112054018
100130452,-8.239285714285717,0.3922998320626267,0.7002609636965105
100130456,-15.597321428571426,0.21169479686437484,0.5496822000308466
100130458,-1.15982142857143,0.7477824633720257,0.9010271109147017
100130460,-7.169642857142858,0.2047850715900587,0.5420978919474895
100130468,-1.0651785714285733,0.8317241698143992,0.9382952496023179
100130476,-0.3044642857142863,0.8870308764071109,0.958764934833223
100130502,-23.40714285714285,0.14045611798878252,0.4698174874825738
100130519,-10.791071428571424,0.011338851790852032,0.20553197646077173
100130522,-9.752678571428568,0.32957604461322043,0.6533707349477751
100130548,2.6482142857142836,0.42202101136101083,0.7210139882796925
100130557,-3.044642857142861,0.5908334779076586,0.8242148338506636
100130581,-4.719642857142855,0.2459039983264394,0.5834207135114653
100130609,-2.541964285714286,0.1563374302955707,0.48872206983478156
100130613,1.74642857142857,0.6955942859456795,0.8777810045486655
100130642,-0.8258928571428577,0.7099973605594638,0.8849180353446752
100130654,-2.0,0.4760153843474509,0.7560374791125866
100130691,-5.84553571428571,0.4048866283340768,0.709420830415319
100130700,3.4901785714285705,0.5527609685584947,0.802469966609902
100130705,2.5366071428571466,0.580290000973595,0.8173102732462566
100130717,-3.5383928571428562,0.46026152020773026,0.7463319884542596
100130733,-11.375892857142858,0.5432180722067855,0.7968140821458924
100130741,-4.891071428571427,0.13046262347902327,0.4572991410127002
100130742,-28.85089285714284,0.22403735796073643,0.5626445678847414
100130744,-3.1169642857142863,0.13587984728867775,0.46398373765049633
100130771,3.6062499999999993,0.3005745191828237,0.630604424572318
100130776,5.016071428571429,0.12263498751048732,0.4461515379340851
100130778,6.75446428571429,0.23779968666839235,0.5747894166715192
100130815,-4.638392857142857,0.07151245988134902,0.3646288403610195
100130855,-2.6758928571428555,0.36142176978867724,0.6768765932450479
100130856,0.22321428571428648,0.9504074310729128,0.9829400704872648
100130872,17.331249999999983,0.553964244312555,0.8033358809518014
100130889,0.8267857142857142,0.8164595900843741,0.9312825621113806
100130894,-0.7285714285714278,0.838751971750117,0.9414458983336211
100130933,1.6767857142857148,0.5998971942052223,0.8293981462896507
100130934,-4.00625,0.022854382401657904,0.24448806006671736
100130938,-3.960714285714282,0.4721249086912334,0.753980754328577
100130950,-11.951785714285718,0.019603596571743733,0.2363066358162577
100130958,26.789285714285725,0.08203153253715252,0.3829046940911297
100130964,-1.182142857142857,0.5833391345136013,0.8192249866313355
100130967,-1.5133928571428577,0.7466031439451141,0.9004719841207075
100130987,-9.391071428571436,0.27130046867986823,0.6064677006374907
100130992,1.5526785714285705,0.6271873212369798,0.8436016664579649
100131017,-1.0642857142857145,0.12940043857248015,0.4559038292536294
100131043,9.424107142857135,0.5355478224385961,0.7920238520761307
100131053,1.8312499999999998,0.473706181869786,0.7547335576905426
100131067,17.341964285714283,0.40971817506316754,0.7129994428974382
100131077,-2.404464285714287,0.5577081861490268,0.8054227928043314
100131096,-73.08303571428576,0.12101186463267818,0.4436317352012659
100131117,-5.6999999999999975,0.24137530764821374,0.5781143747006345
100131138,-406.73571428571427,0.05884758953561859,0.3402190609484576
100131170,-6.145535714285712,0.06959231315288453,0.36145753621495036
100131176,2.3241071428571423,0.35192582519231774,0.6698302754434997
100131180,-2.4446428571428562,0.3152589014609282,0.6423524824662707
100131187,12.540178571428584,0.7669225797099039,0.9095965649068091
100131205,-482.11517857142917,0.26519032333572123,0.6011433693604734
100131211,3.023214285714289,0.6132313304593988,0.8358284637001453
100131213,6.972321428571433,0.5148665969893699,0.7801612982454595
100131227,0.8446428571428601,0.871272663331813,0.9531560460135835
100131262,19.883035714285697,0.2538298221666126,0.5909681114454501
100131270,-4.418749999999999,0.5313625802929004,0.789843641776578
100131275,-0.555357142857142,0.8200661976975523,0.9329486906384729
100131303,-11.731250000000003,0.10205150293339765,0.41601907360841567
100131347,-0.8348214285714284,0.5326974036997888,0.7906086090090922
100131366,-4.295535714285716,0.5493060123393926,0.8005289190970541
100131434,2.508928571428573,0.661917929234922,0.8609818233584542
100131454,-5.639285714285709,0.3108383000912015,0.6392385817392869
100131496,-0.40000000000000124,0.9254179109796411,0.9735931538367124
100131508,-1.6750000000000007,0.38792586245324245,0.6970503000404572
100131510,-4.15446428571429,0.5726979271776396,0.813580148321185
100131532,3.2678571428571423,0.17202624216076565,0.5091228099025583
100131541,-8.944642857142867,0.6979020574879763,0.8785730125786335
100131551,-2.861607142857144,0.6327301694254944,0.8464426170064003
100131561,-10.888392857142858,0.12016901189925941,0.44252985287209595
100131564,134.44375000000002,0.1554110568628623,0.4878260350308891
100131581,-14.53303571428571,0.09490022230124769,0.40482715567767164
100131655,-12.084821428571427,0.001927518845279876,0.139342211571187
100131662,1.8098214285714285,0.4836959368950579,0.7606003839441269
100131691,-10.359821428571431,0.06393867636908018,0.35070697536912715
100131733,0.8669642857142854,0.8924686582679243,0.9607159514638177
100131755,-31.367857142857147,0.016462722283711984,0.22432926967103126
100131756,-2.2589285714285694,0.532568120651323,0.7905240266224435
100131763,-3.7785714285714276,0.17840477929493623,0.5173850152457177
100131766,-2.7383928571428537,0.4690227893028722,0.7516766626779025
100131801,-3.5330357142857167,0.8802514484894078,0.9562057527250729
100131814,-0.8071428571428534,0.8771900378964482,0.9553401705358469
100131816,0.6776785714285722,0.8260215632723068,0.9355109986724951
100131825,-2.6348214285714286,0.23140183125848948,0.5691977127229809
100131827,5.260714285714286,0.12723090985021676,0.4527952084251149
100131860,2.4017857142857144,0.42118172259331665,0.7205113171281781
100131864,-10.33482142857143,0.17356856711609459,0.5113622915762728
100131980,-0.1517857142857144,0.9458613378621421,0.9815135729965005
100131998,0.9785714285714313,0.8862366708004162,0.9583554540086054
100132005,0.3982142857142872,0.951232485482698,0.9832652134463921
100132057,-6.625892857142858,0.35562567796118627,0.6724014919434195
100132074,-52.50446428571429,0.0002443605675156964,0.08348620717944168
100132077,-6.599107142857143,0.09362037199763786,0.4030784974384479
100132078,1.2616071428571445,0.7511595817382964,0.9024746017289313
100132101,43.30178571428573,0.46210904804672037,0.7476065925662563
100132116,-6.159821428571426,0.4048921264400554,0.709420830415319
100132154,0.3241071428571445,0.9461191041249051,0.9816171111928508
100132167,3.1973214285714313,0.6377491115382966,0.8489756623593491
100132169,0.09196428571428683,0.9907470443013005,0.9969407057054979
100132207,0.9437499999999996,0.7941472559294878,0.9227303897047081
100132234,0.6642857142857141,0.5978914445009762,0.8285526113471606
100132285,6.935714285714287,0.2999077803513631,0.6301624799473802
100132288,-172.4375,0.03844183516739469,0.28906537120867287
100132304,1.713392857142857,0.6023785432147838,0.8305015388485044
100132319,-3.40982142857143,0.4130578650023222,0.7157255899453954
100132341,9.148214285714282,0.22470337644696303,0.5634351670479253
100132352,-14.446428571428584,0.2712239449298406,0.6064076637067196
100132354,-9.983928571428573,0.0953678156632181,0.40571392167650555
100132356,-8.787500000000001,0.3339207044370574,0.6565654157261162
100132386,-11.565178571428575,0.09692968764189602,0.4081127053807518
100132399,-10.319642857142858,0.09394088533630499,0.40347778183597977
100132406,277.03392857142876,0.36861722707304484,0.682556394089899
100132417,142.77767857142857,0.017305557112721557,0.2281054327719506
100132464,-5.218750000000002,0.29649526572905616,0.6275016897784371
100132476,-0.4062500000000018,0.9087789407534753,0.9669441455271096
100132596,0.09017857142857189,0.9769618062766471,0.9922239989258773
100132618,-0.8366071428571427,0.21115848112676938,0.5493476377810295
100132661,1.324107142857141,0.7865914400842033,0.9191786462596535
100132677,7.65892857142857,0.0756577374374542,0.3724243073423383
100132686,-4.001785714285717,0.5242244324631951,0.7856253829160209
100132707,-6.603571428571428,0.5196331083987471,0.7828214862838977
100132708,0.14196428571428488,0.9575234100004753,0.9853678231089024
100132731,3.0705357142857146,0.5186467827406486,0.7824853576040937
100132735,-9.147321428571427,0.16131827506716456,0.49491178589528634
100132815,-16.896428571428572,0.08470830634418548,0.3878651373991626
100132832,-26.385714285714272,0.1316610276557051,0.45864571300375284
100132891,60.749107142857156,0.012603734193713982,0.21035078359014409
100132911,3.7053571428571432,0.3734310207658702,0.6864415442819493
100132923,-2.470535714285713,0.59405684856602,0.8262403673649557
100132967,-4.036607142857143,0.6408172962050429,0.8503978503136135
100132979,-14.800000000000011,0.49379896196904166,0.7663985982116442
100132987,-7.720535714285713,0.24420011393513774,0.5815784737188577
100133039,-9.041071428571424,0.2524296707582491,0.5898016720631662
100133053,-1.8107142857142833,0.8050213166442204,0.9268328595726499
100133089,-52.10892857142852,0.6343430276607875,0.8476454344278432
100133121,-12.941071428571426,0.026555455842714903,0.2551598488582755
100133131,0.7107142857142872,0.8427101627150695,0.942468952632531
100133190,-15.221428571428568,0.18720074756180946,0.5262314073491996
100133205,-0.7589285714285721,0.7254684237016351,0.891875763862916
100133251,-2.788392857142857,0.013140755654927673,0.21137711545547824
100133308,-12.440178571428572,0.051946724793902145,0.3219071946170917
100133311,-0.6258928571428584,0.8470031402832722,0.9441600266501515
100133315,-23.356250000000003,0.01943135091057447,0.2355930393758712
100133319,-5.435714285714285,0.19589762334818253,0.5345611318717302
100133461,-11.075892857142858,0.3094432114770745,0.6381023599233405
100133612,-8.51517857142857,0.5880571721550929,0.8223865839876127
100133669,-15.983928571428574,0.025815398888217808,0.25310683777217
100133790,-9.110714285714284,0.14943979780502745,0.48037044770356135
100133920,-4.823214285714284,0.37569063013804554,0.6881368577151639
100133941,45.49285714285715,0.2296154166733661,0.5676106293810389
100133985,-0.29107142857142865,0.9275758645571683,0.9741117490838392
100133991,0.4107142857142847,0.9150240488452026,0.9698534722121736
100134040,-4.333928571428572,0.43085468097843355,0.7266123069259115
100134229,1.6401785714285708,0.8353756417560184,0.9400103565212354
100134259,-27.468750000000014,0.020893355265708638,0.23901065822335496
100134317,1.2982142857142875,0.83193914386484,0.9382952496023179
100134368,-13.190178571428572,0.24128106910676794,0.5779920019919288
100134445,-49.3651785714286,0.3433938502850785,0.6631194807838569
100134713,3.6446428571428626,0.7202165103351789,0.8894926067896071
100134822,-18.69642857142857,0.5470983447660398,0.7990544143203746
100134937,-7.0401785714285765,0.5035719378801568,0.7733002328038987
100134938,-10.950892857142854,0.3686226965698936,0.682556394089899
100137047,8.345535714285713,0.42954695001032644,0.7255741780420127
100137049,6.648214285714285,0.4385377741014042,0.7317518797339265
100141515,-12.008035714285711,0.3222702424591985,0.6475844575859707
100142659,-42.087500000000006,0.03358135575593214,0.27636596801587043
100144596,-7.889285714285716,0.08884453219942673,0.39522586153276984
100144597,2.295535714285715,0.4299570452832175,0.7258591163776542
100144602,3.022321428571429,0.5289346746145605,0.7883750719603494
100144603,7.388392857142858,0.16834267843854187,0.5048895196723684
100144604,-8.155357142857142,0.2833138423552814,0.6168439125029871
100144748,-16.280357142857145,0.0005867844481158361,0.11115970921555224
100147773,-2.9205357142857125,0.5273246100337246,0.7874576352983321
100169750,-47.31517857142856,0.19024019002490036,0.529063193774742
100169752,-0.34999999999999964,0.9305623137861475,0.9751138756115667
100169890,4.456250000000011,0.7501667306946501,0.9021481416730972
100169989,9.591964285714285,0.2484477375509621,0.5858758284117562
100170229,-4.850892857142858,0.41219635911093633,0.7148877378077857
100170765,-7.510714285714288,0.06702868480934442,0.3566708848614021
100170841,-0.9071428571428601,0.8910831518990078,0.9601318670570965
100188893,94.58214285714257,0.6887190558337284,0.8742910233970073
100188953,-1.2928571428571445,0.7835845138389207,0.9181021635434323
100189589,-8.881250000000005,0.09985221339193512,0.41262388150704615
100190938,-8.624999999999993,0.08726440387905957,0.3920022982805892
100190939,14.467857142857156,0.28181813923709487,0.6155850991936973
100190986,33.48392857142855,0.4388556295931307,0.7319098173166566
100192378,-26.953571428571433,0.030603126910007623,0.2673353971005978
100192379,-3.7187499999999996,0.040253336526465726,0.294401010794535
100192386,-2.2089285714285714,0.4864423649254952,0.7624281283373435
100216545,-12.036607142857143,0.06138852824486314,0.3451104906612999
100216546,-10.641964285714288,0.08125159481892213,0.38205699947463817
100233156,9.531249999999986,0.5267789316778281,0.7871450694038057
100233209,-14.92142857142857,0.010974698241728024,0.20285382906236638
100240728,6.090178571428572,0.09042899497532159,0.3976477626112906
100240734,-13.622321428571425,0.09900683371990203,0.4111146888912329
100268168,-0.3785714285714272,0.9249811749965869,0.9735003992865908
100270679,-1.59732142857143,0.6816816939890993,0.8706557988210308
100270680,-1.4580357142857139,0.8125425855816133,0.9298233659560186
100270804,-12.95982142857143,0.16145557110668407,0.49504168630876805
100271715,1.8544642857142861,0.49553554024972857,0.7676226320268138
100271722,-16.34375,0.19542410731138934,0.5341789438922651
100271832,-1.9071428571428548,0.8122088681616411,0.9297334952052455
100271849,-1.2491071428571434,0.5206238147059227,0.783364258718285
100271927,-39.69196428571428,0.07886613122495442,0.3780140023428055
100272147,-59.695535714285654,0.1090427197838856,0.4276593057995638
100272216,-12.651785714285722,0.8616825314284866,0.9494563394433123
100272217,16.318749999999998,0.09832310487373688,0.4102961815872072
100272228,-14.308035714285715,0.002099912836544729,0.14315802286544024
100286844,-3.0767857142857142,0.5687922198035567,0.8114555067270672
100286922,-9.611607142857142,0.016443223217143962,0.22424767151414413
100286925,-12.100892857142867,0.46212821232668977,0.7476065925662563
100286938,-8.646428571428572,0.3315034411402697,0.6546502169934891
100286989,-3.9348214285714267,0.35553284705087296,0.6723422251143636
100287015,-1.4080357142857132,0.7296263543465831,0.8935851292229338
100287083,-2.8616071428571423,0.3322707526227435,0.655297719872091
100287098,4.065178571428575,0.5933885437653859,0.8258920813169175
100287114,-2.8857142857142826,0.36647244628656933,0.6804850059676746
100287171,18.49732142857144,0.19326145104613954,0.5320947482403963
100287177,-6.539285714285715,0.2508486632449933,0.5884710596346142
100287210,-4.664285714285715,0.5200742196865404,0.7830381446952848
100287216,-2.801785714285714,0.49967918523040067,0.7701635582728865
100287221,0.13392857142857117,0.9717502082335308,0.99006381304319
100287226,25.21071428571426,0.4229970708000187,0.7215530498920173
100287227,-5.9446428571428545,0.3055467215917636,0.6347417076267972
100287290,-3.631249999999998,0.5797998334982245,0.817003579714838
100287366,0.9044642857142855,0.6314323953370121,0.8457885246861342
100287387,-3.2294642857142843,0.5310569799378331,0.7897508766501146
100287413,-16.26517857142857,0.10360219767733446,0.41822220968827867
100287482,-3.9937499999999986,0.6369523729903748,0.8486954962530765
100287497,-32.92857142857144,0.027543433917525735,0.25715973243274204
100287525,-2.7732142857142854,0.7596990482058811,0.9064933718014172
100287569,-33.43482142857144,0.03066045672505654,0.2674760228464372
100287576,-12.291071428571428,0.00019159804493885487,0.08218894428282343
100287590,-13.116071428571427,0.005344954860194272,0.17302273947964586
100287610,-3.4732142857142865,0.4571956277325445,0.7443843526481305
100287616,19.51964285714285,0.17270416953308151,0.5099747211540007
100287704,4.266071428571428,0.22929645722326636,0.5673112807161389
100287728,-9.121428571428568,0.10182349189552313,0.4156483920361152
100287765,-3.529464285714287,0.4343886945178365,0.7291198911799973
100287808,2.15267857142857,0.5469537760863105,0.7990091986350228
100287814,5.274999999999999,0.7094308112899319,0.8845445996001563
100287834,-5.315178571428572,0.2282414945696915,0.5666295746164993
100287852,49.11964285714288,0.21448002633884158,0.5535498107320582
100287877,-1.3633928571428564,0.5805302281555648,0.8174218445636235
100287896,-17.09375,0.07743887087897684,0.3754851246282422
100287898,-2.545535714285718,0.5174056190331175,0.7817650011415122
100287902,4.814285714285717,0.6707981058805631,0.8653515910579157
100287932,-12.60267857142857,0.004408093502971345,0.16598657870176192
100288079,-0.15714285714285836,0.984857848621525,0.9949391709942884
100288122,-6.483035714285716,0.683301190203788,0.8714600553858668
100288123,-6.66160714285714,0.1578581620125253,0.49065557735024007
100288139,-7.129464285714288,0.12265393263259686,0.4461515379340851
100288142,311.3553571428572,0.2626977216396042,0.5989821689953426
100288152,-0.6491071428571455,0.8804815636592763,0.9563020468960208
100288175,-5.1303571428571395,0.4164712345212078,0.7179604058237206
100288181,-0.30625000000000036,0.3573614729739891,0.6733780857062606
100288198,-6.483928571428571,0.22684883459700442,0.5655024278553208
100288238,-4.584821428571427,0.4600167495868488,0.7462152080754028
100288310,-8.9875,0.07515322021965386,0.3714610497736147
100288332,19.849107142857157,0.5585289713417402,0.8060648833433308
100288413,4.325892857142858,0.2885572889384771,0.6218956116800518
100288432,-11.592857142857149,0.08279731328669229,0.3840623656528295
100288490,-10.147321428571427,0.00131745279395908,0.12532423491627354
100288570,-3.9205357142857142,0.35475166796460506,0.6715950904484068
100288590,-3.381250000000003,0.36806207212229064,0.6819313383018042
100288637,3.391964285714284,0.6040947271758054,0.8312835768633619
100288675,-1.5339285714285715,0.8288644142398899,0.9371194989260733
100288695,297.667857142857,0.3421861600310851,0.6622974115602325
100288721,-4.130357142857142,0.045661395073209876,0.30617326166639075
100288730,-16.22142857142857,0.018349845123816787,0.2315677438308333
100288797,-1.3633928571428573,0.8253671183644383,0.9352929013363109
100288798,3.465178571428571,0.36491656193753597,0.6795215818869605
100288805,-1.0437499999999993,0.7693116524748119,0.9109155019631472
100288860,1.9848214285714256,0.6638198482172571,0.8618174524671403
100288893,3.260714285714281,0.5634660579918986,0.8088476474630466
100288897,-5.35089285714286,0.3171593542966252,0.643988847482749
100288911,-63.04107142857143,0.006819231059804104,0.1820260990734322
100288966,-1.6553571428571425,0.39252329070047254,0.7004768887998021
100288974,-1.0767857142857142,0.7922819544726339,0.9217293869441835
100289019,-4.45446428571428,0.5529919266918211,0.8026023623443848
100289045,2.7598214285714295,0.3093488041741762,0.638010028978615
100289058,23.024107142857147,0.3792511166962905,0.6907138693939207
100289061,-1.2178571428571408,0.7131551558542523,0.8860175122105947
100289087,0.43392857142857144,0.5254161388026148,0.7863279413092167
100289090,4.797321428571429,0.513855201972112,0.7796626753860317
100289092,-57.74107142857144,0.003926435437422733,0.16254657814753654
100289094,-11.466071428571428,0.01992941145403202,0.23688994327778193
100289097,26.480357142857116,0.452761290961517,0.7412290469238172
100289098,-5.187500000000007,0.5565250669015102,0.8049311685318256
100289124,-5.051785714285713,0.12779700852374543,0.4536503229737104
100289187,-3.422321428571429,0.7846141680655067,0.9184191694562303
100289211,-4.141964285714286,0.09942713016923146,0.4119253119650474
100289230,2.1553571428571416,0.9170920220111775,0.9706905821458085
100289255,-9.91517857142857,0.37830245019065634,0.6899391728934966
100289274,-4.602678571428573,0.45542666445775315,0.7433497742594704
100289283,-8.10089285714286,0.6241347123024685,0.8422699097898918
100289333,-98.81428571428569,0.4749944962044578,0.7554344080510422
100289341,-23.814285714285674,0.4272124420430574,0.7242792039045959
100289361,-12.26517857142857,0.04107060321246938,0.2962427635107919
100289373,-10.083928571428576,0.09464928937929092,0.40456617643881343
100289410,3.9312500000000004,0.19704286188924613,0.5352882561634207
100289462,3.3812500000000014,0.46008074374434066,0.7462152080754028
100289473,-13.261607142857141,0.061815855250968964,0.3461168392051469
100289495,-3.208035714285719,0.5320624582676436,0.7902669013551226
100289509,-3.620535714285701,0.8064762625207708,0.927329421092944
100289518,-4.7125,0.11292898481390751,0.43307794379605763
100289635,9.129464285714292,0.5228179738178808,0.7847652084692553
100289678,20.692857142857143,0.09760065191410583,0.40916487972211213
100289683,-7.493750000000002,0.25491148107655176,0.5921079902829018
100290481,6504.324107142857,0.046517274816235916,0.30764872391166065
100291323,-3.7223214285714263,0.5370171595218318,0.7929482266929508
100291666,-3.4562500000000007,0.5659787226247951,0.8103517708938417
100292680,2.38125,0.18147160133205986,0.5207621389147582
100293211,18.739285714285714,0.313813021610991,0.6411748621983542
100293516,79.37678571428572,0.02488386736437643,0.25018857082517126
100293534,167.5330357142857,0.23273447478231618,0.570193933067385
100294033,-95.47946428571436,0.31075682771734164,0.6392020448984483
100294145,-5.758928571428569,0.24708811978892234,0.5845420210780715
100294362,-7.741071428571427,0.004828969277963094,0.16997001039451554
100294720,-1.6776785714285687,0.7427227134119739,0.8989956315595876
100302132,13.508035714285711,0.5524146365829201,0.8022330010138691
100302138,39.584821428571416,0.10769152012034808,0.42560100926650973
100302143,-1361.3651785714274,0.01099221337571188,0.20304029267467807
100302145,-6.264285714285714,0.16426617136378374,0.4989366675722999
100302185,18.753571428571423,0.02707192717005659,0.2568358823082501
100302197,9.96875,0.41995210627264584,0.719618936611305
100302210,-9.341071428571432,0.33217592498145615,0.6552042707994915
100302239,-60.62678571428572,0.003372668298335966,0.15508884710808993
100302240,317.3946428571428,0.021405803269140232,0.24020584864565522
100302242,35.197321428571485,0.4287435977104512,0.7251610531714074
100302254,436.6991071428572,0.10448970275987762,0.4198282380164758
100302263,12.680357142857133,0.6565189057698789,0.8585229004898773
100302274,-13.209821428571416,0.44537035890829685,0.7368036664743602
100302522,-8.541964285714307,0.5576324488522861,0.80542161898067
100302526,-9.454464285714291,0.21973769030424772,0.5585538085780786
100302640,-5.142857142857142,0.192291688416557,0.5310296101756677
100302650,-18.979464285714283,0.08424627261953448,0.3873005091627888
100302652,9.74642857142858,0.5955173474549464,0.8269183738945827
100302691,-5.0678571428571395,0.31891561741085056,0.645039633839089
100302692,93.65892857142856,0.2701755706260936,0.6052598331986985
100302736,227.3687500000001,0.003556714744915026,0.15830078651700105
100302740,-6.757142857142858,0.04386037539075793,0.3018115500168988
100303453,11.36071428571428,0.17998412062176453,0.5190689819946006
100303728,-27.097321428571433,0.006963177024546059,0.18274528938036788
100303755,-56.63482142857143,0.015520247086485136,0.22012179233555765
100306951,-4.120535714285708,0.7840474431287849,0.9182090839448973
100309464,-10.020535714285712,0.011937408250398325,0.20765577465946944
100310756,16.948214285714286,0.25499493631875403,0.592236869428991
100310812,-62.00178571428572,0.16864800752423723,0.5051753511734179
100312850,-5.765178571428572,0.06528605395530383,0.3531531264982247
100316868,-14.695535714285718,0.20587230878478655,0.5432525800187277
100316904,-12.416071428571435,0.30517120903589645,0.6344034706544357
100329135,-0.5857142857142854,0.8725971175932864,0.9535673509449696
100359394,-12.695535714285715,0.006412386602383916,0.18069057216695386
100379174,-7.2178571428571425,0.1407677638946023,0.470042127183514
100379224,0.478571428571426,0.878386787007443,0.9554665409862049
100379345,-17.91428571428571,0.2796435563381173,0.6139457923635246
100379661,-7.511607142857142,0.04392972920718562,0.3018926526398785
100381270,39.667857142857144,0.33592408735348755,0.6582785589899127
100419741,-22.79732142857143,0.05392745474844838,0.3262598525696455
100420758,0.858035714285716,0.8626053277182065,0.949763187077467
100421171,-9.814285714285715,0.0003054345101328977,0.08941738748605647
100421494,-4.277678571428574,0.10131171135084564,0.4148889125508512
100421577,-1.951785714285716,0.7270863915888245,0.8923332987681029
100421589,-13.024999999999999,0.011766704968071792,0.20706627471402037
100422212,-1.248214285714285,0.7639958834723379,0.9083717501109074
100422526,-8.125892857142855,0.3104645637991665,0.6389855082145465
100422737,-8.623214285714283,0.04027689366898392,0.29452175489523813
100422781,-4.358035714285714,0.13537988280234717,0.4629656675142814
100422872,207.1035714285714,0.042966130742888305,0.299715896704187
100422899,1.3660714285714164,0.939567225013366,0.978889568502692
100422952,4.937499999999972,0.7515629511782156,0.9025388442182545
100422956,-10.946428571428573,0.10666863393186693,0.4240607547607667
100422978,-12.275000000000007,0.12265125160728889,0.4461515379340851
100423031,2.8875,0.40143128016516705,0.706738193839848
100423035,-0.3392857142857135,0.9411448599802794,0.9795224753713427
100423041,-3.784821428571428,0.3938137598773366,0.70140333728991
100423062,445.43125,0.35978192356553707,0.6754378504214106
100462953,-12.975892857142853,0.13732430936795664,0.4657696411099894
100498859,2.2732142857142863,0.40153387753158226,0.706738193839848
100499171,-14.79821428571429,0.023069754014461923,0.2448670156367019
100499177,12.211607142857076,0.7723310710186259,0.9120414138193148
100499194,-7.24375,0.35934674325347704,0.6750019990855759
100499227,-6.056249999999995,0.2708392379231422,0.6059924034669749
100499466,-97.5392857142856,0.11598800349130044,0.43840513726244823
100499467,34.868750000000006,0.32289510671374494,0.6481016872090309
100499483,8.046428571428569,0.23107067170313228,0.5690126998769877
100499489,-5.799107142857139,0.5329304803523565,0.7908257297669993
100500804,-786.8375000000005,0.19002910133604203,0.528884959926754
100500808,-15.634821428571428,0.3941121449288646,0.7015762497179542
100500810,333.09107142857147,0.03900316278276245,0.2904519102625357
100500832,13.387500000000003,0.3422060319254583,0.6622974115602325
100500840,88.75624999999991,0.2538355736293398,0.5909681114454501
100500842,1330.95,0.005805588933948433,0.1776276300859712
100500849,2.800892857142852,0.6063432445844876,0.8323863239718439
100500850,16.53482142857142,0.23830848684252348,0.5751784098404172
100500854,-17.283035714285703,0.31884966975570456,0.645039633839089
100500873,-6.144642857142857,0.19856717021278628,0.5368583282319482
100500907,-10.549107142857139,0.20447266125733812,0.5419305812916984
100500914,-13.35982142857143,0.09752569298804788,0.4091177098086592
100505385,-374.6642857142857,0.009363481499208431,0.1953134023881143
100505474,-8.696428571428573,0.09542948617343659,0.40581636260616477
100505478,-18.742857142857147,0.24315796078696159,0.5802994982988705
100505483,28.162499999999994,0.05578528740305116,0.33185296363418804
100505494,-88.09464285714279,0.293544157085998,0.6255948240335873
100505495,-33.398214285714275,0.033288235949216566,0.2755540197613044
100505498,21.910714285714285,0.09985988477551412,0.41262388150704615
100505501,13.981249999999998,0.1743801579839955,0.5124521781287058
100505515,-18.008035714285718,0.08189825381026769,0.38274955355811485
100505518,4.362499999999999,0.32866667359676993,0.6527446101195911
100505530,1.7437499999999995,0.6375259709167358,0.8488270870931429
100505534,0.49017857142857135,0.7117925701271306,0.8855048520877898
100505536,-3.6589285714285706,0.15663485686427342,0.4890646336048283
100505538,-11.221428571428554,0.1932905365480836,0.5321329348321485
100505540,-1.8928571428571388,0.7830546183851829,0.9177903084637881
100505545,-2.4973214285714302,0.42065932894124236,0.7202036526812555
100505547,-1.75,0.8756492299922431,0.9548523936628903
100505549,17.708928571428586,0.2538570163280706,0.5909681114454501
100505555,26.9,0.0270857923619455,0.2568358823082501
100505564,-3.9089285714285715,0.5611747860760312,0.8075415686234169
100505570,-11.950892857142858,0.06869621233706068,0.35974811342592217
100505573,14.341964285714269,0.2511819814804019,0.5886825340752271
100505576,-9.267857142857142,0.13387450213483226,0.46111818514493375
100505583,-7.380357142857145,0.20896047529900644,0.5469344624909367
100505585,14.934821428571425,0.260140438066291,0.5966567274671476
100505592,5.080357142857142,0.33953399625120456,0.660547297361038
100505601,-4.60892857142857,0.08853811986236815,0.39491121744778745
100505609,-15.975,0.07687680385658588,0.3744172024017035
100505619,-10.144642857142856,0.30070662862808595,0.6307018152616465
100505621,-5.732142857142858,0.5190811511768257,0.7825257485756792
100505622,4.564285714285715,0.23574430388842918,0.5727400690633854
100505624,-6.475892857142858,0.014563951667921408,0.21726713709238826
100505633,-26.040178571428577,0.021461890370655712,0.24020584864565522
100505635,-5.552678571428572,0.3259556306611621,0.6503963403147255
100505641,-146.85446428571413,0.35645073073201833,0.6728490345939591
100505648,-10.93928571428571,0.3612117371823754,0.6767716132608944
100505658,-1.1544642857142846,0.5893219023021853,0.8233550112018189
100505659,4.986607142857142,0.30037937104811946,0.6304749553555197
100505664,-0.23660714285714324,0.815753274349452,0.9310925624501423
100505666,-3.1571428571428566,0.4702953814388736,0.7524782028547169
100505676,-1.5267857142857144,0.463238838883727,0.7483521564574572
100505679,-13.38035714285714,0.03182868766194737,0.27080917249038333
100505681,2.54375,0.46337642690602665,0.7483716002366853
100505683,2.7821428571428566,0.6387299397459019,0.8494835372099782
100505685,1.1071428571428568,0.7411581039055571,0.8984598154580822
100505687,-174.51517857142858,0.1710954596642787,0.5081008232656802
100505696,1.616964285714289,0.9108120782393128,0.9679372206841456
100505702,134.95,0.002733326167050273,0.1504980948474055
100505710,-15.56785714285715,0.23155729987564794,0.569298146333532
100505711,-19.520535714285707,0.26913783457674295,0.604412387244982
100505715,5.272321428571416,0.6869362598275179,0.8732240591027771
100505716,-3.9857142857142875,0.4623723567864503,0.747747856916671
100505718,1.6616071428571448,0.5435158657054473,0.7969976401649763
100505727,-6.563392857142862,0.19405973868996187,0.5329657393874001
100505741,1.1133928571428555,0.8095079550957118,0.928599698820008
100505746,61.958035714285714,0.02064833584146702,0.23824258812783244
100505758,-5.983928571428571,0.06823998172158736,0.3587520192911336
100505761,1.553571428571427,0.7848556654662104,0.9185087477891039
100505768,-2.7160714285714294,0.2676332382806619,0.6032927482089566
100505774,-1.5196428571428608,0.7808868364483724,0.9166342003266512
100505776,-5.108035714285715,0.05158397088990487,0.3207133964527574
100505782,-2.066964285714283,0.503179345831891,0.7730942149541572
100505783,-8.458928571428576,0.14808976189553236,0.47912940006143745
100505784,-0.8383928571428569,0.8468686564444463,0.9441447140141489
100505797,-13.28303571428571,0.02160525883664399,0.24093639594579092
100505806,24.80535714285714,0.08339381832012188,0.38543004982311224
100505811,-5.555357142857143,0.12473425843937996,0.4497491903062067
100505812,32.131249999999966,0.4374900432341257,0.7312945506497952
100505817,-22.62142857142857,0.0014256349747860115,0.12803847844790536
100505824,-6.0839285714285705,0.10542208660700354,0.421527192083066
100505826,2.692857142857143,0.5951511815447325,0.8268390191622458
100505832,-2.9205357142857133,0.31243410649159475,0.6403202303479768
100505835,-4.755357142857143,0.0572112065821538,0.33609355537544416
100505839,4.827678571428572,0.36912356007270203,0.6831222310389087
100505841,-4.467857142857145,0.46693178690976145,0.7505163709952815
100505851,-28.66071428571429,0.03909771531473059,0.2906489024964699
100505853,6.089285714285714,0.1295506951355837,0.4560289550473369
100505854,4.945535714285711,0.5288843989133932,0.7883750719603494
100505865,1.3776785714285733,0.7318429696295782,0.894336612156572
100505874,-9.352678571428566,0.3774733165113011,0.6892380550169869
100505875,-19.719642857142855,0.12958601420989702,0.45603124182554533
100505876,-11.221428571428572,0.12997092856801207,0.4564722231775723
100505877,-1.987499999999999,0.6447975024454996,0.8525210612581358
100505878,-0.8598214285714283,0.40577338679208386,0.7100630981634032
100505879,-8.780357142857145,0.07479759039979678,0.37069371128064343
100505881,52.44196428571428,0.5045293233271848,0.7737550350036136
100505890,-0.7776785714285701,0.9225139636133644,0.9727575352560355
100505893,-5.019642857142857,0.3682420638126698,0.6821030199192913
100505894,-63.096428571428575,0.029648443197578592,0.26366277440929675
100505902,-7.422321428571429,0.11765094353175683,0.43995385661711267
100505911,5.015178571428571,0.7601863572272155,0.9066323639485401
100505912,-15.514285714285712,0.04335878577597521,0.3008078644905997
100505915,-29.767857142857153,0.11928027142472818,0.4416669830274791
100505918,-8.052678571428572,0.37497344875639,0.6876064297945943
100505920,-3.1714285714285726,0.41714674773234683,0.7184405009491834
100505929,-4.02767857142857,0.3286601955936359,0.6527446101195911
100505933,-16.522321428571427,0.10610214215005306,0.4231007674169755
100505938,1.4580357142857139,0.5680546436997811,0.8111206444194408
100505942,-1.1607142857142865,0.736975241316967,0.8968320602012256
100505964,-5.09732142857143,0.43687009589372233,0.730879486337299
100505967,-19.360714285714284,0.03589219936160017,0.28248251044990497
100505975,3.0178571428571406,0.3840019973163685,0.6941671173098454
100505978,-0.4553571428571441,0.9083294595119569,0.9668557936045543
100505984,-671.8196428571429,0.021593100565930713,0.24091036249222628
100505985,-3.3964285714285705,0.208698428329355,0.5466673007668991
100505989,-5.8026785714285705,0.3669499454647037,0.6808024260341913
100505996,-1.8223214285714286,0.34224762232503664,0.6622974115602325
100506012,-4.721428571428568,0.7214692763674754,0.8900911689162828
100506013,3.3026785714285705,0.6517981806614604,0.8560223277765452
100506016,-2.140178571428571,0.0806157047196759,0.3806930087707963
100506022,-0.8839285714285694,0.8954436292431339,0.9617975449161807
100506025,-4.208928571428572,0.2572758338268117,0.594051953819035
100506033,-5.356249999999999,0.21160934019940147,0.5496493194784725
100506046,-5.2383928571428555,0.2999242676634499,0.6301657101637841
100506047,-0.6696428571428577,0.9188120337291442,0.9713078371897876
100506049,-2.5339285714285715,0.5039797067335647,0.7734933265419366
100506054,-5.9491071428571445,0.4695073971121641,0.7519792874917999
100506068,-5.208928571428572,0.07232052586201446,0.36575733854776715
100506070,-12.9125,0.0002587015392143675,0.08348620717944168
100506071,-4.206250000000001,0.37649097995450415,0.6888768801960904
100506082,-2.5830357142857148,0.10772029019502251,0.42560100926650973
100506083,-5.583928571428572,0.2758719789230996,0.6106104950052819
100506084,-53.01339285714286,0.08156501332971892,0.3826065321313655
100506098,12.582142857142859,0.2902014359254544,0.6232280729496139
100506100,5.272321428571431,0.6351604447844604,0.8478749599435459
100506107,-8.795535714285714,0.01689368301942936,0.22617907898322115
100506108,20.05535714285714,0.29531142430445134,0.6269309225658719
100506113,-2.1491071428571438,0.6599048574816014,0.8600376163903165
100506114,-23.993749999999995,0.06256590747276111,0.3477827359773499
100506115,-3.5776785714285673,0.5362075311338061,0.7923981502984175
100506119,18.85267857142857,0.03003438491202574,0.2652875597843307
100506122,1.8357142857142872,0.5973624899690511,0.8281344389831858
100506123,43.32142857142856,0.176777434928815,0.5150936982557666
100506124,-1.4366071428571434,0.7120056263305254,0.8855562922136354
100506125,-0.14196428571428532,0.8887886864133664,0.9594369371488244
100506126,-5.215178571428574,0.1571320984636915,0.48983694767493485
100506127,-8.732142857142854,0.22870444018054933,0.5669967455126554
100506142,1.4330357142857135,0.7510641572541794,0.9024746017289313
100506144,93.0446428571428,0.009341905916980354,0.1951733687470007
100506161,-0.6071428571428541,0.9045619941715506,0.965456070574665
100506164,-0.8071428571428552,0.8028535824180788,0.9259005593602156
100506172,-11.383928571428575,0.02012674134829675,0.23744580766467172
100506175,6.800000000000004,0.44326636668650493,0.7353699850891967
100506190,9.466964285714269,0.7483013592402907,0.9011908791039364
100506195,-6.339285714285715,0.08440579358626815,0.38744214806902655
100506207,-5.709821428571431,0.2831730366501447,0.6166675792907631
100506211,22.624107142857145,0.063762039839225,0.35028689308136035
100506215,-11.19642857142857,0.1591043584890964,0.49201010935948586
100506229,-10.850892857142856,0.1034964491270249,0.41801275329317106
100506233,-5.865178571428572,0.35267612347777305,0.6701213766433924
100506235,-9.518749999999997,0.042766213739040125,0.29900724853262506
100506236,-1.724107142857143,0.5247678439688722,0.7858622019309538
100506237,1.853571428571429,0.4910724739510947,0.7648938974893847
100506243,-15.49821428571429,0.16045408057316113,0.49379523588157864
100506248,1079.2625000000003,0.1090482221943485,0.4276593057995638
100506258,13.203571428571426,0.37715491594803535,0.689018724913969
100506271,-4.600000000000001,0.013977230916938456,0.21551775732576597
100506272,1.6482142857142854,0.6262403654979677,0.8433006251810596
100506274,-4.278571428571427,0.22235130932742214,0.5610086680884543
100506275,2.3071428571428587,0.6591377109100194,0.8595987857670165
100506282,-10.29196428571429,0.09022898841999995,0.3972957132385543
100506286,3.289285714285714,0.05711931502320985,0.3359254526813448
100506289,-1.9446428571428562,0.5547892019849624,0.8038665293509254
100506299,-29.14821428571429,0.04178663674034236,0.29743981205417847
100506302,4.4642857142857135,0.285400554555465,0.6185368003116333
100506305,-0.7991071428571423,0.8519999609115753,0.946026231128761
100506311,8.973214285714306,0.742458988698366,0.8989115172409301
100506314,-3.1991071428571445,0.3777340410992656,0.6894774887194481
100506319,-8.923214285714288,0.30423239699261695,0.6336726211646221
100506325,0.18571428571428328,0.9687550011007314,0.9890243411674013
100506328,-1.49375,0.0246868051541484,0.2492461605417879
100506331,-5.598214285714283,0.12280915628218858,0.44644884439685245
100506343,-10.187500000000007,0.19864407826806776,0.5369797573447489
100506351,-3.4017857142857135,0.4508595903671394,0.7399516150364216
100506365,-52.14375000000001,0.010193278858682294,0.1988875360240836
100506368,-13.166964285714279,0.18329555047468196,0.522071484799085
100506371,-11.608928571428578,0.17903974429695035,0.5179912170301493
100506374,2.9133928571428562,0.7397714136810004,0.8980431143410436
100506377,-5.0339285714285715,0.03809987720494661,0.2878870261757969
100506379,-2.8776785714285715,0.11240687190970852,0.4322993013872769
100506380,5.777678571428572,0.10744953818562333,0.4252173928994612
100506385,-1.1946428571428562,0.7956882707284614,0.9234315433510616
100506388,-15.543750000000003,0.3634290966676479,0.6784282788863959
100506392,-5.434821428571427,0.24069543918076075,0.577472602448905
100506405,-0.20803571428571566,0.9651433512864673,0.98778965381803
100506406,8.036607142857147,0.2930018435330329,0.6252494305099471
100506409,-53.002678571428575,0.005878746503864092,0.17790300087259597
100506411,-6.716964285714283,0.03918892603058869,0.29080544662356633
100506413,-3.044642857142858,0.161115329288858,0.4946391872261385
100506421,2.1848214285714285,0.5384787856352766,0.7936052143789085
100506428,-8.858035714285716,0.023244728028147928,0.24544870254481355
100506433,-9.253571428571426,0.2551265450662396,0.592428033472937
100506436,-10.447321428571428,0.1547442623325671,0.48720107130061513
100506443,-2.9107142857142847,0.4243715908642798,0.7224367841601815
100506446,-8.542857142857141,0.05806498492852873,0.3382741663257654
100506451,-14.609821428571436,0.40228994296408904,0.7074687240772456
100506457,-14.740178571428572,0.04127753570095943,0.2967316363985899
100506459,-9.503571428571426,0.06386579520322934,0.3504843696720738
100506462,-4.4062499999999964,0.18359346474126573,0.5225389216412651
100506465,-5.5,0.11329244667484102,0.4336416518745559
100506469,3.575892857142861,0.8052783135043189,0.9268328595726499
100506470,-6.693750000000001,0.48042007176783863,0.7587789924173063
100506472,-8.722321428571426,0.309112292040773,0.637835021599776
100506473,-5.971428571428568,0.6235343963532425,0.8420625184165769
100506475,-3.338392857142857,0.37062368478592356,0.6844276679727893
100506476,-7.160714285714283,0.3020237805387284,0.631686113949919
100506489,-0.4428571428571426,0.7839057622850533,0.9182090839448973
100506492,-5.324107142857143,0.1616868579697074,0.4952509221004903
100506495,-1.3892857142857142,0.6002158923617787,0.8295870346043849
100506497,-35.35625,0.1332206016408181,0.46020897544190653
100506498,2.6294642857142847,0.43060465425156025,0.726410099757536
100506504,-1.1785714285714288,0.25601618638531953,0.5932026330980246
100506513,-6.293749999999999,0.028201184681522728,0.25916630777344796
100506526,4.136607142857143,0.2026091128853848,0.5403996900828535
100506527,-19.00803571428571,0.003689095851496091,0.15974506099306038
100506530,-6.788392857142858,0.11638254579506674,0.4388923068627055
100506538,-111.56160714285713,0.025441094884142982,0.2520369383566801
100506540,-11.104464285714286,0.03796750808300895,0.28783603777572303
100506542,-0.6714285714285744,0.9268822681799702,0.9740206160390473
100506548,-31.266964285714295,0.3914444594343191,0.6995374928741902
100506555,-4.415178571428568,0.3898843994298207,0.6982532937396326
100506557,-5.747321428571427,0.13151275293437328,0.4584875193959612
100506558,27.600000000000023,0.8931713451786082,0.9609599578643555
100506563,-115.34464285714286,0.0015246499118324833,0.1290963936360878
100506571,0.7285714285714278,0.8457361254817987,0.9437422169595718
100506581,-6.56428571428571,0.410253133193083,0.7135092425273344
100506585,-0.34732142857142634,0.9547678231283954,0.9843477660571922
100506599,-10.711607142857142,0.09813510614625184,0.4101178122114193
100506603,-2.647321428571429,0.6544494806436709,0.8575885666329381
100506606,1.9991071428571416,0.7233537369000886,0.890991425815138
100506621,312.9491071428572,0.3936507674961796,0.7013431786099457
100506622,-0.6812500000000057,0.9417226171697372,0.9795986395569981
100506627,2.2339285714285717,0.18457862256828989,0.5235712679077172
100506639,70.56785714285718,0.31922695626759123,0.6453112668292436
100506649,1.1607142857142865,0.8009081809444765,0.92527422282614
100506655,-0.9598214285714306,0.8733736666950436,0.9539084925098685
100506658,-23.525892857142864,0.12494438733744037,0.45008132676733115
100506660,-2.932142857142857,0.10792554488611857,0.4260092331103833
100506667,2.693749999999999,0.37369318277869706,0.6865482113046123
100506668,-28.44464285714286,0.00159932573361017,0.13006794080487133
100506675,-18.233928571428574,0.13139623759569521,0.4583813252141467
100506677,6.058928571428574,0.3575254575595943,0.6734889339554716
100506679,-6.244642857142853,0.32685720448696104,0.6511291418725216
100506680,-4.950000000000001,0.16401310122164064,0.4988826875823757
100506681,0.39285714285714324,0.8826884046183247,0.9571035324945839
100506686,-37.75089285714285,0.02369008886536512,0.2466042590607395
100506691,-6.426785714285716,0.2576070671748001,0.59419953860015
100506696,13.373214285714283,0.11088386514096189,0.4303461686365564
100506697,0.9526785714285713,0.34408372317345254,0.6636262087932797
100506699,-7.243749999999999,0.2740241176604556,0.6087676793328655
100506710,192.02410714285713,0.08000224969714669,0.3795005207523421
100506713,-15.839285714285708,0.296859707492299,0.6279158517586512
100506714,8.738392857142852,0.34537079686001454,0.6645114681056101
100506718,45.557142857142765,0.7015123355414666,0.8803118417656574
100506724,-0.037499999999999645,0.985693526989278,0.995177989237264
100506725,-8.713392857142857,0.14993153246751964,0.4810460969228118
100506730,-27.93124999999999,0.1612433879681786,0.4948272972428214
100506731,-4.957142857142857,0.15055140359803626,0.48210132316520043
100506733,2.0651785714285715,0.229850379580827,0.5677721832285948
100506742,-3.902678571428572,0.21676660009217483,0.5557140648023472
100506755,-11.737500000000004,0.07734062298081644,0.37526800524328724
100506757,-9.06607142857143,0.34849816528670596,0.6671360564353642
100506759,57.94642857142857,0.004760153579211353,0.16997001039451554
100506765,-0.7651785714285717,0.7650611370959628,0.9089267436761862
100506769,-76.9,0.012281807698801963,0.20853733416816644
100506776,73.03928571428574,0.09960472252088072,0.41213018040178245
100506779,14.293749999999996,0.29297968499532057,0.6252494305099471
100506783,-5.563392857142851,0.6174403812032722,0.8383413331258549
100506790,1.6214285714285737,0.7936607781883571,0.9224529760751915
100506791,-17.466071428571425,0.016484121430892763,0.22436378870651277
100506795,-11.886607142857141,0.012351297180894682,0.20877515845362288
100506797,-9.99285714285714,0.41943450837499663,0.7192369897264435
100506813,-7.201785714285716,0.4184041506643975,0.7191498175913119
100506815,3.8892857142857054,0.86122295008738,0.9493228926035262
100506826,-6.58660714285714,0.40708742579191376,0.7111007604239256
100506827,-6.816071428571428,0.4909567007581865,0.7648273889616977
100506834,11.616071428571427,0.07916936717378323,0.3785766483236277
100506840,4.834821428571429,0.29788804717199274,0.6288046733028066
100506844,-6.150000000000006,0.740215833515326,0.8982444224398626
100506851,-5.417857142857141,0.21053455774638394,0.5487950867596444
100506858,5.456249999999997,0.5484863562724628,0.8001112193681894
100506860,-4.213392857142855,0.2372405575811018,0.5742068432146514
100506863,-1.7267857142857146,0.8625821576016685,0.949763187077467
100506866,-14.174107142857132,0.3670271276780305,0.6808675128353515
100506870,-36.011607142857144,0.040880518384886814,0.29600810438998165
100506874,0.4116071428571413,0.9298826694686722,0.9748777516045465
100506882,-20.104464285714286,0.07745943864416081,0.3755092187175534
100506885,-9.39107142857143,0.017234284380180764,0.22777000205133754
100506895,-3.0169642857142875,0.711919542562633,0.88553666589176
100506897,9.74642857142856,0.5846486919167343,0.8200609042797989
100506898,-22.306249999999977,0.02562370013136707,0.25256459431809886
100506907,5.635714285714287,0.39272432853811023,0.7006984291483219
100506915,-4.3116071428571425,0.015469450801277327,0.21982920117864926
100506922,1.7946428571428577,0.8036222522704923,0.9262009452747565
100506929,-7.2383928571428555,0.05688501459405613,0.33526674878642143
100506930,11.85803571428572,0.4890519843178842,0.7636199806539958
100506939,-4.378571428571428,0.07381057802647682,0.3686146651075649
100506963,26.68125,0.014918102462805281,0.21814582833749097
100506965,-125.78928571428571,0.0009556400954484993,0.11901964058917243
100506990,-17.42142857142852,0.6559678879223085,0.8583797412543639
100506994,-2.289285714285713,0.5132571550703584,0.7793361184590049
100506999,-3.0794642857142858,0.24215165921465998,0.5790061682087125
100507006,-6.8776785714285715,0.31888600600460526,0.645039633839089
100507008,-29.007142857142856,0.025537945186538475,0.2523572234390191
100507022,-2.339285714285708,0.8567108314161525,0.9477311570831607
100507027,-286.39910714285713,0.017559879259508474,0.22872960298886452
100507032,-8.418749999999996,0.304220563244163,0.633672113047149
100507033,-7.115178571428576,0.3232067998267848,0.6484583393186631
100507034,-4.771428571428569,0.24707764091714196,0.5845420210780715
100507040,-9.266964285714282,0.09603885948678206,0.40651270747385687
100507043,-3.924999999999998,0.11349609438702932,0.43392464309333645
100507050,2.74642857142857,0.5918404946934205,0.8249817726731771
100507053,-33.63482142857144,0.24148102991863385,0.5781902916926344
100507057,1.7026785714285726,0.701743756325745,0.8804203831457839
100507058,0.1580357142857145,0.9163356481599667,0.9704350739563828
100507059,2.8383928571428587,0.5227855053719166,0.7847652084692553
100507062,-51.04375000000002,0.42374839316797624,0.7218795404887917
100507064,-3.2919642857142852,0.0958752589499506,0.40637187129512287
100507065,-0.4178571428571445,0.9249257445822588,0.973498925197922
100507066,-1.5642857142857185,0.7113798305780906,0.8852982254485615
100507073,-12.387499999999989,0.1685203137343299,0.505143792192806
100507086,-5.2160714285714285,0.0974637622199794,0.40908414414045
100507098,-9.020535714285714,0.5448972594937452,0.7976873490191642
100507099,-5.674107142857142,0.07860382801057961,0.3776215360066347
100507113,66.15892857142865,0.532780552994497,0.7906676275710907
100507114,-7.608928571428571,0.17493203589896922,0.513194669891943
100507117,-14.675892857142863,0.17888848378409003,0.5177831201317737
100507135,-3.286607142857145,0.41497600544764385,0.7171273095244451
100507140,-6.3098214285714285,0.15125025315761464,0.48262782790070824
100507143,-7.465178571428574,0.12407046880350044,0.4485586776321752
100507156,-17.0625,0.20915445209434777,0.5472020666505351
100507165,17.708928571428572,0.2486965230421679,0.586284172231715
100507170,-3.02767857142857,0.35856043496316437,0.6744160109441811
100507171,2.8866071428571436,0.25458809404746885,0.5916438152779938
100507173,0.8642857142857134,0.6059621122142269,0.8321705054141496
100507178,-3.6276785714285698,0.20297662950212983,0.5407416834247138
100507194,-0.921428571428571,0.11148884900880908,0.4312148287745215
100507201,-3.338392857142856,0.24236335480285143,0.5792672784837826
100507203,-10.050892857142856,0.011778920331771088,0.20706627471402037
100507206,-2.0642857142857167,0.6611534822523222,0.8607061291572965
100507217,98.37500000000011,0.34960122801825183,0.6678514798020391
100507218,0.23750000000000027,0.8721400202125548,0.9534421920254382
100507221,-1.5133928571428577,0.3499369992569121,0.6681107761998242
100507240,-2.7535714285714263,0.4193229734835431,0.7192369897264435
100507244,-6.327678571428571,0.08378199331127327,0.3862032432666811
100507246,-237.2616071428572,0.10034566994166023,0.41339828566980713
100507249,-0.6464285714285722,0.90435510507035,0.965456070574665
100507250,-7.184821428571432,0.06535343352754927,0.35332729932945284
100507254,2.6098214285714283,0.22597725160379126,0.5644667825630679
100507257,-3.9375,0.25580566845026176,0.592986302150346
100507258,46.51964285714283,0.11466361200892572,0.43599923406273133
100507261,-2.7616071428571427,0.48137186124246006,0.7592752115952306
100507266,-4.388392857142859,0.5357517882595572,0.7921084325827733
100507267,-10.446428571428573,0.07555478830025358,0.3721889101647981
100507274,-49.91428571428574,0.07829008767390194,0.37683867801484183
100507277,-6.504464285714285,0.2660226804228894,0.6017205879580291
100507281,-8.161607142857143,0.5502815039810658,0.8011792927462388
100507283,-12.479464285714286,0.06872796483711452,0.3597952391295707
100507290,-5.515178571428574,0.2143377391166052,0.5534055480827536
100507291,1.7491071428571434,0.7411795652915549,0.8984598154580822
100507297,3.9758928571428527,0.6034105205197039,0.8311240763172896
100507299,0.17232142857143273,0.9691910077663604,0.9891457916379033
100507300,1.7312500000000002,0.3915817980957294,0.6996416721964643
100507303,0.28660714285715017,0.9891183923503584,0.996195497886884
100507311,-24.37142857142858,0.48936180954474245,0.7637652064182681
100507316,-15.597321428571426,0.07188352273389123,0.36518150010486516
100507321,-4.662500000000001,0.5284935344154132,0.7883067519891616
100507330,-4.976785714285716,0.3191966350874805,0.6452976899023108
100507331,7.150892857142853,0.4043025907582754,0.7090976621715205
100507334,-8.603571428571428,0.4665093765661704,0.7502889771456619
100507336,-6.559821428571425,0.058697443952123854,0.34008863959991975
100507351,-11.868750000000006,0.1448617119441779,0.475066824648988
100507353,17.60714285714286,0.46434110842729254,0.7490029938294828
100507362,-7.838392857142859,0.057267566571565016,0.3361128227449882
100507377,-8.40982142857143,0.1260120778336773,0.451729121766343
100507384,0.4285714285714288,0.6517875768429219,0.8560223277765452
100507387,-20.65,0.11476947947578053,0.43618944045171004
100507388,-0.5758928571428568,0.8425401316738106,0.942437832082775
100507389,-0.4026785714285701,0.925038610919063,0.9735046301849705
100507391,-6.87410714285714,0.2037844504203646,0.5411849051259683
100507392,1.9357142857142868,0.7592612258623787,0.9063245256449399
100507395,-24.09375,0.26914729569736767,0.604412387244982
100507398,-6.164285714285718,0.3246659603914266,0.6496001535868628
100507399,-1.0651785714285715,0.6580315022584434,0.8593934170500999
100507403,-1.2607142857142861,0.7374094862854497,0.8969461951936955
100507410,-13.705357142857142,0.04221072284018586,0.29813177660830187
100507419,-6.945535714285715,0.24658256453508903,0.584144251411224
100507421,-59.425,0.0006877478405956479,0.11428329961427276
100507423,-21.14107142857143,0.06142745242703118,0.34520978121573953
100507424,21.708035714285714,0.05770360432871323,0.33725983856935443
100507428,-2.6732142857142858,0.62502576470367,0.8427330329392794
100507431,-14.304464285714289,0.30367153233105976,0.6332281094660829
100507433,0.4285714285714286,0.3952486443363486,0.7023057383035045
100507435,-0.8035714285714284,0.5637705743588605,0.8089815871146002
100507436,114.33214285714284,0.003772473202693136,0.1605135971651729
100507443,-5.725892857142859,0.08488699487536124,0.38828716178452066
100507458,-2.2116071428571438,0.6969699968731742,0.8780574186186089
100507459,0.8651785714285651,0.9186932840085629,0.9713078371897876
100507461,-3.288392857142858,0.43349243462313225,0.7286275987139501
100507462,-0.36517857142857046,0.9481119831844493,0.9820487819840249
100507463,73.06696428571428,0.0204920066530287,0.238009362137482
100507466,-1.935714285714285,0.42819622135823493,0.724930435137374
100507468,-2.9374999999999982,0.5258839047568944,0.7866842695085758
100507470,1.2750000000000008,0.5034383492944096,0.7732050748367929
100507472,-222.2526785714286,0.3176861958090807,0.644194415955335
100507475,-4.590178571428577,0.3280696342939477,0.6523332456275809
100507477,-9.047321428571431,0.07083079959214673,0.3632679855989542
100507480,-0.07053571428571415,0.9157379014545924,0.9701214834727736
100507487,-19.08660714285714,0.10644055027122343,0.42375041328115065
100507494,-10.271428571428572,0.1854131875527611,0.524352435165308
100507495,-12.463392857142857,0.13778622679623906,0.4664157400232248
100507501,-4.407142857142855,0.6565234441615555,0.8585229004898773
100507506,-10.210714285714285,0.04576117832343813,0.30627276641502404
100507507,16.898214285714303,0.35788198673877,0.6737994242717638
100507513,-4.264285714285716,0.3084521291918607,0.63731479697039
100507516,6.6794642857142925,0.31603458751659114,0.643090218187116
100507520,-7.084821428571434,0.2550657987088191,0.5923570975935188
100507524,-9.576785714285716,0.23849750287666371,0.575329846449662
100507527,-1.1535714285714294,0.41142431361932924,0.714251106469068
100507530,-5.301785714285714,0.49968345617409854,0.7701635582728865
100507533,-2.5026785714285715,0.47481586522249936,0.7552859582481326
100507534,-3.374999999999999,0.08714841481024624,0.39181313870160456
100507537,-1505.1678571428572,0.009501589256495453,0.1962861080683594
100507540,2.800892857142852,0.8510108604995731,0.9456156650302643
100507547,-20.714285714285715,0.0051214261346451745,0.17178771405627294
100507557,-4.7205357142857025,0.8216932978374286,0.9336754012596267
100507560,-9.853571428571428,0.17300607091138503,0.5102274624888061
100507562,-1.8053571428571402,0.7617917761011133,0.9073691340071098
100507564,-2.0089285714285765,0.5683093129683057,0.8112043758196489
100507567,10.87321428571428,0.3067980761946102,0.6359288679366638
100507577,-49.6875,0.033738975974874484,0.27664644742445443
100507584,-17.649107142857147,0.6748762149812524,0.8674033064207496
100507589,-4.016071428571415,0.7641883097942415,0.9085017577299447
100507600,-1.963392857142857,0.6548636688702093,0.8579463920762689
100507602,-14.073214285714293,0.13179687625763548,0.4586622123674078
100507605,-5.834821428571429,0.03366094680794363,0.2764211875524659
100507616,6.720535714285715,0.1487923004999516,0.4796992175148802
100507629,-3.1607142857142883,0.5564207171354528,0.8048256191798159
100507630,-1.1089285714285726,0.8155730907769827,0.9310925624501423
100507632,-23.223214285714292,0.32093124032697773,0.6465095451485763
100507634,-2.3473214285714277,0.10167434886147005,0.4153173244692755
100507642,2.5133928571428577,0.6623069637961383,0.8611166497898329
100507650,-18.450892857142854,0.058209423569562525,0.338611381197096
100507654,-12.330357142857142,0.00813517581778587,0.18930955627024845
100507670,-17.066071428571423,0.07112559180178259,0.36384318205884814
100507739,69.65982142857146,0.23738947861334353,0.5743293837419602
100507855,111.45178571428573,0.3533312946615116,0.6706231953797542
100508120,-25.512499999999996,0.08651276096644349,0.3913140356689987
100508408,-8.96875,0.9895763797473461,0.9963814134845614
100508631,2.4124999999999996,0.5741744241264446,0.8144674674304611
100509303,-14.400892857142859,0.05521717304596009,0.3299452389385648
100509445,10.006249999999994,0.577450094686149,0.8159858478530065
100509457,1850.0339285714288,0.05457785767812268,0.3281333152134768
100509646,-3.853571428571424,0.5139739119883978,0.7797747832278609
100509764,2.008928571428573,0.661205693653178,0.8607071401477908
100509814,-6.906249999999999,0.07555924075198793,0.3721889101647981
100510710,0.5812499999999989,0.8750032480702669,0.9545442364820096
100526664,-130.517857142857,0.3125134216410496,0.6403339577358862
100526693,20.775000000000006,0.06222152280725652,0.34699732348906065
100526694,-6.263392857142854,0.3721201463195566,0.6854425471871156
100526737,109.0848214285715,0.2308036552195251,0.5689126638754294
100526739,22.82053571428571,0.0991334841030976,0.41139455357395527
100526740,-7.747321428571439,0.6226592182839963,0.8416706081803178
100526760,-3.120535714285694,0.7441120984353682,0.8994192196567572
100526761,-9.7,0.2300949128136924,0.5678774761653801
100526767,-405.51071428571413,0.024980657332832914,0.2504621285450221
100526772,-932.3080357142856,0.016091003548351798,0.2231631889778629
100526773,-18.290178571428577,0.28466004741353784,0.6178803482605575
100526783,24.287499999999966,0.48089144524850574,0.7590900110769635
100526794,-90.27857142857135,0.24791406890603493,0.585481195369552
100526820,-10.643749999999997,0.13602120022166053,0.4642252044023014
100526825,-9.88392857142857,0.21150562112924437,0.5494775674163599
100526830,-12.511607142857141,0.09823575043175288,0.4102222298064682
100526831,69.19196428571428,0.2958680848264213,0.6270995701161498
100526832,-126.6205357142857,1.996649202989748e-06,0.014938761753106588
100526833,-8.013392857142858,0.007735374858431806,0.18786893212895334
100526835,-21.096428571428568,0.0012102346430406172,0.12526828038434104
100526836,1594.3758928571428,0.024351090478810768,0.2478513825108395
100526837,-71.6366071428572,0.673524259919969,0.8667954738519044
100526842,-185.0937500000009,0.7256762021735703,0.892044299515265
100527943,111.92500000000018,0.6684466663189768,0.8642684863194375
100527949,106.87767857142862,0.2239144375950723,0.5625934503387561
100527950,46.808928571428595,0.1586183497619185,0.49132673323160586
100527960,11.90625,0.7409811096474463,0.8984598154580822
100527963,-9.301785714285714,0.16414490328149622,0.4989255208493797
100527964,4.867857142857147,0.5182256392913493,0.7823394214941747
100528016,29.187500000000014,0.22558613789279292,0.5640943100520673
100528017,21.97321428571428,0.5037250611425286,0.7733002328038987
100528019,-37.631249999999994,0.0035859455242431655,0.15830078651700105
100528020,0.25714285714285623,0.9650614514717247,0.98778965381803
100528021,15.283928571428582,0.3137619465061415,0.6411748621983542
100528022,-23.856250000000003,0.03412418288101769,0.2778090529793535
100528030,-97.42946428571432,0.19000035704560966,0.528884959926754
100528031,1.9562500000000043,0.8520618453261545,0.9460336567542745
100528032,32.85357142857141,0.4126062455176235,0.7152582902243521
100528062,-41.886607142857144,0.4790102980140551,0.7580870249200472
100528064,48.10178571428571,0.09520772740084965,0.40547456735016785
100529063,121.14732142857133,0.03951133164792144,0.29162776069805835
100529067,-54.512500000000045,0.4377210655182071,0.7314996689414169
100529097,354.63214285714287,0.19807533042637593,0.5363395746365939
100529145,14.534821428571433,0.5028404689604048,0.7728776183630421
100529207,181.74196428571432,0.000902229186045749,0.11859210302321158
100529209,263.39732142857144,0.0278521373234979,0.2579443202875403
100529211,307.6839285714286,0.020854863562278263,0.23894376891608635
100529215,-4.708928571428579,0.5626526805635699,0.8082773334160058
100529239,-36.10446428571427,0.09962355449044062,0.412145081891503
100529240,7.8241071428571445,0.03546691029982572,0.28148545806981723
100529241,28.418750000000045,0.6410526504611457,0.8505108872594792
100529251,142.61339285714286,0.0023429709104233892,0.14622419437862708
100529257,-243.2803571428572,0.024092158968052328,0.2477526110470337
100529261,-6.94821428571429,0.13294291992245688,0.4599948886672943
100529262,47.06250000000001,0.013816352309257129,0.2149101173566525
100529264,24.564285714285724,0.005063340176358433,0.17125077921971654
100529855,14.493749999999991,0.15627021436631003,0.48860225019121417
100532724,80.43214285714288,0.34287140317771525,0.6628653148312147
100532726,-44.11160714285711,0.3672396691217996,0.681116503687291
100532731,21.151785714285552,0.9326146549750635,0.9761600846945924
100532732,18.700892857142854,0.15475951493393375,0.48720107130061513
100532735,39.08839285714284,0.06788312195510755,0.3580874578777722
100532736,532.1821428571428,0.05746412683421519,0.33641448509349153
100532737,-25.288392857142753,0.7980185221062839,0.924203039392645
100532742,-69.91785714285714,0.00019963976872707225,0.08218894428282343
100532746,6.276785714285708,0.7235544827442881,0.8910442446209991
100533105,88.25892857142856,0.21912324037325953,0.5580619143186898
100533106,17.046428571428574,0.011270715212495433,0.2052032142381971
100533107,30.99017857142857,0.004168863177990716,0.16481026338152016
100533111,-7.155357142857142,0.25723356380308965,0.5940184060338628
100533178,-10.1125,0.21008387133314455,0.5484268265117354
100533181,7.293749999999999,0.38113203794504086,0.6925342609817796
100533182,0.3080357142857153,0.9509366427378279,0.9831542850440295
100533183,-0.3321428571428555,0.9658975096789636,0.9879975743039986
100533464,-8.630357142857147,0.14261784764875934,0.47219949358412033
100533483,276.20446428571427,0.05753502568291783,0.3367295578263254
100533496,13.85357142857142,0.23955143732533596,0.5763972554575867
100533789,-4.11875,0.30208481022255523,0.6317264103621422
100533955,-3.5821428571428555,0.5270461830920301,0.7872544875672737
100533970,499.7794642857143,0.01747022916897089,0.2284444572678404
100533990,-16.18660714285715,0.07719825439433439,0.3751182093451956
100533997,-13.174999999999997,0.01471038994504206,0.21752154060372378
100534012,14.728571428571428,0.6438827539096934,0.8519916366713854
100534589,-361.96160714285713,2.4332154414505748e-06,0.014938761753106588
100534592,-512.0928571428572,0.1840291934011621,0.5230983181288557
100534595,66.91517857142858,0.002415100727598882,0.1473649815939666
100534599,32.7375,0.0008453574717063105,0.1180986166525225
100534612,-30.41964285714286,0.0893407013142162,0.39589637601246835
100616104,5.3758928571428575,0.03612254002232442,0.2829060871467999
100616113,226.31696428571422,0.3260279743738616,0.6504583235738709
100616119,-11.100000000000001,0.005156578510846011,0.17182093284629854
100616124,25.41160714285712,0.19557206022868956,0.5341789438922651
100616142,-24.055357142857147,0.0022107209611116653,0.14441564549074604
100616193,6.926785714285728,0.7769134956747487,0.9146604374586439
100616234,-5.457142857142859,0.1484452687457148,0.4793762901401564
100616237,-61.959821428571416,0.012621345756216233,0.21035609057825028
100616282,934.8776785714285,0.017060159952420113,0.22694993805317995
100616358,29.940178571428568,0.11247189545420941,0.43235726822300846
100616367,14.555357142857142,0.03261818887707091,0.2737794714236801
100616371,105.55714285714288,0.17585310707030735,0.5143332341954472
100616378,84.42946428571426,0.04389135816416361,0.301818640123965
100616388,11.684821428571425,0.2925869996554631,0.6249148094129632
100616393,-67.40535714285714,0.006821609090104483,0.1820260990734322
100616408,-571.1732142857127,0.3266411366299921,0.6511029984776995
100616424,48.374999999999986,0.05201806968838595,0.32209336796855986
100616434,-4.250892857142857,0.3609868327110367,0.6765718866884661
100616446,97.83482142857144,0.6252534518053978,0.8428980847428822
100616452,-5.38125,0.03783884808953672,0.287538432146688
100616459,125.74285714285716,0.005715885507024886,0.17665891665889058
100616465,-15.473214285714292,0.33146243292148475,0.6546502169934891
100616497,-27.09464285714285,0.0503423142768553,0.31853558998808745
100616500,74.08571428571429,0.23992220922207844,0.5767475926581546
100616668,-2.8616071428571423,0.46588408612764143,0.7499058589957994
100628307,-9.631250000000003,0.07455641831141822,0.3703436150792033
100628315,113.35892857142863,0.42080760824770236,0.7202271398010056
100630918,-12.952678571428564,0.0557677287100025,0.33178461014356764
100630923,32.47410714285715,0.028751071575833162,0.26113913696878255
100631378,-5.748214285714286,0.16561024567491903,0.5007494296168123
100631383,-287.41696428571436,0.008228290129477648,0.1897704920352109
100642175,-7.6151785714285705,0.18211407149775014,0.5212837748659616
100652730,-1.1499999999999995,0.27992309633369417,0.6141324702878989
100652740,-14.912499999999994,0.2611480477541406,0.5976171735709709
100652748,-111.42767857142871,0.6076217770494037,0.8329585964340624
100652768,-5.858035714285716,0.5246040415680436,0.7858485341666496
100652770,-23.858035714285712,0.22993916386360588,0.5678509639207401
100652772,-159.4955357142857,0.01618617595244005,0.22347958843425753
100652777,-16.975892857142853,0.018205234227063428,0.23115912247206058
100652781,2.858928571428571,0.07860467674973039,0.3776215360066347
100652791,-8.808035714285717,0.016894656763922728,0.22617907898322115
100652824,-13.448214285714283,0.05199507270987385,0.3219975038745189
100652853,-3.9589285714285722,0.480327928281833,0.7587521518204443
100652856,-61.721428571428575,0.014878547925503168,0.21795848441472968
100652857,-2.1178571428571438,0.4310771601636409,0.7267263843748974
100652911,4.929464285714291,0.46887612796507105,0.7516508032747979
100652929,4.138392857142858,0.5041907547718227,0.773530715921368
100652930,12.082142857142856,0.358443219837653,0.6743473623502745
100652931,-6.038392857142858,0.24006614285556332,0.5768800358206619
100652988,-23.486607142857125,0.31703817437630816,0.6438229417315596
100652999,-6.0026785714285715,0.2857313352053843,0.618952486226402
100653005,-3.758928571428571,0.14005209786379927,0.4692548447560534
100653022,-4.274999999999999,0.6832310303202717,0.8714518868744658
100653049,0.09107142857142847,0.946557918615816,0.981724859214935
100653057,-32.455357142857125,0.14878272379952875,0.47969662836061056
100653061,-10.973214285714292,0.3838128164084764,0.694016130473706
100653086,-2.532142857142855,0.5298654736813467,0.7887985089395515
100653137,16.278571428571432,0.13510532726902258,0.4627229136956537
100653149,-10.11785714285714,0.625686529860441,0.8430728350167831
100653233,-5.11071428571428,0.32077329983301583,0.6464533788562529
100653247,8.664285714285683,0.8087676424893767,0.9282958088192856
100653296,9.199107142857146,0.13736771114630203,0.46583015610767625
100689073,-7.646428571428565,0.26232334305561666,0.5984957937227549
100689074,-9.021428571428572,0.0030547248950285612,0.15203924887737885
100820829,-37.9267857142857,0.26182696595435423,0.5982538191921761
100847004,-16.490178571428572,0.29284939643850655,0.6252065892337113
100847052,20.13214285714298,0.7788538674118417,0.915605956171125
100847079,62.95714285714286,0.13739380259087908,0.46588973931135663
100852405,-3.80892857142857,0.6180102479411489,0.8385630443779638
100852407,3.0383928571428562,0.3033772669375431,0.633016331252755
100852408,-1.1330357142857146,0.8093365444582167,0.9285138713614701
100852409,-12.979464285714293,0.22656990443835337,0.5652007725342348
100856811,2.275892857142857,0.5690932926755446,0.8116014340089573
100859921,-8.508928571428571,0.02499388499751893,0.2504621285450221
100859930,-1.4830357142857338,0.9736189473844807,0.9905681341207697
100861412,-11.526785714285722,0.1274513024473351,0.4532121254007354
100861437,211.10803571428576,0.004785544811333891,0.16997001039451554
100861523,-9.162499999999998,0.09502867870410511,0.4052170494577248
100861532,30.32589285714287,0.24108034393394387,0.577719425334025
100861540,-7.408035714285714,0.045516033536655225,0.30558498514283766
100861541,-35.36607142857142,0.015828471018922353,0.22190298793835378
100861543,5.8535714285714295,0.2572969724947775,0.5940655762002646
100861544,-1.0883928571428578,0.7721400090183482,0.9120305263901171
100861545,0.12589285714285747,0.9254774779281657,0.9735931538367124
100861546,0.43214285714285694,0.7422560698759318,0.8988002926727167
100861547,-6.609821428571427,0.039219722281097734,0.2908253177192432
100861548,-2.9589285714285722,0.5813911816234162,0.8178819144816898
100861551,-5.1607142857142865,0.29761309542407177,0.6284565113668749
100861552,0.31160714285714297,0.8849961312295455,0.9578960976160154
100861553,1.77767857142857,0.5418800512891764,0.7957694341875243
100861554,-6.714285714285708,0.3224179909739984,0.6477257696899689
100861555,7.8071428571428605,0.33914686665089083,0.6602116507276707
100861573,-6.112499999999997,0.27389578836158707,0.6086778779622953
100862662,-0.10178571428571637,0.979282555776784,0.9929762752377675
100862671,-4.904464285714285,0.014895321373642129,0.2180087565941108
100862679,-1.1133928571428573,0.3342392283514059,0.656860997452037
100862680,1.5339285714285724,0.6314447515164758,0.8457885246861342
100862697,-0.2419642857142854,0.9226049794004214,0.972797239525011
100862704,-5.157142857142858,0.29081745188483005,0.6236691187214388
100873923,-10.05982142857143,0.0018451843731124246,0.13688664260504996
100873930,-10.027678571428572,0.12796529067134346,0.4538467999127987
100873942,-3.275892857142857,0.4637549357960288,0.7485770286563497
100873949,4.290178571428573,0.4071633355949321,0.7111007604239256
100873954,-8.532142857142855,0.19278804097311156,0.5316865644491741
100873964,-7.382142857142858,0.2314132395517169,0.5691977127229809
100873979,-16.98482142857143,0.010150666573584679,0.19882419542709448
100873985,1.2249999999999996,0.7538161252804869,0.903642827441422
100874012,-7.160714285714286,0.008114895704859381,0.1892170817174576
100874014,0.5437500000000002,0.8870614173474791,0.958764934833223
100874016,-25.66964285714286,0.1512452063815823,0.48262782790070824
100874018,-6.975892857142856,0.13470239912852214,0.46218494873739796
100874021,-3.21517857142857,0.201327990484687,0.5392161207464824
100874032,-24.768749999999997,0.04845514514205871,0.31333945128823887
100874034,-12.910714285714278,0.5125080896179088,0.7787610416280131
100874035,-0.7821428571428566,0.8386161849506872,0.941423960134705
100874038,-3.7107142857142845,0.07824869229057499,0.37673892664557834
100874051,-4.897321428571427,0.29727462850335734,0.6282056254991053
100874058,-19.259821428571442,0.27366594643184583,0.6085113514645236
100874063,-8.071428571428571,0.25465357191398214,0.5917205288736496
100874068,-0.2267857142857137,0.9213152414022145,0.9721942236302458
100874069,-2.1071428571428577,0.4969103305486036,0.7684941114684724
100874074,-14.330357142857146,0.012309504754258526,0.20862435599475662
100874107,-11.814285714285713,0.058367102645118386,0.3391021598518665
100874110,-10.825892857142854,0.15262541774621763,0.48448587349781286
100874114,-2.0133928571428577,0.7533405878308944,0.9034832226996458
100874143,-6.893749999999997,0.30672732202067937,0.6358961821080608
100874164,-20.06875,0.04006026164398094,0.29367358863830406
100874167,-2.135714285714286,0.6328383807182977,0.8465229303693735
100874178,-3.7964285714285726,0.4019609388650191,0.7071175782639936
100874180,-6.374107142857142,0.2806091056811634,0.6147800222083072
100874182,-5.13750000000001,0.6890420085220519,0.8743925084264311
100874187,-4.690178571428572,0.031485772119622335,0.2698674699232405
100874194,-0.5366071428571431,0.8866551661473608,0.9585652134802298
100874195,-6.840178571428567,0.11455757648500456,0.4357475646526801
100874199,-5.9669642857142815,0.25324970329902047,0.5907413903352821
100874205,2.2732142857142836,0.6830735168011449,0.8713954678707942
100874238,0.7294642857142879,0.8510004826060111,0.9456156650302643
100874239,-3.725892857142859,0.17844223561935982,0.5173850152457177
100874241,-8.097321428571426,0.13887960611537462,0.46770818998202074
100874243,-11.58125,0.02410854357419488,0.2477526110470337
100874251,-2.723214285714281,0.6813554266273137,0.8705123726190277
100874253,-4.112499999999999,0.4256218738685722,0.7233242350899486
100874291,-7.138392857142861,0.1650972257125008,0.49991201632220633
100874292,-4.033928571428568,0.7668928407010018,0.9095965649068091
100874305,-3.4089285714285715,0.431048611161979,0.7267263843748974
100874309,-9.976785714285711,0.25126868573619254,0.5887351853754053
100874314,-6.558035714285715,0.26974905309632347,0.6050021088412533
100874323,-1.1750000000000007,0.4463569211231127,0.7374548943975131
100874362,-5.033928571428582,0.5646855305942923,0.80955978145221
100874365,-1.966071428571432,0.6686848511648782,0.8643107384737521
100874371,-2.0428571428571427,0.557141833060514,0.8052996730281861
100874375,0.07053571428571459,0.9718173422729808,0.9900704937629311
100874392,-26.838392857142857,0.009437698939641257,0.1962000720626942
100874433,-9.472321428571437,0.1983597216105913,0.5367109308189775
100885775,-12.94285714285714,0.10374687226217333,0.4184302836418693
100885778,3.6419642857142875,0.541293632660104,0.7954169889339753
100885781,0.9767857142857128,0.7984035918653165,0.9243560907408402
100885798,-5.2544642857142865,0.3033352334091418,0.6329855305768798
100885848,-37.608928571428585,0.013304907006391439,0.2125008398386404
100885850,-30.508035714285725,0.0419322433664777,0.2975529404363619
100913187,57.32142857142857,0.06331956615241074,0.3494143398650643
100996246,-0.965178571428571,0.6860938551622959,0.8729447438098885
100996251,-2.8508928571428562,0.4551926015653073,0.7431813034693973
100996255,1.8276785714285921,0.946395134789711,0.981724859214935
100996263,-8.028571428571428,0.007179181461552886,0.18463030824512597
100996279,-1.4839285714285717,0.4899125042887422,0.7640689782921237
100996280,-11.468750000000005,0.14956281674240043,0.4804505200826145
100996286,2.7267857142857146,0.6428814774923433,0.8514702837114864
100996295,-9.375000000000002,0.022991546326566116,0.2446432540456128
100996301,-6.250892857142858,0.3987336933588988,0.7050244060668066
100996307,-0.30357142857142794,0.9262407720702547,0.9738138261083988
100996325,2.0767857142857142,0.3530352381571255,0.6703782741027624
100996342,2.3714285714285737,0.759212804011236,0.9063112172073607
100996345,-1.963392857142857,0.784631144927468,0.9184191694562303
100996349,0.6839285714285719,0.5347745260984811,0.7917490971273946
100996385,-6.089285714285712,0.021149014199325137,0.23977010281175182
100996404,-1.543750000000001,0.7134858017922047,0.8862045074397145
100996412,32.707142857142856,0.5386480178471038,0.7936450462377493
100996419,-17.824107142857137,0.23292519776783782,0.5703647938188698
100996425,-4.726785714285711,0.4139697331373538,0.7164103447568947
100996455,-1.9116071428571422,0.3576814586146745,0.6736359761051272
100996481,-0.6044642857142852,0.8877474271709719,0.9590703349319862
100996485,-30.165178571428584,0.14369159874434398,0.4734730405199185
100996490,-13.956250000000004,0.16288719372590454,0.49733266180097335
100996492,-7.7678571428571495,0.1431865667493257,0.47292047462965947
100996506,-6.535714285714285,0.2217094627464155,0.5603066380851855
100996511,-27.509821428571428,0.057121151048531556,0.3359254526813448
100996539,-6.307142857142857,0.3258716726260704,0.6503041718676692
100996542,-10.850892857142856,0.07019359143999929,0.3621863527211863
100996549,-4.2955357142857125,0.14389118858900032,0.4736725057311345
100996570,-4.588392857142857,0.2126417036618492,0.5508734966932767
100996579,8.708928571428572,0.11846810848975561,0.4407308326965776
100996583,-7.599999999999998,0.20735129393264032,0.545175765313973
100996590,-1.6517857142857135,0.6411517835456602,0.8505437844821896
100996597,-4.106249999999999,0.27977013806129475,0.6140186375442073
100996624,-20.87142857142857,0.02230231530169346,0.2426291168780445
100996629,-53.63214285714284,0.13784794190466482,0.46647497825323686
100996634,0.31071428571428594,0.9060090938591986,0.9660480762671702
100996654,-0.4169642857142861,0.9446768083658766,0.981066432985817
100996665,-3.736607142857146,0.4909125868651263,0.7648273889616977
100996671,-1.7928571428571427,0.5027169361680506,0.772787018500793
100996681,-2.59017857142857,0.710817566793749,0.885261907540792
100996693,-30.30803571428571,0.012469561127337174,0.20957631240569885
100996694,-12.091071428571428,0.01972654334804025,0.23641453220133712
100996696,-400.961607142857,0.08073401670014586,0.3809227099655225
100996702,-9.870535714285715,0.13961168504616867,0.46858618047263795
100996724,-16.958035714285714,0.3201493830676353,0.6460386299333442
100996735,47.320535714285725,0.04614576650142625,0.306951738867754
100996740,84.18660714285713,0.04980099878678351,0.3171093498213311
100996741,-3.810714285714287,0.5251899168654444,0.7861457237205872
100996756,-3.4312500000000004,0.6426104726838897,0.8514088941171186
100996758,-1.1464285714285722,0.7779649141737104,0.915149458517774
100996760,2.461607142857143,0.4505081089139257,0.7396856112573239
100996782,3.242857142857142,0.35130443581178333,0.669488280881314
100996792,-85.61071428571427,0.20230606583579025,0.5400656290987663
100996809,3517.609821428571,0.0071611324551944504,0.18463030824512597
100996843,-42.69732142857143,0.025925935545717343,0.25351568199783814
100996902,-9.129464285714285,0.2986066825605349,0.6291551209981938
100996906,0.3598214285714292,0.9605245564478703,0.9862708630415977
100996919,19.89285714285714,0.2313727266223371,0.5691977127229809
100996928,-48.0,0.05060575456327038,0.31891074582143936
100996930,232.05625000000003,0.02877653301483756,0.261224795382076
100996939,-110.6446428571428,0.3895191206606952,0.6980515373348183
101055625,-11.510714285714286,0.08441495291434097,0.38744214806902655
101056700,0.882142857142858,0.7700342357783996,0.9112801922262631
101059948,3.7098214285714297,0.21051939199920283,0.548781718201412
101060004,-2.7883928571428562,0.6427395404177764,0.8514415345209498
101060019,-1.4428571428571422,0.5900686050830517,0.8237291850877982
101060091,9.642857142857142,0.004591527632380574,0.16848770209469197
101060179,7.458035714285707,0.59209430485967,0.8250778906667973
101060181,18.436607142857127,0.5609588870041408,0.8074769665548923
101060200,-4.226785714285713,0.3424910561228346,0.6625523897545378
101060233,1.9750000000000005,0.30918028424673716,0.6378873303450665
101060236,-9.9125,0.1052807131268944,0.4214053584581899
101060264,-2.4580357142857148,0.43741560402808466,0.7312132609052058
101060275,5.121428571428567,0.9168534312364586,0.9706905821458085
101060301,-8.900892857142853,0.08251938271833018,0.3835541316096831
101060363,1415.5133928571427,0.013066212486027583,0.21137711545547824
101060373,213.24017857142871,0.1986665918237123,0.5369797573447489
101060386,-51.539285714285825,0.6963110665421122,0.8778291536752227
101060391,-5.276785714285719,0.5705699813041174,0.8124138012861151
101060399,141.52053571428576,0.12010326851262262,0.44242034214544973
101060400,5.721428571428568,0.3430661618296059,0.6630074015776645
101060405,-17.049107142857125,0.3597205001209454,0.6753560313204
101060424,-9.970535714285713,0.10702705652949819,0.4243502217687326
101060443,19.514285714285705,0.12499383226740353,0.45013606789771105
101060521,-65.06160714285716,0.05403470265575398,0.3265915728170848
101060544,-1.2616071428571445,0.8288253313764334,0.9371003475942324
101060553,0.15089285714285694,0.9826559859529433,0.9942211371782819
101060581,-36.63214285714287,0.4741159307416153,0.7548935179620203
101060604,-55.102678571428584,0.037511164427700694,0.2864817593357362
101060609,-15.449107142857148,0.0880369284024765,0.39351038754131806
101060684,250.5464285714288,0.3828432355854721,0.6934051041190259
101060691,13.924107142857142,0.21337630633260396,0.5520702985394246
101060747,-158.2660714285713,0.02580401755190415,0.25310683777217
101060817,-720.5383928571429,0.0003623984336206303,0.09572045583675344
101060835,2858.641071428572,0.006705580707088531,0.18122967135939963
101101776,-7.963392857142856,0.0038084907976298665,0.1608115647404086
101180901,-14.100892857142867,0.5113516435441616,0.7782366349555194
101241892,30.247321428571382,0.6690496657666283,0.8645038781503838
101243544,5.517857142857146,0.45092215188183593,0.7399910715900261
101243545,-23.675892857142856,0.7720171626988751,0.9120305263901171
101340250,54.073214285714286,0.050312608866816814,0.3184213323061939
101362076,-6.231249999999996,0.2488121293047796,0.5864665331425893
101410533,-21.584821428571434,0.00016992306557897838,0.08218894428282343
101410535,-2.4723214285714263,0.4073282451681658,0.7111466673455441
101410538,-48.52589285714288,0.05537592880297447,0.33056872008981647
101559451,-18.290178571428573,0.0002489141888573885,0.08348620717944168
101593348,1.7589285714285712,0.723939844214288,0.8912323467174682
101669762,-5.5392857142857155,0.058966890416845,0.3403372462304445
101669764,-6.796428571428573,0.19010151550879137,0.52894658322866
101730217,16.93125,0.18381351350259553,0.5227842202847696
101752400,-2.71875,0.7076610076438374,0.8835057107968582
101805491,-8.15625,0.10408309395832001,0.4189555507772443
101926887,-1.6758928571428573,0.4500615320402952,0.7393742454945207
101926888,1.834821428571427,0.7760286801622581,0.9140646924022984
101926890,6.7875,0.17769034186967597,0.5162452543559453
101926892,-7.690178571428568,0.12628578474789307,0.4519354125569791
101926903,-5.401785714285715,0.31514675901426925,0.6422488291693789
101926906,-1.090178571428571,0.223769738890782,0.5624451370315954
101926907,-6.139285714285718,0.2674260690356497,0.6030401965491508
101926913,-9.349999999999998,0.012230330491977717,0.20849517196955838
101926915,5.099107142857141,0.3039707532039722,0.6335051557360192
101926916,0.8303571428571423,0.876118797822596,0.9551264502402196
101926918,10.783928571428572,0.42715794055660294,0.7242792039045959
101926921,378.02589285714294,0.21728186555739032,0.5561875404839832
101926928,-1.6937499999999996,0.5826291169247593,0.8187325734517634
101926934,-9.716071428571434,0.10108300754373438,0.4144302456442923
101926942,-6.998214285714284,0.09020151263942042,0.3972957132385543
101926943,-5.239285714285716,0.2860980881164104,0.6193044187222324
101926944,-2.0089285714285703,0.39369988349918345,0.7013633029330375
101926948,-4.982142857142856,0.04578826872750629,0.30627276641502404
101926951,-16.724107142857143,0.0003871602853755097,0.09656838991718651
101926959,2.748214285714286,0.16466440091336426,0.4994130910774929
101926960,-28.598214285714285,0.15980810409929122,0.4929263724937713
101926962,-3.236607142857144,0.3538597297013188,0.670941903225815
101926963,9.40982142857143,0.1466108635259634,0.4767425337981473
101926967,-0.8142857142857167,0.9043502144068327,0.965456070574665
101926975,-4.048214285714286,0.3503908675456067,0.668505668608511
101926978,-30.76160714285713,0.40032785134909027,0.7061532221096757
101926984,-34.95357142857142,0.07035466050712795,0.362404876637167
101926987,0.5999999999999996,0.8987002526853257,0.9631666000820925
101926996,-10.522321428571427,0.07166963868090512,0.36478658488907906
101926997,-6.727678571428573,0.30170039735591475,0.6313813528835122
101927003,-1.0044642857142847,0.8211105261296266,0.9335069869445508
101927007,0.7562500000000005,0.8257962998315442,0.9354496476461626
101927017,1.307142857142857,0.42891955704166307,0.7252343141159368
101927018,2.4607142857142854,0.7193102125277913,0.8891246700532612
101927020,-14.871428571428563,0.07576534544102712,0.3724243073423383
101927021,-18.785714285714285,0.02327208252500951,0.24544870254481355
101927027,13.220535714285724,0.13350012520945326,0.46049707957760666
101927034,-2.0491071428571432,0.48342527135719815,0.7603555012037211
101927038,-6.204464285714284,0.07880377899792865,0.37799842718195514
101927040,-3.654464285714287,0.4269050684114789,0.7240882791134059
101927043,-4.46875,0.2879377946607303,0.621330503468504
101927044,3.4732142857142847,0.5523686496794359,0.8021875244693784
101927049,-10.145535714285712,0.09239604773194669,0.40080561010347393
101927051,-7.530357142857138,0.1360561964490025,0.4642252044023014
101927057,-9.40625,0.2844310753026833,0.6177738975793579
101927058,-3.6410714285714256,0.47180634865138427,0.7537183962750749
101927059,0.7857142857142856,0.7966445005508852,0.9237278236298783
101927060,0.8357142857142854,0.6313081630668511,0.8457713316429415
101927066,-1.1723214285714278,0.5616573623638093,0.8077517031533992
101927067,-5.483035714285714,0.09969229666815926,0.4122429526797465
101927069,-9.063392857142858,0.4343203583423944,0.7290901317890823
101927071,-3.515178571428569,0.4584589540955839,0.7450744033658478
101927074,-2.6187499999999995,0.3412181318637786,0.661657730162154
101927075,2.6553571428571416,0.4322489897871722,0.7275098789546286
101927079,-16.511607142857137,0.1173357291080991,0.43958688426650117
101927081,-3.5973214285714263,0.20736915133606387,0.545175765313973
101927084,-3.0571428571428605,0.6674472060741254,0.8637224434285046
101927085,-6.862500000000001,0.16381367663065058,0.49862911773000573
101927086,-4.871428571428574,0.16354687925987915,0.49843076375608386
101927089,-5.259821428571426,0.1580939902888267,0.49084143310838085
101927093,-9.48392857142857,0.15187859917958488,0.48341688602747923
101927095,-5.475,0.23857787023951957,0.5754202594606976
101927096,-9.006249999999998,0.300104341177896,0.6302002659411495
101927098,-1.9580357142857139,0.7062278648651268,0.8829646326224401
101927104,-12.535714285714288,0.08976728459534213,0.39667229332015924
101927111,-4.541071428571426,0.38121699342738935,0.6925342609817796
101927112,-4.469642857142857,0.1873394909203793,0.5263074569811426
101927115,-8.482142857142854,0.24937303471701366,0.5871359345944673
101927117,-11.367857142857147,0.0487379996080575,0.31435061089660776
101927122,-16.71249999999999,0.2298203344825371,0.5677369990982623
101927123,-3.194642857142858,0.1655423325717966,0.5006652856158302
101927124,-4.594642857142857,0.059277444274936496,0.34108071014798513
101927125,-3.173214285714284,0.5671450767500732,0.8108280758554366
101927126,-7.1919642857142865,0.2273238528901184,0.5656456404117427
101927129,-4.89375,0.10720583584609454,0.42474486049892896
101927131,-18.359821428571433,0.008543647626576951,0.19074068353740092
101927133,-3.9607142857142863,0.0834815684892889,0.3856006384347275
101927137,-61.624999999999986,0.17155728801737413,0.5086312144075795
101927138,-2.8116071428571434,0.43504519413925014,0.7295799577481734
101927143,-13.675000000000004,0.21177520292277588,0.5497487997247541
101927144,-201.5875,0.01482709179441636,0.21785422552904174
101927150,-11.122321428571428,0.03161107910930347,0.2701791074411704
101927151,19.26428571428572,0.11712907045657765,0.43949695467151856
101927152,-2.470535714285714,0.35872766151080826,0.6745343361799169
101927157,-15.308035714285715,0.12863076057764114,0.4548203346428591
101927159,0.5410714285714313,0.9132973497807211,0.9691494985550175
101927164,-0.7651785714285744,0.8502717233948837,0.9453261842514693
101927165,-4.464285714285715,0.20970123825737996,0.547932675522015
101927166,-80.3848214285714,0.7480114848410766,0.9010846262957645
101927167,1.3928571428571423,0.7971160353600556,0.9239022986795353
101927176,-10.452678571428574,0.044100500153412076,0.30267633804737953
101927178,191.55178571428587,0.2854035592377357,0.6185368003116333
101927180,128.83303571428576,0.03847639580086485,0.2890847070195864
101927181,-2.8705357142857135,0.27770074484805374,0.6122046782213354
101927193,-5.117857142857142,0.22578223758054522,0.5642556951492222
101927195,3.388392857142858,0.1982048126167237,0.5365523989088722
101927196,-1.036607142857143,0.5861966060737706,0.8212105753262708
101927204,12.278571428571446,0.3707076718320689,0.684475739382301
101927206,-4.579464285714287,0.22840974791810612,0.566655793849327
101927210,-8.713392857142853,0.11960043464693047,0.4420139086332921
101927211,-3.038392857142857,0.2644959069186723,0.6006892526627884
101927219,-3.6883928571428566,0.22418377967284148,0.5628047652882845
101927220,-16.898214285714282,0.19931762209129367,0.537503486902805
101927221,-16.192857142857136,0.22580796177958157,0.564287687293689
101927224,-1.2517857142857167,0.8425116212841585,0.942437832082775
101927228,0.9964285714285701,0.7915689037087863,0.9213932032597592
101927237,0.969642857142857,0.6587836563914947,0.8595363713627034
101927244,-0.45535714285714235,0.8422351103132961,0.9423452086707383
101927247,-16.713392857142853,0.13385060447252553,0.46111031438065236
101927248,-0.8464285714285706,0.559476891455444,0.806597380031811
101927249,-13.765178571428567,0.05782073215531023,0.3377869997426634
101927253,-3.0321428571428584,0.47437994539286754,0.7550914833570359
101927254,-4.433928571428572,0.22082372823732066,0.5593944520239696
101927256,-1.6732142857142884,0.5824643069454798,0.8186696380787201
101927257,-6.5026785714285715,0.28765515903385547,0.6210536012345176
101927263,-20.025000000000002,0.07267601422615705,0.3665186133274244
101927266,13.853571428571428,0.32313945792733095,0.6484017124991494
101927272,-4.460714285714285,0.09263961375384211,0.40119373322703505
101927273,-8.051785714285712,0.20216873330388302,0.5399650170828207
101927274,-2.852678571428573,0.5230000313777948,0.7848651136800335
101927275,-26.058928571428567,0.014360210345616516,0.21702423110789504
101927278,2.09017857142857,0.5365191890389414,0.7926016390355072
101927279,-7.258928571428573,0.030134586590269477,0.2658719576929133
101927282,-2.562499999999999,0.5085939299566441,0.7762048471158467
101927286,-6.158928571428573,0.21723886283029278,0.5561875404839832
101927292,0.7723214285714288,0.8042210030803133,0.9265004181170301
101927295,-8.229464285714286,0.022084769778774146,0.24202942225986698
101927305,1.4482142857142861,0.6799183787838508,0.8696387006521251
101927308,-1.1919642857142847,0.8103872612186561,0.9290357644390916
101927310,-3.0526785714285705,0.23707833669920184,0.5739575832017738
101927313,1.5410714285714286,0.4782599445040287,0.75765457081286
101927314,-0.1250000000000009,0.9647703772319329,0.98778965381803
101927320,-10.07321428571429,0.44201320103227426,0.7344122542852901
101927330,5.894642857142857,0.10468228881226381,0.4200736984081119
101927331,-2.556250000000002,0.5803968491440342,0.8173668902295338
101927338,9.732142857142854,0.6458942872706823,0.8530016946020424
101927339,6.650892857142857,0.49134775203867126,0.7650634602356425
101927340,-3.5401785714285694,0.4874953043699556,0.7628525681430952
101927342,-8.874999999999998,0.15120273318754976,0.48262782790070824
101927345,-27.095535714285717,0.025247480551268082,0.2512663758036146
101927346,0.8535714285714295,0.8156139838517641,0.9310925624501423
101927348,-2.234821428571431,0.6866784833547169,0.873154759550209
101927350,-11.186607142857142,0.028817645969634695,0.2612977279769292
101927354,2.291964285714286,0.47096212088305656,0.7530765140627644
101927358,-9.349999999999998,0.025069126442725412,0.2504621285450221
101927359,-1.9866071428571432,0.503737742872312,0.7733002328038987
101927360,-2.1732142857142858,0.5311353661890958,0.7897508766501146
101927362,-3.2669642857142875,0.6696780973067198,0.8648967961888289
101927363,-5.482142857142854,0.18726248838861023,0.5263074569811426
101927365,-7.383035714285715,0.12550939434894903,0.45098752208391085
101927377,-7.03660714285715,0.5496348734292148,0.8007270638087481
101927379,6.491964285714284,0.2239435383145969,0.5625934503387561
101927380,-10.075,0.36254347636508444,0.6778039584309176
101927382,-35.540178571428584,0.021153971218930912,0.23977010281175182
101927391,-14.6375,0.027543709170558324,0.25715973243274204
101927396,1.3294642857142849,0.7315148108382968,0.8943233899163636
101927402,18.859821428571436,0.0782664093686709,0.3767910480084601
101927406,-8.008035714285713,0.15995699664354254,0.4931609604962489
101927410,-10.683928571428574,0.0836696242722289,0.38597957526741083
101927411,-2.7008928571428563,0.05131690685352547,0.32021820157686653
101927416,-7.645535714285713,0.01634881738242969,0.2241849746414504
101927417,-2.0562499999999986,0.5592972490091732,0.8065088688748505
101927420,-14.102678571428577,0.07303530228559667,0.3674242282769755
101927422,0.5455357142857125,0.9170282525848585,0.9706905821458085
101927432,-1.2357142857142875,0.833867433137898,0.939337850395883
101927433,8.147321428571427,0.11981746367426017,0.44219688623891534
101927438,-0.6312500000000014,0.8973159566384626,0.9626075848600886
101927446,-14.775000000000006,0.37118692323382574,0.6849013150999838
101927447,-0.11696428571428541,0.9492549179254212,0.982516080761161
101927449,8.848214285714285,0.007649333392602632,0.1878321840087255
101927450,-2.528571428571425,0.4638214703618622,0.7485847925375207
101927451,-8.605357142857152,0.46644636007870155,0.7502855090260071
101927455,-9.065178571428572,0.20633343106921176,0.5438858520735297
101927460,-24.2,0.02677965265669758,0.25566505750509794
101927465,-5.887500000000001,0.16361932264851317,0.49853289829619996
101927467,-4.667857142857148,0.5033607111050025,0.7731556039910668
101927478,-11.699107142857141,0.03653882118903587,0.2834908540528645
101927479,0.9910714285714284,0.35673600924466364,0.6730039055933963
101927482,-1.8428571428571434,0.6306243811613936,0.8453587837104284
101927490,-9.749107142857145,1.2345663825832808e-05,0.030444753842458958
101927494,-1.2999999999999998,0.4815766863659822,0.759357866490172
101927495,-7.078571428571429,0.06652698608151014,0.35549593761253023
101927498,-2.466964285714285,0.5280219041060068,0.7879041949454415
101927499,-5.360714285714287,0.14066354709327364,0.470042127183514
101927502,1.2723214285714288,0.5353208658288673,0.7920164906113213
101927503,-5.393749999999999,0.03116980675241932,0.26886198072317047
101927507,2.9500000000000006,0.4230179938809792,0.7215530498920173
101927508,1.3357142857142863,0.5312417509140794,0.7898203325962554
101927513,-6.899107142857144,0.2073712005712793,0.545175765313973
101927516,-3.0580357142857126,0.3558217969843474,0.6725440530459317
101927523,-9.065178571428573,0.003058336207458035,0.15203924887737885
101927526,-2.5910714285714302,0.4942187502883042,0.7665228071138513
101927528,0.13214285714285712,0.965339370614833,0.9878119902947982
101927531,-5.117857142857144,0.5487209264332757,0.8001881895340781
101927533,-3.2705357142857148,0.017963790350044587,0.23028412759518527
101927534,4.730357142857152,0.5702176050402391,0.8122387445521794
101927537,-11.549107142857146,0.25832426879470927,0.5950654896292703
101927539,-8.75,0.11859482638814559,0.4408602211566399
101927543,-6.881250000000005,0.1816776708846572,0.5208621526909056
101927547,-3.608928571428571,0.3158732261045678,0.6429473471130168
101927550,-11.595535714285713,0.03426307352361096,0.2785211931167751
101927552,-0.694642857142858,0.8905268719940178,0.9598548382680749
101927553,-18.348214285714285,0.009164954629448413,0.19492717908956222
101927562,-25.292857142857144,0.08740687101613441,0.3922231502930798
101927565,1.1294642857142847,0.8560804513135493,0.9475111884345763
101927574,-12.908035714285724,0.1874269919292496,0.5263655007979833
101927581,-8.531249999999993,0.07577911184328384,0.3724243073423383
101927582,-7.4642857142857135,0.3177777912905867,0.644194415955335
101927586,-7.3321428571428555,0.09088420625717088,0.39838069570203793
101927587,-10.38482142857143,0.07642070812458103,0.373623268460321
101927588,-6.100000000000001,0.23537722117059132,0.5724245871142283
101927591,-3.605357142857141,0.3548061122560993,0.6715950904484068
101927592,-3.8124999999999982,0.5146802182565211,0.780130956339147
101927597,2.5901785714285595,0.834622855341242,0.9396784201062208
101927599,2.661607142857143,0.19096387998002604,0.5297559484455663
101927603,0.02053571428571388,0.9961904129396854,0.9987844209465333
101927604,-1.540178571428573,0.7749824338012175,0.9135031198290817
101927606,-19.041071428571428,0.22078167211934843,0.5593544573785341
101927608,-7.730357142857141,0.2970062837943722,0.6279838134938235
101927609,2.8008928571428697,0.8982239380683817,0.9630244296393594
101927610,-15.481250000000003,0.041802057902593635,0.29743981205417847
101927612,8.767857142857146,0.457403358300824,0.7444343815889014
101927616,-4.091964285714283,0.23139585531618664,0.5691977127229809
101927620,-7.330357142857142,0.5704216730029918,0.812340772402482
101927623,-8.888392857142856,0.12036682772617717,0.4427215812935578
101927636,-7.791071428571428,0.053766838988407804,0.3260177355762667
101927640,-8.045535714285705,0.34444716953240534,0.663799266652013
101927641,-2.8892857142857133,0.5731358271846073,0.8138788716565831
101927647,0.533035714285715,0.8873703863033713,0.9588524648933147
101927648,-15.568750000000005,0.07332802994735076,0.3678722156273826
101927650,-6.51071428571429,0.17508201641666093,0.5133592131485459
101927651,-8.866071428571429,0.00995453075888018,0.19801461866623513
101927653,-12.849107142857141,0.005887850765834516,0.17795369851962528
101927657,0.18035714285714377,0.9343053383433227,0.9768265488846194
101927659,-2.062499999999999,0.3329314636433735,0.6556814269397537
101927660,-1.2089285714285705,0.7377095158939735,0.8970546400707915
101927667,-3.0357142857142856,0.4744862405534489,0.7551093026621206
101927668,-6.496428571428572,0.19921423110163736,0.5374007344327029
101927673,33.93928571428573,0.1977025059380282,0.5359936783934989
101927682,-5.165178571428573,0.11370965271294599,0.4341922430879781
101927690,-13.699107142857144,0.0017934147656347291,0.13524821008424665
101927699,3.3357142857142854,0.619530816440866,0.8394240425687539
101927701,-5.706250000000001,0.2199845782308107,0.5587242446587808
101927702,-8.510714285714283,0.09865492058215164,0.4106240699474072
101927703,4.2616071428571445,0.52789658352443,0.7878846689375636
101927704,-7.219642857142858,0.011662789662107887,0.2066643213509123
101927705,543.2062500000001,0.04598837185562627,0.30678553333411007
101927709,1.3866071428571423,0.42193288936172024,0.720975729277525
101927710,-16.15535714285715,0.07794973560667645,0.37633956174099026
101927715,1.4714285714285715,0.6740999187710657,0.8671077063594405
101927719,-2.4205357142857142,0.36120913359193196,0.6767716132608944
101927720,4.534821428571426,0.07483401054511796,0.370738598965523
101927722,-11.79553571428571,0.022882042333030844,0.2445672148214922
101927723,-0.28839285714285623,0.936320685763589,0.977742756140568
101927733,846.8750000000005,0.026189634282347034,0.2543221174298187
101927734,-23.503571428571426,0.007305337837958195,0.18549043483744126
101927735,-5.456249999999999,0.15083064445052524,0.48247104259261453
101927746,-2.0500000000000007,0.4119373872866639,0.714688274732455
101927752,22.116071428571416,0.11284899463123582,0.43297113482143534
101927760,-9.668749999999998,0.013931963498960632,0.21551775732576597
101927761,1.6374999999999993,0.6438702537291587,0.8519916366713854
101927766,-13.716964285714283,0.11393177251722791,0.4347888366287036
101927768,-5.143749999999997,0.3401614245622004,0.6609354155097095
101927769,-19.192857142857143,0.036139985100951094,0.2829060871467999
101927770,-16.729464285714286,0.04102517954975781,0.29614986776722746
101927774,-16.025892857142853,0.04208146411405106,0.29806098084741345
101927777,-4.831249999999999,0.29838285393333963,0.6290392902424466
101927783,-7.327678571428572,0.11267151623639368,0.4326671688597292
101927787,1.748214285714285,0.7088437870059442,0.8841949729546905
101927790,-5.8964285714285705,0.09369368362436059,0.4031537747824517
101927792,-4.7330357142857125,0.10127336207508696,0.414886404113544
101927797,-8.3,0.12205819714354958,0.44535640820885103
101927798,-21.21964285714286,0.007309400188101453,0.18549043483744126
101927808,2.3267857142857125,0.6943640238274852,0.8772648132575065
101927809,4.149107142857144,0.2459039996576781,0.5834207135114653
101927811,-6.6339285714285765,0.5503174547035041,0.8011877735564927
101927813,-6.049107142857146,0.4463024208790975,0.7374548943975131
101927814,-8.765178571428569,0.017837165835190696,0.22991555957666704
101927815,-17.95982142857143,0.014850431241132812,0.21791393669053583
101927820,-4.131249999999998,0.3482320264633053,0.6669159749229325
101927821,-1.3857142857142861,0.5851504330005441,0.8203990031106175
101927824,-2.210714285714287,0.7854299644064585,0.9187715726128182
101927826,28.967857142857145,0.06082788151817575,0.3443533259480492
101927827,-11.98928571428571,0.13808386979289058,0.4668399444055338
101927828,2.1374999999999993,0.7263911082465245,0.8921021945173775
101927829,2.033035714285715,0.207998566277433,0.5457753808714617
101927830,-6.224107142857143,0.25326335861342597,0.5907413903352821
101927839,-0.4142857142857137,0.6531876923856075,0.8568902556541925
101927841,-3.979464285714286,0.7485222832215654,0.9013218079972848
101927843,-2.8508928571428562,0.09954033098956212,0.4120508477327611
101927849,2.8937500000000016,0.4891910476508107,0.7636837264283082
101927851,-2.488392857142858,0.3320380319018978,0.6550544632401047
101927861,2.738392857142857,0.28212748576837904,0.61579113719558
101927865,-0.0821428571428573,0.9816733725170462,0.9939442896735093
101927869,-7.416071428571428,0.11409060207509504,0.43488470321247247
101927870,-9.191964285714286,4.965651366167178e-05,0.05251032209654567
101927876,1.5455357142857125,0.5415582438949924,0.7955341030465957
101927877,-5.042857142857141,0.40778969741345256,0.7115407501780917
101927884,-19.30714285714286,0.013509722939293083,0.2131113969145555
101927886,-1.8249999999999993,0.6557590970931315,0.8583265470063364
101927889,-2.790178571428573,0.6733248143031815,0.8667819544700083
101927900,4.907142857142858,0.30807707817843527,0.6369832889607294
101927901,-1.4026785714285719,0.28418846015421906,0.6175835812952969
101927907,-5.783928571428571,0.09396931475582461,0.40347778183597977
101927914,-0.09642857142857064,0.959963994204181,0.9860372404160321
101927929,-1.8116071428571452,0.786480812790911,0.9191748629674459
101927933,82.31071428571425,0.15707315695266585,0.4897898286977875
101927934,5.942857142857143,0.1680111663900666,0.5043785138343717
101927943,-6.111607142857146,0.37772672076475594,0.6894774887194481
101927944,-4.3375,0.20205717488997255,0.5399173416062323
101927948,3.198214285714286,0.37859153148985897,0.6901810759614524
101927950,-4.933928571428567,0.4878655850316367,0.7631405276114993
101927953,2.1383928571428577,0.3977467894276587,0.7042070315303628
101927958,0.8071428571428605,0.8992727268491659,0.9632611002581773
101927967,-8.94642857142857,0.11164052135489978,0.4315364823477756
101927972,-0.4910714285714288,0.29755478757356146,0.6284377888799961
101927974,-11.225000000000001,0.18402616895520896,0.5230983181288557
101927980,3.267857142857143,0.15498082011346012,0.48742079496965907
101927988,-1.9910714285714297,0.6056120326026402,0.8319489572509288
101927990,-3.7491071428571443,0.3860669866070738,0.6957447423451677
101927992,-6.805357142857142,0.039098722960430474,0.2906489024964699
101927994,-4.896428571428572,0.03805153801354817,0.2878870261757969
101928000,19.19107142857142,0.3898899466877409,0.6982532937396326
101928001,-2.7151785714285714,0.20965795821962246,0.547924524644432
101928002,-7.297321428571427,0.06330044970776272,0.34935479063141145
101928009,1.838392857142857,0.35195242718251624,0.6698575888956061
101928012,-1.1276785714285715,0.5588332016006012,0.8062717698479251
101928014,-7.470535714285713,0.14011866356521932,0.46930825351803274
101928017,15.768749999999995,0.02198003436411342,0.24158128810580906
101928020,-2.0517857142857174,0.6070444525382408,0.8325485459803915
101928022,-2.662499999999998,0.3239331746424145,0.6490498217402804
101928031,-6.118749999999999,0.3422060233334274,0.6622974115602325
101928035,-6.285714285714284,0.03145763457279019,0.2697954776889888
101928040,2.722321428571429,0.6677008761336447,0.8639006880068798
101928042,-11.523214285714285,0.21066269201831186,0.548847447746874
101928043,0.7651785714285708,0.8433357298734486,0.9428164444205375
101928045,-4.321428571428569,0.42630915784374923,0.7238190572000087
101928047,-10.652678571428572,0.025613015950919985,0.252550342131028
101928052,-3.378571428571428,0.33218586898147057,0.6552042707994915
101928054,28.052678571428572,0.15943262067768565,0.49234558235258197
101928068,-4.979464285714286,0.172283543770555,0.5094717753794203
101928069,-14.993749999999999,0.019304063431838107,0.23531535385013844
101928076,-5.206250000000002,0.11671824996379603,0.439320550514288
101928079,-3.841964285714285,0.25186568159557093,0.5892312536206142
101928087,-16.230357142857144,0.01851971822068342,0.23234639598803716
101928098,-1.631249999999996,0.671650563922937,0.8659331867215285
101928099,-6.015178571428571,0.2385355293699434,0.5753454238707277
101928100,-0.31071428571428683,0.9647477099581688,0.98778965381803
101928101,-1.2910714285714286,0.3692340785074497,0.6831545565628915
101928104,-8.278571428571425,0.03393327312787872,0.27742424891936757
101928107,-4.762499999999998,0.030063688513831635,0.26541775706341747
101928111,-2.399999999999995,0.7644753935262093,0.90868664667692
101928123,7.100892857142858,0.15747530797362652,0.4903246974998469
101928132,-0.7544642857142829,0.8765407829111995,0.9551924391556176
101928134,-17.45892857142857,0.1204437859883545,0.44285568250929935
101928135,-5.5428571428571445,0.27875067564569955,0.6130855504775135
101928139,2.3044642857142854,0.6567296238330174,0.8586753811242227
101928140,1.8160714285714281,0.46879061419466206,0.7516392706084302
101928144,-10.15982142857143,0.2321944392118954,0.5696325541263133
101928152,19.633035714285718,0.24561723824013684,0.5831232633686672
101928153,-5.102678571428571,0.5412808966483966,0.7954169889339753
101928158,15.597321428571432,0.16513783130855728,0.49991201632220633
101928160,-8.644642857142856,0.10630362500910895,0.42362614412339883
101928161,-8.367857142857142,0.010149876528519283,0.19882419542709448
101928162,1.5562500000000004,0.34222035276320867,0.6622974115602325
101928165,-11.483928571428564,0.1637283136851369,0.49862911773000573
101928167,-5.608035714285714,0.3112419791926397,0.6393668032340618
101928173,7.270535714285713,0.09084173349768254,0.398265718786448
101928185,-12.713392857142857,0.0438509104466938,0.3018062095509798
101928190,-0.8321428571428577,0.5638558822182529,0.8089815871146002
101928191,-10.254464285714283,0.011979214330255814,0.20780199369228186
101928195,269.23749999999995,0.013459997683571458,0.21281174758909507
101928196,-5.852678571428569,0.289207741368752,0.6224425706155302
101928200,-1.8758928571428548,0.7121443541182171,0.8855746881850751
101928201,-1.5437499999999997,0.19313594870843634,0.5320556253153502
101928205,-7.338392857142857,0.16316388575947768,0.4978784157773994
101928207,6.083928571428572,0.15108314480766674,0.48259583384938215
101928211,-3.4544642857142858,0.062459817944766356,0.3475341621176599
101928222,-1.3750000000000009,0.5221305052051564,0.7844356781673579
101928225,-1.7080357142857139,0.7811849270457221,0.9168708581167756
101928230,-15.505357142857143,0.1274666596337404,0.45322492134192344
101928231,-4.250892857142857,0.1715717510254959,0.5086312144075795
101928238,-2.4642857142857135,0.5347003676951357,0.7917490971273946
101928243,2.40714285714286,0.4394424745480974,0.7323902618557202
101928245,-11.29732142857143,0.1875920810691095,0.5265271650838689
101928251,-3.4830357142857133,0.23651112499447763,0.5734222765763409
101928255,-7.861607142857139,0.08995486193748134,0.3970519154300308
101928259,1.373214285714285,0.5384460069778536,0.7936052143789085
101928269,741.2133928571428,0.014469263495934921,0.21716162281049847
101928271,-0.5785714285714283,0.786180511757096,0.919032083636924
101928273,-2.8812499999999996,0.3724329037041969,0.6856382036441283
101928274,-79.27232142857147,0.007069705281573522,0.18392068754810276
101928276,0.3241071428571436,0.8686889083797505,0.9521775037722352
101928277,-7.880357142857143,0.4752046473086904,0.7555474687979086
101928278,-7.508035714285715,0.16991571762899885,0.5067165845623166
101928280,-7.887499999999999,0.19679159106016017,0.5352323066254338
101928283,-10.961607142857144,0.020777886884075,0.23884706378435636
101928284,-4.632142857142855,0.20202548461819805,0.5398965429150974
101928288,-13.36517857142857,0.09312305644436682,0.402206053047282
101928291,-29.63839285714286,0.14242092468948142,0.4720742077840192
101928298,-1.3321428571428577,0.3881096690967565,0.6971464837859465
101928303,1.77767857142857,0.6245649527170828,0.8425275403648265
101928304,-13.207142857142859,0.05818644244136371,0.338611381197096
101928306,-5.670535714285714,0.1705395555877941,0.5072613364977826
101928307,-13.683928571428567,0.15623665213516533,0.48860225019121417
101928309,-0.9723214285714286,0.5636935071146651,0.8089247946041952
101928314,1.1107142857142858,0.6043369922648322,0.8313497556799266
101928317,-0.7062500000000007,0.8674236954655317,0.9515621276235244
101928323,2.58125,0.45315323643749417,0.7413688392140123
101928324,-8.313392857142858,0.10333141934700946,0.4177804742141346
101928326,-0.4964285714285701,0.8685981685920846,0.9521775037722352
101928327,-10.714285714285712,0.036202884786952286,0.2829320648551481
101928333,-1.1428571428571423,0.7166582299951059,0.8880738094234891
101928335,-5.1633928571428545,0.23636502188097105,0.5733664927115988
101928343,-11.099107142857143,0.11551940282688788,0.4377008558253704
101928361,-33.48214285714283,0.3116613784874196,0.6396343731558107
101928370,-6.058035714285719,0.3279046584516978,0.6522186845476782
101928371,-3.2196428571428566,0.3640314573851452,0.6788341696400308
101928376,-4.241964285714285,0.3452830666586107,0.6644495468749168
101928378,2.8205357142857146,0.5905141073500735,0.8239491851760445
101928386,-0.9982142857142855,0.389993921408989,0.6983335839731601
101928388,-2.1812499999999986,0.49569694914065127,0.7676226320268138
101928389,-1.6526785714285706,0.43100756084257086,0.7267196592058335
101928399,-8.64375,0.13347240227582313,0.46049707957760666
101928401,-7.599107142857148,0.32353964926462336,0.6487613671701176
101928403,-6.499107142857142,0.4286132583366866,0.7251217278640526
101928405,-16.857142857142854,3.712334814924043e-05,0.04439765502850442
101928409,-3.5580357142857135,0.36813286533210343,0.6820393891102557
101928417,3.869642857142857,0.14064137691266948,0.470042127183514
101928418,-5.7767857142857135,0.22932955326379315,0.567331492905203
101928419,-4.758035714285715,0.4682190860618283,0.7512803677309013
101928420,1.5982142857142865,0.6977898827958344,0.8785598361388856
101928422,-4.52410714285714,0.25206121082341104,0.5894293101993071
101928424,0.829464285714284,0.8840662715917751,0.9575182363398661
101928429,-2.6499999999999986,0.6940826042848043,0.8772227473380938
101928433,13.132142857142853,0.15757333581945934,0.4904544082846943
101928435,-9.815178571428572,0.22244675547628004,0.5611459054934765
101928441,-9.719642857142857,0.046947634770405415,0.3084799821021411
101928443,-1.3562499999999993,0.7992328821083265,0.9246362790561645
101928446,-1.5339285714285715,0.6825974819725248,0.8712585182628331
101928449,-8.791964285714286,0.0924724557671758,0.4009206893791624
101928457,4.913392857142858,0.42220950707590055,0.7210915815254697
101928460,4.039285714285713,0.42522409543697015,0.7229754717258459
101928461,-0.28392857142857064,0.8882370893517025,0.9592484556703966
101928464,-3.1125000000000043,0.6606991119932046,0.8605804256772552
101928475,-2.5875000000000004,0.5076587351577299,0.775682344821532
101928476,-7.266071428571429,0.3817725198592603,0.6927133829245862
101928483,-23.61607142857143,0.004569756748852265,0.16818693840239604
101928487,-3.7794642857142833,0.6323139218862197,0.8461671349766061
101928491,-1.4285714285714288,0.6034432290047468,0.8311265244623226
101928495,-3.297321428571429,0.10155572930162053,0.41518753801756875
101928496,-2.1214285714285714,0.1280698648358099,0.45397577531911626
101928504,-0.7803571428571416,0.8651494591588931,0.9507334634780765
101928505,-5.019642857142859,0.47941242880416346,0.7581479558995987
101928510,-0.14642857142857135,0.9647175116400833,0.98778965381803
101928513,17.900892857142857,0.07424416891728032,0.3697331210084982
101928516,-7.556249999999999,0.25661471742217584,0.5937038623500958
101928519,-2.375892857142857,0.12107995511442948,0.44377045658306136
101928521,1.0383928571428545,0.8540735359325354,0.9467839674163351
101928524,20.441964285714285,0.020471235899570724,0.238009362137482
101928525,1.50357142857143,0.8035464223836221,0.9261721191463137
101928526,-8.10982142857143,0.3391796086197609,0.6602116507276707
101928535,-6.28839285714286,0.18529692380676796,0.524352435165308
101928537,-12.115178571428572,0.05566142625536819,0.3314406970716898
101928539,-4.8053571428571455,0.2975269849036815,0.6284203005334461
101928545,-8.810714285714283,0.12851854283787598,0.4546881926789743
101928551,-6.788392857142856,0.11224469091873189,0.4321404911057916
101928553,2.467857142857143,0.3170085725808006,0.6438229417315596
101928554,-2.8982142857142854,0.37568979202980446,0.6881368577151639
101928555,1.6464285714285714,0.6521906702763406,0.8563354562380536
101928557,1.1723214285714292,0.6932345992445493,0.8767657126951994
101928559,-0.5741071428571418,0.8698881184303554,0.9525180820952431
101928560,-7.783928571428568,0.25347761482663395,0.5907643516022518
101928565,1.0508928571428573,0.8068033482006469,0.9275154338280376
101928571,-3.816071428571428,0.31772236249286273,0.644194415955335
101928574,1.2553571428571448,0.676933899949573,0.8683956303858236
101928578,-2.9571428571428555,0.6977028430430406,0.8785155668411923
101928580,1.6214285714285719,0.6739159877890136,0.8669934970790918
101928583,-7.147321428571427,0.12981659567205683,0.45626911599188147
101928589,-9.879464285714306,0.6373512477236363,0.848800738701985
101928590,-2.6357142857142843,0.4512064940445929,0.7401245130369613
101928595,-0.9080357142857167,0.8737692481023791,0.9540546718855609
101928597,-0.32410714285714093,0.9566819743822244,0.9850971509037632
101928604,-4.651785714285713,0.1342265873106059,0.46135906589598147
101928605,0.5008928571428548,0.9624385855344799,0.9871743675846111
101928607,-2.2178571428571425,0.35924706210582513,0.6749320488475072
101928612,-7.2473214285714285,0.3619744007067635,0.677354725122948
101928614,1.1776785714285705,0.8049532397626691,0.9268328595726499
101928615,512.5187499999997,0.17447249948992738,0.5126380777594481
101928616,1.4848214285714274,0.7264132112354277,0.8921021945173775
101928617,9.416071428571428,0.46904423655190514,0.7516766626779025
101928618,-1.59375,0.5277703008225195,0.7877867590562465
101928622,-4.700892857142856,0.08233249652004755,0.38317409322723867
101928623,84.69017857142856,0.05449883659382883,0.32794671921280993
101928625,-43.44017857142853,0.40526466449412046,0.7096337537491352
101928626,-7.62321428571429,0.13994796460889944,0.469043639922013
101928631,4.852678571428569,0.29052083601166395,0.6235443004295333
101928632,2.927678571428565,0.7040094535897276,0.8818666806043427
101928634,740.3330357142859,0.022477470689286808,0.24282863266879198
101928635,-52.72410714285718,0.2260226256201373,0.5644667825630679
101928646,-5.359821428571429,0.0931649642452852,0.402206053047282
101928647,-3.378571428571428,0.5769051077149104,0.8158261584541481
101928649,-17.125,0.5454621268372486,0.798032263484919
101928651,4.916071428571427,0.28415817889587264,0.6175835812952969
101928658,-4.620535714285715,0.4487990886607807,0.7387208409106237
101928661,-2.6348214285714278,0.7290824794532053,0.8934393743215365
101928663,1.6312499999999996,0.7870289236490152,0.9194657919083643
101928666,4.2857142857142865,0.21886435423684003,0.5580550667690818
101928668,-1.3830357142857137,0.30357698014637846,0.6331719884325295
101928669,-3.580357142857146,0.3075700726476745,0.6366111706603561
101928673,-2.6366071428571445,0.834608795436208,0.9396784201062208
101928682,-2.30535714285714,0.5762453263999153,0.8154309233608421
101928684,2.6526785714285714,0.33736681528227735,0.6591063055378172
101928687,1.189285714285715,0.7167463467436489,0.8880956014188688
101928689,-2.765178571428571,0.48338361884217923,0.7603555012037211
101928694,-5.016964285714286,0.23498139211766403,0.5721820066018144
101928697,-0.6330357142857146,0.8173555377814415,0.9317372563893067
101928700,-8.3625,0.20451724163503776,0.5419305812916984
101928702,-2.987499999999999,0.5829490923028232,0.8189406309993776
101928707,-0.7071428571428573,0.4471887839738936,0.7380254992234185
101928708,-15.617857142857137,0.07051644055571128,0.36261712245954053
101928710,4.035714285714285,0.3492447211730502,0.6677024662611554
101928716,9.665178571428573,0.017684070520040354,0.22940606328301882
101928718,-20.841964285714283,0.11633838407553082,0.4388272610782785
101928725,-13.354464285714283,0.03536712466057578,0.2812641556233574
101928727,-1.15625,0.8293047022314042,0.937171563691084
101928728,2.8089285714285737,0.46509478688302586,0.7493130139833862
101928729,-4.762500000000002,0.3041114316045395,0.6335172034968451
101928730,-2.0392857142857146,0.5490165585212632,0.8004447971294116
101928731,-6.846428571428566,0.23065803469695076,0.5687907291654241
101928739,0.8848214285714278,0.850325792941952,0.9453347443900209
101928741,-8.723214285714285,0.0006672572084192038,0.11428329961427276
101928747,-131.69196428571433,0.24439002479536348,0.5817416781612825
101928748,-0.2794642857142833,0.9627918901003659,0.9873158086879892
101928751,-2.8955357142857157,0.3782047221293271,0.6898104512162616
101928760,-9.086607142857144,0.0459748591455989,0.30677024942465464
101928762,3.542857142857141,0.6051000613693824,0.8316897994546485
101928767,-4.286607142857145,0.12604119248359993,0.451729121766343
101928770,-0.26071428571428523,0.7716747007309718,0.9118306123158324
101928773,0.49821428571428683,0.9192780405620535,0.9715509552040412
101928778,-12.759821428571428,0.21386941243649468,0.5527009555945942
101928779,-6.081249999999997,0.21415227484997476,0.5530572777583662
101928781,-8.158035714285711,0.15498510325647047,0.48742079496965907
101928784,-6.949999999999996,0.30527653323089216,0.6344034706544357
101928787,-5.481250000000001,0.21800409727929188,0.5571410566783922
101928790,-4.488392857142857,0.008706694496000278,0.19187364835502427
101928795,-0.7642857142857142,0.8547563111061974,0.9470375193558227
101928797,-3.1223214285714294,0.32580252431310913,0.6502716594818175
101928806,10.009821428571428,0.11520012680059641,0.4371272768979533
101928809,-0.3705357142857144,0.8708221589257948,0.9530040212143572
101928812,-10.275892857142857,0.19554874570002964,0.5341789438922651
101928813,-3.2857142857142847,0.14481106712931263,0.47502567961772046
101928817,-7.866964285714285,0.2126357005759624,0.5508734966932767
101928818,-7.925000000000001,0.021892285634262303,0.24158128810580906
101928820,-8.254464285714285,0.479432857449375,0.7581479558995987
101928823,-2.566071428571428,0.455046323486583,0.7430312309350414
101928826,-2915.195535714287,0.3627663045377558,0.6778850666131901
101928830,513.9258928571431,0.039403104622053015,0.29124844466820987
101928833,-0.9276785714285714,0.7254528915154261,0.891875763862916
101928834,-6.029464285714283,0.1960618991242741,0.5346986481733067
101928837,0.4053571428571452,0.9592590386605505,0.9858972980098888
101928841,-137.01339285714283,0.08056153650431287,0.380535810658601
101928844,-10.834821428571423,0.07665330322927946,0.37412790036263255
101928845,-14.471428571428577,0.002468538779474192,0.14794037881322922
101928846,-3.321428571428572,0.3230182040828868,0.6482639925642424
101928847,-7.811607142857143,0.15650272339243715,0.48880718076999824
101928850,-11.363392857142859,0.13927256128009188,0.4680327321481335
101928851,-0.012500000000000178,0.9957451552034869,0.9986493205802085
101928857,-10.910714285714281,0.07207545691591935,0.365381142380733
101928858,-7.052678571428574,0.34326245520985194,0.6631194807838569
101928861,-10.0125,0.026864883404490728,0.25605232269673545
101928865,-13.291964285714288,0.001829598683209607,0.13683399283540879
101928869,0.6687499999999993,0.8491422210561032,0.9448904928363447
101928877,-5.244642857142855,0.35009458955453676,0.6682290690834106
101928879,29.43035714285714,0.010908927188105206,0.20239076824216223
101928881,-4.208035714285716,0.5061643089927202,0.7747196012030956
101928882,-2.8580357142857142,0.27561519202326074,0.6103139048184271
101928886,-0.9794642857142861,0.7625607135451713,0.9076984855191373
101928893,0.4607142857142863,0.8270325865758618,0.9361054311351937
101928894,-11.29732142857143,0.09781965655330495,0.4096665466666497
101928896,-6.875,0.2885720070991639,0.6219028178221043
101928902,-3.8392857142857135,0.39899271797567476,0.7052771282958851
101928907,-5.80982142857143,0.09916714868184842,0.41142776541856363
101928909,-1.4169642857142861,0.4322530023027433,0.7275098789546286
101928910,0.45982142857142794,0.86592179269216,0.9510124259879076
101928916,2128.1232142857143,0.004347501002034668,0.16576162857571458
101928917,-8.033035714285711,0.09400147783219506,0.4034978000683841
101928921,-3.1946428571428562,0.5428224178388986,0.7965115186211262
101928922,-5.121428571428567,0.4957621053768093,0.7676226320268138
101928927,24.28035714285714,0.07492825938116822,0.3709437324941482
101928933,0.9500000000000011,0.847540993752908,0.9443477158090678
101928937,-17.67589285714286,0.0019625193727992054,0.13973184654505375
101928940,-0.6508928571428587,0.8740274636897087,0.9541651174497299
101928943,-16.991964285714285,0.00973179730302115,0.197574214708179
101928954,-9.968749999999993,0.2894206601880921,0.6226028720406017
101928955,-11.274107142857147,0.02122212077902966,0.23992793853191094
101928961,-4.583928571428572,0.29188589194207487,0.6244907510050066
101928963,-0.8294642857142875,0.8964302683292066,0.9622287833947766
101928968,-1.6714285714285717,0.2367836443953945,0.5736251387885238
101928973,1.503571428571429,0.39666847455866644,0.7034476550558895
101928978,-3.834821428571429,0.21629390762011677,0.5552572729425244
101928985,-3.5178571428571423,0.6980345361196704,0.8785892461231377
101928988,-7.021428571428572,0.10601885950683461,0.42289203644387413
101928989,-6.949999999999999,0.07215024941351861,0.3653959694964922
101928995,-5.891071428571427,0.31357739268660945,0.6411100084180672
101928999,-0.027678571428571885,0.9936373614552279,0.9978294026319715
101929002,-18.098214285714285,0.003702846131434866,0.15974506099306038
101929004,-9.02410714285714,0.09076276864514668,0.3981110610247408
101929007,-12.03303571428571,0.08155292098086285,0.3826065321313655
101929019,-18.469642857142855,0.025296410349889543,0.2514236022323597
101929025,-3.711607142857141,0.32391328895961163,0.6490498217402804
101929027,-2.5526785714285687,0.5162178192618697,0.7809949820962923
101929034,-1.5767857142857125,0.60849956928033,0.8334723037904161
101929036,-5.176785714285716,0.14146715463779194,0.47073925383855364
101929047,-20.079464285714288,0.011924030599106463,0.20765577465946944
101929050,-10.588392857142857,0.0005284811036416459,0.10545512533433207
101929052,-1.404464285714286,0.6122898260760061,0.8353939783644352
101929054,3.3973214285714306,0.5808313495625153,0.8176202265046802
101929064,-7.754464285714281,0.3352519856188535,0.6576535339829203
101929072,-3.721428571428575,0.7542977360054133,0.9038975302699331
101929073,-0.3133928571428575,0.8672650038134906,0.9514751200638614
101929074,0.9303571428571438,0.8462967721403268,0.9439264793303217
101929076,-10.239285714285714,0.19972640675037936,0.5378800753165693
101929078,-0.15714285714285747,0.9553299062957843,0.9844822782526135
101929081,-2.2321428571428577,0.6153505906340956,0.8371102535744261
101929082,-7.108035714285714,0.1408665424195753,0.470042127183514
101929083,-0.15625,0.9477584741522469,0.9819428410567631
101929084,-2.2544642857142847,0.5874708353504048,0.8219660650199192
101929087,1075.2651785714297,0.18608278682574414,0.5249239691310268
101929089,-1.0839285714285714,0.20503026690340545,0.5423070893011317
101929093,-2.1714285714285717,0.4485833417296405,0.7386103176856018
101929109,-7.201785714285716,0.055871656521217235,0.3321499206586444
101929110,-1.626785714285715,0.6714464537248518,0.8658333692784498
101929111,-11.533035714285713,0.022500656988995664,0.24283920664692815
101929114,-1.7776785714285719,0.7163676456305438,0.8879177475068882
101929115,2.4580357142857174,0.6835129910918186,0.8715832938510593
101929116,-7.713392857142857,0.249041522328966,0.5866838396025773
101929120,-8.529464285714283,0.0016805605361084454,0.13181696481672592
101929121,-3.253571428571428,0.28337689002857513,0.6169089996096085
101929122,20.89821428571429,0.06358313283347279,0.3500914186978977
101929123,-5.898214285714285,0.2612887323003768,0.5977944638352031
101929125,-3.279464285714285,0.4228573635270374,0.7215018152987338
101929132,-1.8705357142857135,0.5646322962033189,0.8095259156920536
101929133,1.9544642857142862,0.1695420397018522,0.5061324702126861
101929134,-11.519642857142852,0.07942640895096659,0.3790049667825186
101929141,0.05624999999999947,0.991185034280184,0.9970751281769905
101929143,-4.55625,0.23646178146805266,0.5734222765763409
101929144,-0.5946428571428584,0.8490193134038146,0.9448813499502029
101929145,19.659821428571426,0.2554016765367206,0.5926034989354065
101929147,-32.06964285714285,0.08390904419519604,0.3864976403852016
101929148,-5.898214285714285,0.10351119646705519,0.41801275329317106
101929151,-12.305357142857142,0.035079057694319085,0.2807479594972503
101929153,1.6419642857142858,0.7399712093454813,0.898109163000618
101929154,3.796428571428571,0.3340608824537891,0.6566926594441991
101929162,-5.588392857142858,0.04190070423593277,0.2975529404363619
101929164,-7.255357142857143,0.0686767991662058,0.3597340481330046
101929165,-2.7830357142857167,0.5967728120263363,0.8277964376837172
101929167,5.453571428571429,0.04868661412265402,0.314167429146242
101929172,-2.2214285714285733,0.6446305979009002,0.8524034521677402
101929174,-5.282142857142857,0.1815156947894695,0.5207621389147582
101929176,-0.5249999999999986,0.8959558427356673,0.9620528780127429
101929177,10.766071428571422,0.5732789729335369,0.8139297023196748
101929180,-7.90267857142857,0.3000729348684191,0.6302002659411495
101929181,-8.089285714285715,0.07277545414553582,0.3668631712527357
101929188,-6.183035714285715,0.1342545590707636,0.46141490936609103
101929196,-4.389285714285716,0.4893684995197945,0.7637652064182681
101929198,-5.060714285714285,0.006837921488622878,0.1821044248782734
101929210,-2.799107142857144,0.6458854835047922,0.8530016946020424
101929212,-3.8071428571428556,0.1674073258189214,0.503400991983953
101929219,-16.428571428571445,0.42107275118607557,0.7204819572467899
101929222,-10.654464285714287,0.00296570728907551,0.1515798484623921
101929224,1.625892857142857,0.4465162061933374,0.737472014669548
101929225,-5.275892857142859,0.17427227223667158,0.512386345694774
101929229,-18.703571428571433,0.08529436967408896,0.3889790359438497
101929232,-15.64375,0.005301659181352794,0.17223304559742367
101929239,-2.396428571428572,0.0555080571545428,0.33092389324224486
101929240,98.39642857142871,0.11031022525373328,0.429481703749047
101929241,-4.772321428571429,0.2744607085079639,0.609262656827971
101929243,-17.125,0.3272268928062512,0.6515579724018277
101929247,-22.271428571428572,0.08412263698086794,0.3869785884518357
101929248,0.18571428571428594,0.9506833364060341,0.9830728441040324
101929255,0.3482142857142865,0.927985003207576,0.9741490678591165
101929260,-11.846428571428568,0.07139095924885382,0.3643517872613724
101929261,-8.925,0.08584872527117682,0.38991352834371096
101929265,-4.929464285714285,0.2964366239563445,0.6274261541813695
101929268,-3.730357142857141,0.3638262185938745,0.678709854996347
101929269,1.7339285714285717,0.668919696363599,0.8644916654535947
101929272,72.06339285714286,0.1765564404915959,0.5149629941549936
101929279,-11.707142857142859,0.17127849772594173,0.5083595531928907
101929280,-21.68660714285714,0.0746099292532476,0.3704747872056409
101929284,-2.7946428571428577,0.6537497145188126,0.8571646436766445
101929288,-2.6142857142857157,0.5411669003698156,0.7953376280472969
101929289,-10.591071428571425,0.2946409523785096,0.626511650577335
101929297,-3.1133928571428564,0.29095739615282945,0.6237998351525892
101929305,-3.756250000000003,0.4369417531793585,0.7309322712973145
101929312,-3.9508928571428577,0.1870438011264581,0.5260336313249883
101929315,-2.6910714285714317,0.5211050612654704,0.7837217149334212
101929319,-0.3098214285714267,0.9201682730963694,0.9717834372823395
101929328,-18.943750000000005,0.0029206860061415495,0.1515798484623921
101929335,-10.223214285714285,0.023409941997542705,0.24600011122730106
101929340,3.5964285714285715,0.7512321259198327,0.9025081970898631
101929341,1.9589285714285714,0.4573449752518143,0.7444343815889014
101929344,-19.371428571428574,0.011971461318619807,0.20780199369228186
101929356,-115.70000000000005,0.3938316147549948,0.70140333728991
101929368,173.9491071428572,0.06052228595531015,0.3436173465436935
101929369,14.456249999999997,0.7496315054478805,0.9019914688493147
101929372,-0.139285714285716,0.9667353400611935,0.9883392216778686
101929373,-9.662500000000001,0.38754010484298645,0.6967663791254204
101929378,-6.235714285714285,0.20457074105677844,0.5419305812916984
101929384,-2.6535714285714302,0.6453818449592791,0.8527781036577067
101929398,-19.122321428571436,0.1336490994773577,0.46078177979116736
101929402,-4.2616071428571445,0.5927467469224142,0.8254276994099552
101929406,-9.0,0.2275685742743655,0.5658331876815069
101929407,-0.3339285714285687,0.9523135074411306,0.9837083863497131
101929410,-1.6276785714285715,0.5850640195827712,0.8203604983805761
101929413,-2.9053571428571416,0.25481621318879455,0.5919726558783659
101929423,-10.904464285714283,0.014055611801562081,0.21551775732576597
101929437,-7.58124999999999,0.25289162011710115,0.5903611856838951
101929441,-2.6464285714285722,0.7308699273706943,0.894130216622983
101929450,-2.7857142857142874,0.14772887466625706,0.4787276832387192
101929454,-11.758928571428571,0.13427632351340096,0.46141490936609103
101929459,-0.7901785714285716,0.4709637904956214,0.7530765140627644
101929460,2.0196428571428573,0.5578394123947988,0.8054897629126008
101929464,0.16517857142857206,0.9008410859608852,0.9638787329317229
101929465,12.100892857142853,0.3906668367173353,0.6989627665917769
101929467,-1.012500000000001,0.7479228319701824,0.9010846262957645
101929472,-1.6026785714285694,0.7679957767369603,0.9102178334581917
101929473,-7.287500000000003,0.08166085934562686,0.3826065321313655
101929475,-19.55178571428571,0.012725242955677361,0.2104514998795099
101929478,6.484821428571422,0.4278943489037949,0.7247135425027936
101929479,-3.954464285714284,0.5446846792176178,0.7976386017844238
101929480,-7.596428571428573,0.05744455367438118,0.33638009769163446
101929486,-5.462499999999999,0.1239749549783165,0.4483022925555195
101929488,-5.045535714285713,0.11406830286392128,0.43488470321247247
101929495,-9.203571428571427,0.14575524366637238,0.47623511549653486
101929497,-9.358035714285714,0.044117198285941545,0.30267633804737953
101929500,-272.95803571428576,0.12845199544626895,0.45453301259525536
101929504,-8.016071428571433,0.22137637235899177,0.5600038002919817
101929505,-10.309821428571432,0.16869899491636992,0.5052002198152944
101929511,3.8133928571428575,0.26803813815260014,0.6037069084858254
101929512,-4.500892857142857,0.4638282033249856,0.7485847925375207
101929517,-3.674107142857142,0.08369247371097449,0.38598668312366397
101929518,-13.232142857142858,0.4192749156293953,0.7192369897264435
101929520,-6.65446428571429,0.4236127061546603,0.7217514753717019
101929524,4.155357142857143,0.17625836454828467,0.5147234180582663
101929526,-5.692857142857141,0.10168872290403601,0.4153173244692755
101929528,-5.310714285714285,0.32956858745546713,0.6533707349477751
101929529,-3.8375000000000004,0.2595423958582094,0.5962637292973485
101929536,-0.08839285714285694,0.9910425431201287,0.9970237739910766
101929538,-1.165178571428572,0.6945205856483494,0.8773373758963471
101929540,0.8919642857142858,0.8535729706016618,0.9466419352667339
101929549,-12.837500000000006,0.21506498513622435,0.5539337510742746
101929550,0.59375,0.9199148584836846,0.971764076803125
101929552,-0.3285714285714274,0.9207883985620963,0.972044054900035
101929557,-4.121428571428572,0.32439667589011306,0.6493722716166844
101929570,-0.34999999999999964,0.9143477289821337,0.9696257046840094
101929572,-16.43125,0.06117112672470011,0.34504604907386555
101929582,-7.925892857142859,0.17532319547253403,0.5136334888085675
101929583,-18.4375,0.1341568199703901,0.4612909836534142
101929584,-12.817857142857147,0.16177766830918391,0.49540052452732386
101929586,-2.9562500000000025,0.5462557804846403,0.7986131557301916
101929591,-7.566071428571428,0.014576993982261564,0.2173430995309929
101929592,-18.076785714285716,0.00762016255749672,0.1878321840087255
101929597,-5.557142857142857,0.5510042362094041,0.8015997354714852
101929607,-1.1401785714285708,0.7435379583427659,0.8992609380104432
101929609,-7.465178571428572,0.018552249544486137,0.2325410921239751
101929612,-1104.15625,0.004165847088268625,0.16481026338152016
101929620,-8.73482142857143,0.09075644148255682,0.3981110610247408
101929621,-4.744642857142857,0.26233779296440846,0.5984957937227549
101929622,-2.5169642857142858,0.48200504637107927,0.7596675192510669
101929623,23.996428571428574,0.0667834255678132,0.3562325651629451
101929628,0.49821428571428505,0.8796750607179386,0.9559404914187842
101929631,-10.945535714285715,0.01520137183670998,0.2192389884389655
101929645,-1.7749999999999995,0.6412306387484407,0.8505437844821896
101929648,-10.139285714285716,0.026912299732126815,0.25631030175543185
101929651,-5.329464285714284,0.2920483728094998,0.6245060531678872
101929655,1.8875000000000028,0.8045607576696072,0.9266899852306832
101929657,-0.19732142857142776,0.9608029715839131,0.9863305638214126
101929660,-0.3741071428571434,0.9096719527982077,0.9672898595678365
101929662,-0.9017857142857144,0.015363588653531008,0.21981380814831367
101929680,-8.011607142857144,0.024731657431112965,0.24957611111962005
101929681,-39.14017857142858,0.08957319101987654,0.3962408621470554
101929683,-20.614285714285717,0.011576164369558661,0.2066643213509123
101929684,-3.263392857142856,0.39516989415944764,0.7023057383035045
101929690,-0.7151785714285719,0.7251465623310659,0.8918212078894777
101929693,-11.750892857142873,0.4355390850937466,0.7298107155743299
101929694,-7.807142857142855,0.08806991444367208,0.3935934749229828
101929705,5.040178571428571,0.27178856438561066,0.6068790230247187
101929709,11.941964285714288,0.07052712355253322,0.36261712245954053
101929713,-1.7107142857142863,0.4338702067060716,0.7290059481147654
101929715,-9.58839285714285,0.22053446177851588,0.5591876135355341
101929716,-209.1044642857139,0.5304234117577619,0.7891705330017104
101929717,-5.80625,0.06063135394122756,0.343917343784274
101929718,0.795535714285716,0.8856241597838937,0.9581775192675253
101929719,-0.43214285714285694,0.7660335297702449,0.9092916619306601
101929726,-9.83482142857143,0.021662249808839792,0.24141530947784665
101929730,-8.9875,0.0008366075603005834,0.11789051123565568
101929734,-9.981250000000003,0.2795911150240496,0.6139457923635246
101929740,46.22321428571426,0.08385662392292509,0.3863863907791951
101929741,-4.37857142857143,0.2936552411809674,0.6257717354115939
101929745,-14.151785714285715,0.0597326771489073,0.342012406308198
101929747,4.3982142857142925,0.5204206661680961,0.7832785561708654
101929748,-7.557142857142853,0.12010313610013645,0.44242034214544973
101929752,-10.841071428571428,0.05961127139834373,0.34190601228092404
101929757,4.69642857142857,0.284713639897579,0.6178881088083578
101929759,-21.185714285714283,0.002723719262609802,0.1502717968548849
101929760,1.1955357142857146,0.826329712938624,0.9356661776688744
101929761,-0.8473214285714281,0.8694356706395241,0.9523917727801926
101929762,0.6178571428571429,0.8242784478998593,0.9347760752286735
101929765,-0.9553571428571428,0.43461640390888956,0.7293407778680377
101929774,-37.75982142857143,0.1941323667068761,0.5329851702995503
101929777,6.2491071428571425,0.0785731394826371,0.3776215360066347
101929780,33.310714285714255,0.4892359805891641,0.7636837264283082
101929787,-50.98214285714283,0.29487204321873856,0.626686191517707
101929796,96.94910714285712,0.008777010169196707,0.1924150084205413
101929800,-6.316071428571426,0.40810672654270885,0.7116364276483438
101929819,38.13125000000001,0.16338995678069124,0.49814453437510237
101929829,-8.019642857142856,0.32982100037675915,0.6535023260696871
101929872,-1.147321428571427,0.8875910365113666,0.9589392756191628
101929876,-288.9598214285711,0.4264002700320439,0.7238190572000087
101929897,-4.713392857142857,0.6716444150968488,0.8659331867215285
101929902,-0.33035714285714235,0.739290201561064,0.8978744041375104
101929926,0.9687500000000004,0.7227230964992576,0.8907535631323336
101929949,-0.0017857142857131691,0.999594775743293,0.9999312351550571
101929953,5.351785714285715,0.18427631704711717,0.523323612460096
101929959,-8.175892857142852,0.18792096301714944,0.5269442951480544
101929964,-17.617857142857133,0.1515341744686348,0.4830698495173813
101929974,-0.6053571428571427,0.7310943840876746,0.8942212802844144
101929977,-5.300892857142859,0.3544539447490308,0.6714398859838984
101929988,-3.4901785714285722,0.3104248981788629,0.6389555974423446
101930006,-4.336607142857144,0.19800846967273483,0.5362669798570913
101930026,-6.254464285714285,0.5771524793581582,0.8159563817541112
101930053,-16.40089285714285,0.014729897577084233,0.21752154060372378
101930064,-8.92142857142857,0.5044525306159771,0.7736937995170821
101930067,-7.5410714285714295,0.0003269380725187956,0.09239568585277497
101930071,-1.333035714285721,0.917054469778183,0.9706905821458085
101930075,-51.00624999999991,0.6492561773469477,0.8545878544599678
101930081,-2.299107142857144,0.5937116554233626,0.8261024044805938
101930097,5.199999999999999,0.38824035330516254,0.6971464837859465
101930100,-37.99642857142858,0.5834559293538696,0.8192837901590471
101930107,13.77410714285714,0.13646826248437224,0.46462433846024365
101930112,-22.715178571428567,0.5570623924289887,0.8052396971778489
101930114,-87.40357142857144,0.0020585020966600843,0.142647150994791
101930115,54.01160714285703,0.3242632771064417,0.6493383260719834
101930123,-238.82857142857154,0.31761207648819384,0.6441619240604773
101930150,56.079464285714295,0.10800186607909039,0.42607706384834887
101930164,2.4491071428571427,0.21260763288442794,0.5508635355869632
101930168,-47.39910714285715,0.005316550339987813,0.172511804058655
101930171,-1.7928571428571436,0.1608040141562731,0.49427605810120506
101930235,-17.383035714285707,0.18848340402146604,0.5275910813414103
101930241,-15.802678571428576,0.02846724919255199,0.2601446581970724
101930243,-7.698214285714283,0.35707795263365255,0.6730817932237416
101930262,-10.64375,0.0485635859505128,0.3137080638824256
101930279,-4.186607142857142,0.3976793937635238,0.7042070315303628
101930286,2.0062499999999996,0.5701911266254334,0.8122387445521794
101930296,4.604464285714286,0.3691351481076801,0.6831222310389087
101930299,-6.982142857142858,0.07803274596314032,0.3764438475482971
101930303,-5.825892857142858,0.04353420421590748,0.3012256115169488
101930306,3.596428571428575,0.8881180823761862,0.9592433210311526
101930322,-125.76964285714284,4.8222551704905095e-05,0.05251032209654567
101930324,73.23124999999993,0.3213719396318377,0.6467428595356651
101930343,-8.786607142857143,0.4781280905582078,0.7575314657414012
101930349,-129.84732142857143,0.12935747842882622,0.4558286106270207
101930361,-0.40535714285714164,0.9690805216672213,0.9890922573976337
101930363,-24.722321428571426,0.07310711786767135,0.367440171537627
101930370,-19.492857142857144,0.14738261457203397,0.4780012131762936
101930373,-12.528571428571425,0.10558726392495356,0.42184754512947287
101930388,44.229464285714315,0.024916447463330754,0.25032085552298744
101930400,-1388.933928571429,0.14554693187593193,0.47602910213056043
101930404,-561.4107142857143,0.0006725780771025273,0.11428329961427276
101930405,14.688392857142858,0.25825513281074697,0.5950313614769949
101930415,20.026785714285722,0.622319974098246,0.8415865590853723
101930416,-2648.000892857143,0.015537566838703784,0.22013901707855127
101930421,4.8098214285714285,0.33798023482438194,0.6595014590914148
101930449,-1.4821428571428577,0.44399306665908683,0.7359847614045019
101930452,-11.629464285714285,0.06125601342497775,0.3451104906612999
101930453,-2.686607142857145,0.5931172387525528,0.8257246716267111
101930458,0.3571428571428594,0.9392234554313665,0.978745899537493
101930476,8.841964285714287,0.11827881293789888,0.4404941146638254
101930489,181.14910714285716,0.022469221364913108,0.24278748579577553
101930531,-30.47589285714298,0.543977783845503,0.7972710854474307
101930541,-6.082142857142859,0.3309098524667533,0.6543525847504805
101930568,-7.761607142857141,0.3593772010722924,0.6750128300054137
101930578,-18.327678571428578,0.47420219814735093,0.754986901479468
101930583,9.214285714285708,0.6289598584445468,0.8444820422074762
101930591,51.80000000000007,0.22108545394248724,0.5596660366506735
101930595,-13.192857142857143,0.026517141295629407,0.2551598488582755
101930602,3.1044642857142843,0.4473177965466598,0.7381465042655023
101930608,-3.766071428571429,0.3633427574037338,0.6783597493955659
101930630,-13.966964285714283,0.042003646103641254,0.29790496182599374
101930655,150.6348214285714,0.18517756599001636,0.5242358308535995
101930657,-9.316964285714285,0.15607210776401734,0.48860225019121417
101930749,-0.5285714285714285,0.8564089249364869,0.9476656136592273
101954204,-7.000000000000001,0.0926682319954915,0.4012541050410626
101978719,-1.1598214285714281,0.8510782678173369,0.9456517808554008
102060282,-7.113392857142857,0.21737205859389652,0.5562914159829286
102157402,-157.53124999999994,0.05469061294744599,0.32848613236313406
102288414,65.27767857142855,0.11893627175630862,0.4412113241920064
102464831,-5.4375,0.48796889539419386,0.763149295070868
102465133,-101.22678571428568,0.0925796890855431,0.4010732052933579
102465256,136.07678571428568,0.17194608216184445,0.509023338686385
102465435,18.80000000000001,0.42308098092649304,0.7215881907900306
102465438,25.0,0.0259320471012635,0.25351568199783814
102465439,52.883035714285654,0.14030948511753064,0.46965967300116246
102465445,87.53660714285718,0.016146659943819912,0.22336071946540104
102465448,55.02053571428573,0.026530467179484773,0.2551598488582755
102465449,17.591964285714283,0.5476098142991352,0.7994810840268417
102465453,-230.07678571428573,0.019437772302232374,0.2355930393758712
102465454,111.31964285714287,0.14649082346064585,0.4766073057251301
102465472,90.75803571428571,0.0768432515075977,0.3744172024017035
102465474,33.645535714285714,0.020419818920572347,0.238009362137482
102465480,25.072321428571428,0.48997420655073515,0.7641102914994147
102465483,747.425892857143,0.15471558862694382,0.48718970271140666
102465495,6.899107142857147,0.37802021649431755,0.6897770353479877
102465499,-16.16339285714286,0.033586823635819434,0.27636596801587043
102465501,16.691964285714278,0.26490469123315646,0.6010475854275653
102465503,38.15535714285714,0.00023837707573281364,0.08348620717944168
102465526,2.664285714285718,0.7417165595450503,0.8986817553581099
102465529,1.6133928571428555,0.8002388199316962,0.9250522031974797
102465532,-64.84910714285712,0.1209765306813279,0.4435914301523441
102465536,40.6464285714286,0.6430032588806436,0.8515078155181822
102465666,10.166964285714286,0.2885179642884685,0.6218598847901611
102465667,191.1598214285715,0.0011579268135783873,0.1240993704425147
102465668,1.4499999999999993,0.8076627256859295,0.9278421115401033
102465669,-216.92321428571432,0.1794382929328041,0.5184338209081212
102465801,669.6107142857144,0.036383296113267,0.28322640475940836
102465879,34.829464285714266,0.22420577215810011,0.5628047652882845
102465906,5.6062499999999975,0.3916762568506519,0.6997584897880702
102466194,-6.453571428571429,0.19294521203299192,0.5318373941437748
102466223,3.8580357142857196,0.5796605746586617,0.8169609302986058
102466270,8.492857142857142,0.05810862065102887,0.33842019962665143
102466515,2.890178571428571,0.7107656766356577,0.885261907540792
102466616,-14.010714285714286,0.10273802895283983,0.41685897415269957
102466719,-19.04464285714286,0.2937642116832745,0.625880327174741
102466723,39.25982142857143,0.022825311669082454,0.24448806006671736
102466733,-78.08125000000001,0.04025499692180967,0.294401010794535
102466736,-30.67321428571428,0.056429110826926684,0.3342022993075296
102466747,24.829464285714295,0.5318508459044651,0.7901457801159346
102466748,-4.315178571428561,0.8388578053050374,0.9414485806813416
102466749,53.77857142857143,0.08898779354550357,0.3953645988568693
102466751,42.22321428571429,0.24814203622271494,0.585576672548179
102466755,3.2919642857142852,0.28101348535598997,0.6150193063741395
102466757,1.2410714285714377,0.858337623250868,0.9482836499270789
102466864,-8.866964285714282,0.15583266128704204,0.4883204875280645
102466877,-5.524999999999999,0.5475046907299561,0.7994129937953414
102466889,7355.179464285714,0.03217317552117747,0.2720489284906245
102466911,-16.91339285714286,0.04526221939137394,0.305145775420415
102466985,41.920535714285705,0.0024659057555490556,0.14794037881322922
102466986,5.650000000000006,0.755934430178428,0.9047644622553974
102467079,-6.290178571428573,0.11705808721082517,0.43945007678191883
102546226,-1.5187500000000007,0.702361179418098,0.8808311921619494
102546294,-5.112499999999997,0.42446015847976776,0.7225000610656882
102546299,-9.868750000000002,0.482873712395717,0.7600287942319667
102606465,18.414285714285725,0.3726687028295613,0.6858182876878581
102659288,-5.736607142857146,0.32889250365596534,0.6529837834146508
102659353,24.46964285714283,0.18099044574627085,0.52036244655098
102682016,-4.93392857142857,0.2946903841887149,0.6265436598039348
102723099,-16.179464285714285,0.18778002483948508,0.5267742305011789
102723165,-4.155357142857143,0.18814955675192083,0.5272179692195199
102723166,1.110714285714284,0.8277522699102351,0.936520545418357
102723167,-1345.9767857142858,0.021933431226556513,0.24158128810580906
102723335,4.9312499999999995,0.09179388983184296,0.3996520884341467
102723380,-16.46785714285714,0.05041852948002492,0.3187964726865228
102723390,-2.3348214285714253,0.5390213689681647,0.7939383983926294
102723407,8.307142857142855,0.0646423848898821,0.35184998822210567
102723409,-5.213392857142857,0.41254919323823636,0.7152582902243521
102723448,-8.436607142857145,0.057206084884360485,0.33609355537544416
102723449,-14.551785714285714,0.3601272121827789,0.6758643231419159
102723479,22.069642857142863,0.31570551167449773,0.6428225928505599
102723489,-2.6642857142857075,0.7159573640506304,0.8876611460456749
102723493,-1.43392857142857,0.7830901839405926,0.9177903084637881
102723526,-5.908035714285715,0.26886286581755664,0.6042315083365626
102723532,-2.4589285714285714,0.5616095213019513,0.8077517031533992
102723542,9.070535714285711,0.231651373676339,0.5693563524236335
102723547,-3.227678571428571,0.44547593476751346,0.7368891396670135
102723559,-0.5276785714285737,0.9293293445836309,0.9747343027825469
102723600,-2.0125,0.509079740515615,0.7764253836833035
102723620,-4.39553571428571,0.5706443640095863,0.8124360232852675
102723645,-5.5651785714285715,0.2677626973531543,0.6033572831684023
102723648,-2.133035714285714,0.21038337949740132,0.5485530464887011
102723661,-7.392857142857146,0.5200695685296566,0.7830381446952848
102723684,1.4249999999999994,0.5109654108385571,0.7779519879033753
102723692,6.885714285714284,0.22021765758326486,0.5589527147469944
102723694,-36.063392857142865,0.00034398341709490334,0.09450901170685347
102723697,-0.1482142857142854,0.9809714424800522,0.9936568097077803
102723701,-7.62142857142857,0.12340331521665186,0.44730020282885447
102723704,-5.4160714285714295,0.25940561036743115,0.5961838626536301
102723709,-16.778571428571425,0.08351003485247241,0.38569507122017355
102723721,-40.42857142857143,0.004201021204089643,0.16529518588424838
102723722,-5.195535714285718,0.41150743596995504,0.7142820109101016
102723737,-9.10982142857143,0.018177798075274455,0.23106805310896697
102723742,-4.633928571428571,0.024263252255442902,0.2478513825108395
102723757,-7.099999999999998,0.32685701190266675,0.6511291418725216
102723773,-116.81964285714284,0.16631811004456393,0.5018829298510993
102723775,8.158928571428568,0.5501956352230867,0.8011384152926114
102723779,9.339285714285722,0.31350547239989457,0.6410874970166826
102723809,-3.7044642857142858,0.3375326348927658,0.6592990805849286
102723831,-10.146428571428574,0.00810837879427572,0.1892128086116197
102723845,-15.237500000000004,0.08811856916073744,0.39373747794361114
102723847,-4.659821428571426,0.43290819169632316,0.7281279533945448
102723886,-27.384821428571428,0.015065350075411049,0.21866153845848132
102723897,27.319642857142853,0.26219340233460126,0.5984314035752171
102723899,-5.841964285714287,0.2655525701750876,0.6013537115848755
102723927,0.20089285714285698,0.6088961036586175,0.8337021553524719
102723932,-2.5705357142857137,0.25001333934747166,0.5877158875849781
102723983,2.486607142857144,0.5973115959468018,0.8281268766708437
102724002,-17.521428571428572,0.43793278017039744,0.7315381368065894
102724009,-0.4973214285714289,0.49535292263368824,0.7674966290239431
102724017,5.260714285714286,0.7830904744891786,0.9177903084637881
102724030,0.8928571428571428,0.2992394525550492,0.6297504645283801
102724093,-110.92321428571427,0.021821893029153654,0.24158128810580906
102724094,0.6723214285714292,0.9114004889539884,0.9683785171121947
102724112,-20.63928571428572,0.18442420943041976,0.5233776419914979
102724156,2.3062499999999986,0.5615104526938476,0.8077502643634032
102724162,-12.833035714285721,0.04948497171050114,0.31618450721884417
102724165,-3.1107142857142858,0.3495399715995961,0.6678474208274329
102724197,-5.239285714285721,0.6645391148639909,0.8621008059551131
102724200,47.30267857142857,0.03866292989924357,0.2896338321878608
102724201,-1.8428571428571434,0.26891338403537746,0.6042713117028895
102724229,-69.19285714285711,0.0006117104625617315,0.11215262327362541
102724250,19.826785714285705,0.707262607960938,0.8832978907029873
102724275,5.81071428571429,0.4492590093455807,0.7388754882616063
102724312,-19.42857142857143,0.1714538982296141,0.5085024076866911
102724314,0.8678571428571438,0.8013392545639709,0.9254397096696607
102724316,6.130357142857143,0.546346827792381,0.7986821959185163
102724323,-3.924999999999999,0.320343811886793,0.6461867279395825
102724352,22.892857142857142,0.03856120648794312,0.2892096527269543
102724362,0.18660714285714297,0.8617646947023716,0.9494683346697279
102724364,214.8339285714286,0.006666063403120744,0.18122967135939963
102724368,-3.915178571428571,0.18397285065687988,0.5229925445674053
102724382,-11.090178571428572,0.03569657481749355,0.28171380979979377
102724386,-0.9633928571428587,0.757057723119967,0.9054059555362612
102724387,-2.6276785714285715,0.41844479807398893,0.7191498175913119
102724426,3.7785714285714276,0.2870357186018181,0.6204698852601317
102724449,-16.85982142857143,0.022982218442359526,0.2446432540456128
102724487,-9.760714285714286,0.002358065719673913,0.1465082309354218
102724508,-19.108035714285727,0.15731505145167346,0.4900689669033244
102724511,2.3383928571428534,0.7253011861597228,0.8918516137501458
102724517,0.9875000000000043,0.9185477698058074,0.9712539513060363
102724532,-71.59642857142859,0.0008311029788039759,0.11789051123565568
102724537,-4.737500000000001,0.23456180126715737,0.5719223331225947
102724558,-1.2607142857142861,0.7892541232126956,0.9205518488605188
102724561,-39.31964285714288,0.018654324801120975,0.23299543689635432
102724562,8.98571428571428,0.22647113612282646,0.5650926144357219
102724587,0.7008928571428541,0.9089472512723169,0.9669894863413651
102724611,-4.382142857142853,0.4104379480427608,0.7136222639837837
102724612,-10.447321428571431,0.042450113177207524,0.2984006091493728
102724640,-11.569642857142853,0.20809956592677456,0.5459162374835455
102724660,0.38482142857142865,0.8602317001860986,0.948956819190631
102724689,25.87232142857144,0.4418724343131271,0.734320353390605
102724708,3.687500000000001,0.14381978945179064,0.4736725057311345
102724714,17.6625,0.00930323020466364,0.195072159723324
102724718,-3.5151785714285726,0.34376114848819844,0.6634359616516854
102724782,-16.661607142857136,0.020421584109367674,0.238009362137482
102724788,15.8875,0.3113712886101222,0.6393997377436917
102724809,-6.432142857142854,0.04249321472488662,0.2984912047937166
102724814,-5.946428571428573,0.3868107608233794,0.696213528262115
102724827,4.646428571428569,0.5001276850554468,0.7704915695731729
102724842,-8.971428571428572,0.13627437115927274,0.46441117304298807
102724851,-59.63660714285713,0.10058168889891074,0.4138552740341019
102724862,14.40982142857143,0.17315662253487787,0.5105337757276989
102724870,-125.62321428571431,0.4137863688345895,0.7163211976066333
102724880,-10.300892857142856,0.030116907234191012,0.2657588610441242
102724884,-66.68660714285713,0.1736511164618984,0.511484458257437
102724891,5.269642857142856,0.1215732410428096,0.4445913261543111
102724923,-41.248214285714255,0.21602816021386237,0.555148508163796
102724927,-10.001785714285713,0.13418409636800466,0.4613000169089949
102724938,-7.21875,0.1127138002554624,0.43276875203422804
102724951,9.517857142857153,0.6673714155764864,0.8636952244335548
102724965,-4.243750000000001,0.16049003364061273,0.493813846287871
102724975,-3.515178571428571,0.3209946877283099,0.6465420722617552
102724984,34.16250000000001,0.16222881395028332,0.4961604521302087
102724985,-26.017857142857167,0.3522377346648646,0.669986165753214
102724993,-65.08839285714288,0.4958022825325094,0.7676226320268138
102725022,-30.690178571428532,0.15788107341279123,0.49065557735024007
102725051,-46.150000000000006,0.2941928133939249,0.62610938259496
102725068,-14.933035714285715,0.07371726759276385,0.3684009780388464
102725108,-8.973214285714288,0.11691474906625514,0.4393717768924604
102725116,-5.731249999999999,0.13609143125046483,0.4642375220625883
102725136,-4.241964285714285,0.07534497693367694,0.37180915706674966
102725207,-5.739285714285712,0.2711492963456543,0.6063678587140027
102725213,2.7419642857142836,0.5386966116118497,0.7936813096780326
102725263,-2.3392857142857153,0.6998342300696758,0.8795273262242523
102725271,-20.608035714285677,0.8298480557125881,0.9375143079197817
102725292,-3.4589285714285722,0.5200094457861418,0.7830381446952848
102725315,-2.385714285714286,0.29658821519546164,0.6276012332925097
102725343,1.2276785714285712,0.6717132488113943,0.8659935834083091
102725345,-4.425892857142861,0.43159203042063504,0.7271420806020755
102725382,0.7999999999999989,0.8250310634175244,0.935100084664625
102725383,-1.6892857142857132,0.7848015236669389,0.9184895868005809
102725408,-0.8339285714285714,0.025670055115843242,0.25274811155388605
102725420,-16.675000000000004,0.036407905095594995,0.2832320869615656
102725426,51.30089285714286,0.09301086859635402,0.4020690417857097
102725436,4.9883928571428555,0.5680589043523513,0.8111206444194408
102725438,-6.2303571428571445,0.2839494357295723,0.6174457269776327
102725451,-16.481249999999992,0.12427703686929573,0.4489673186439802
102725454,0.4973214285714276,0.8727669105210991,0.9536267877603688
102725526,143.08482142857142,0.17938457924323267,0.5184165083208233
102800310,0.5919642857142859,0.7651688692476689,0.9089559797965563
102800314,3.404464285714285,0.361653959677671,0.6772118354571046
102800316,-3.1125000000000007,0.6690821905097626,0.8645038781503838
102800317,6.216964285714283,0.725958329017201,0.8920532904792494
102800447,-5.47767857142857,0.17948698633227614,0.5184338209081212
103091864,-2.0473214285714256,0.6757612172750973,0.8678407906085296
103091865,-7.597321428571426,0.1886652540227003,0.5276599514317062
103091866,34.09375000000003,0.051356321223824664,0.3203841801898209
103283057,-2.5812500000000007,0.52972492186446,0.7887241682964011
103344718,-26.371428571428567,0.1430369318098499,0.4727771504774592
103344928,-5.8580357142857125,0.3493402878609126,0.6677601895796298
103344929,-8.155357142857142,0.2257279456292362,0.5642556951492222
103344931,-23.53928571428571,0.010792437263264268,0.20159123854276162
103352539,-14.622321428571436,0.10386616622846528,0.4185623126125594
103352670,-0.9214285714285715,0.23939108157290367,0.5762274669368221
103456507,-2.159821428571428,0.5345488689246408,0.7917490971273946
103581031,-27.50089285714285,0.018677849358267516,0.2330468766917564
103611081,-19.87589285714285,0.04809614592816334,0.3120143306386249
103689912,5.902678571428572,0.10641698803808891,0.42375041328115065
103695435,-13.089285714285715,0.09626326776306397,0.40684587168987807
103752554,0.1598214285714299,0.9713430743785291,0.9899031590026012
103752589,-4.23482142857143,0.08702066613044292,0.39170587969769544
104355146,-9.602678571428573,0.014940465242367732,0.21818107295044226
104472717,-3.1062499999999993,0.5674060347704469,0.8109051594476797
104472718,-8.696428571428566,0.2628623100688225,0.5991668809165116
104502416,-7.365178571428572,0.2738234502131853,0.6086778779622953
104564224,6.256250000000001,0.1339427896216451,0.4611663742168417
104797538,-5.883035714285711,0.36789252597472893,0.6818482663616374
105274304,0.6098214285714283,0.807174285898846,0.9276276175553069
105369167,-12.897321428571427,0.0067321895042021,0.18131977139461555
105369340,-15.021428571428569,0.10844319956684059,0.4266891428871277
105369477,-9.79017857142857,0.09538207478932871,0.4057430124567453
105369507,-5.477678571428571,0.09114316592091795,0.3987353793861496
105369557,-11.75178571428571,0.012686621874144224,0.2104514998795099
105369595,-10.794642857142854,0.013012380470667006,0.21137711545547824
105369635,-0.45000000000000107,0.9148626390570737,0.9698143511729163
105369662,-2.357142857142833,0.8930105081575288,0.9609599578643555
105369705,-11.647321428571423,0.03153963609711558,0.2701597373664099
105369739,-15.999107142857149,0.17009695196131908,0.5069528944390908
105369748,4.8500000000000005,0.29327626507497906,0.625408935200296
105369860,-4.760714285714286,0.232862845758998,0.5703407280438456
105369921,-11.3625,0.194701949960524,0.5337841820570071
105369974,-9.49285714285714,0.10226200053118235,0.41641957908473903
105370178,-8.898214285714289,0.47136375413352916,0.7532847693525341
105370424,-1.9607142857142863,0.39523457884882984,0.7023057383035045
105370475,2.4258928571428573,0.48318316549877643,0.7602094781055395
105370549,-7.495535714285717,0.2840116160422342,0.6174779349097008
105370580,-1.0758928571428572,0.5292128079802648,0.7884821911721296
105370612,-4.958928571428572,0.046240982114047036,0.30712168331942685
105370613,0.15357142857142936,0.965446981508075,0.9878119902947982
105370622,-1.133928571428572,0.5359946344241732,0.7922548428532487
105370629,-6.2991071428571415,0.042630709606176036,0.29889250696690917
105370697,3.2741071428571438,0.20154291498855972,0.5394242645877962
105370737,-3.582142857142859,0.41477261812537775,0.7170280563339134
105370746,-2.041071428571424,0.6912998517500206,0.8756358020255387
105370829,-6.736607142857139,0.4944609827166546,0.7666143266704406
105370832,-2.086607142857143,0.18729740011968374,0.5263074569811426
105370888,-2.7482142857142877,0.3699223933222807,0.683758466982396
105370941,-7.9714285714285715,0.2329554198394479,0.5703647938188698
105370943,-1.3151785714285742,0.6233925807989401,0.8419896203663861
105370962,-0.25624999999999964,0.9468421880302068,0.981724859214935
105371038,-1.8267857142857142,0.5761485973683907,0.8154181335184928
105371046,-1.2357142857142853,0.1984971097561634,0.5367904578058281
105371226,-3.767857142857139,0.6286799328478955,0.8442776343786674
105371307,-1.8866071428571427,0.3917846803745843,0.6997962960498466
105371352,-63.46160714285715,0.0018782731437007986,0.13833081752133108
105371374,-8.39910714285714,0.07351147174395939,0.3682184359712268
105371401,2.258035714285711,0.7713072701305618,0.9117952766718757
105371414,-2.9857142857142875,0.3940086877753035,0.7015248470794164
105371622,-11.814285714285713,0.01533169779246875,0.2198104452758496
105371703,-7.833928571428572,0.09460412255193469,0.404512241049789
105371708,-0.21160714285714377,0.9645559646140204,0.98778965381803
105371763,0.9866071428571423,0.8663149074840831,0.9510624883519572
105371807,4.595535714285715,0.08750467396662989,0.39235017624450463
105371809,-12.2,0.06320110878312561,0.3491425629102346
105371920,-0.9669642857142833,0.9266017511844972,0.9738945359675258
105371967,3.114285714285714,0.44090145596314295,0.7336568279307609
105372069,-1.6330357142857146,0.7423435682431186,0.8988638544779275
105372127,-4.538392857142858,0.21892565527461147,0.5580550667690818
105372179,-1.5517857142857139,0.6962632285181648,0.8778291536752227
105372255,-30.35267857142857,0.2943621841787769,0.6262965332160733
105372274,-8.254464285714288,0.09597246546022889,0.40638479248863774
105372404,-8.566964285714281,0.023875113814853296,0.2472669743589787
105372482,-0.09196428571428683,0.9901365566823538,0.9967293848043558
105372520,-4.09017857142857,0.18424749954798703,0.5232835716475087
105372526,-75.80982142857141,0.14791962032928113,0.4789190052409218
105372547,-4.839285714285715,0.36548173950548585,0.6797303934778706
105372550,-8.87142857142857,0.10597990334238865,0.4227983374859613
105372607,-11.919642857142854,0.0012631121570293692,0.12532423491627354
105372695,-8.957142857142856,0.13258360714390505,0.45944886048686057
105372761,-6.231250000000003,0.47653989885975884,0.7564399886818406
105372762,-4.949107142857142,0.017530912470226583,0.22855043385557192
105372793,-0.7366071428571432,0.8302793315456332,0.9376915321047983
105372840,-8.430357142857146,0.020403688507547587,0.238009362137482
105372881,-28.933035714285715,0.0857952227481949,0.3898648440622969
105372953,-4.157142857142857,0.061145689704133276,0.3450449566078529
105372969,-4.5767857142857125,0.11947530681240855,0.44178512497599537
105373065,-7.361607142857142,0.14184762796396574,0.47145259268888395
105373113,4.396428571428571,0.171146050947113,0.5081682597769851
105373150,1.5812500000000025,0.6830846458564372,0.8713954678707942
105373383,-0.45535714285714235,0.9249652052238642,0.9735003992865908
105373418,-15.237500000000004,0.06032776672511835,0.34332564515788816
105373434,-14.344642857142862,0.09685317558410139,0.4079466652348921
105373460,-1.974107142857144,0.49385500729191045,0.7663985982116442
105373495,3.161607142857142,0.4263309577379606,0.7238190572000087
105373738,-12.311607142857138,0.32836531058438007,0.6525918159755513
105373764,-2.418750000000001,0.5122771002889022,0.7785831561209686
105373849,-36.00982142857143,0.2819793182883852,0.6156522418827821
105373860,-4.918749999999999,0.6963151596891435,0.8778291536752227
105373876,-6.125892857142855,0.3292060342118837,0.6532000347759027
105373878,1.4955357142857224,0.8813960442741091,0.9566318356463904
105373942,7.832142857142859,0.1491496518432619,0.4800021905074074
105373958,0.7651785714285726,0.7687116982799563,0.9107138401897559
105374042,-1.4160714285714282,0.36720429353081424,0.6811001741819483
105374177,-8.961607142857144,0.15101960310209617,0.48259583384938215
105374325,-1.7053571428571423,0.4842500490367313,0.7609464686751533
105374366,2.4714285714285698,0.5176048334173553,0.7819203787222364
105374419,-4.80892857142857,0.15164347495853506,0.48324922733332776
105374428,-0.15535714285714342,0.9730780863517355,0.99037096884096
105374587,-2.4928571428571438,0.23117654562103487,0.5691196196060193
105374676,-9.691071428571426,0.17873863907886867,0.51766792518472
105374690,-4.880357142857143,0.6605185099842257,0.8605137303042734
105374768,-0.9803571428571418,0.7449395988302636,0.8998225037360327
105374809,-5.895535714285717,0.17457665086608545,0.5128400164465517
105374895,1.9455357142857141,0.5695937333437724,0.811954346686434
105374928,-4.541071428571428,0.31211804209802685,0.6400298057422525
105374989,1.3991071428571429,0.4956370060522769,0.7676226320268138
105375075,0.35803571428571423,0.9244714106965639,0.9734296538821485
105375115,-2.310714285714285,0.6849812759107479,0.8723538183194536
105375172,3.5892857142857117,0.6083123963977741,0.8333396059064593
105375240,-7.585714285714287,0.09664167358899627,0.407612705660601
105375273,2.900892857142857,0.7926936620059947,0.9219266246640172
105375483,-7.07321428571429,0.1766372800936728,0.5149629941549936
105375527,-0.6955357142857128,0.8725776078771029,0.9535673509449696
105375531,-4.19464285714286,0.4597981438272512,0.746022420136357
105375640,-4.0339285714285715,0.1026994510830694,0.41685074476919876
105375677,-0.6187499999999986,0.9320616243919085,0.9760111335036791
105375773,-0.9625000000000004,0.6708037765671264,0.8653515910579157
105375839,-12.3625,0.03801645024099843,0.2878831490620307
105375875,-14.871428571428567,0.09111838850261261,0.3987353793861496
105376037,-2.0723214285714278,0.5176790068702466,0.781923061390664
105376072,-8.061607142857142,0.06800663527970309,0.35825408781249346
105376081,-14.575,0.1663324325023985,0.5018829298510993
105376100,-1.4392857142857132,0.7185539751679008,0.8889312609515997
105376166,-4.047321428571426,0.5320433300447203,0.7902599584405074
105376292,8.385714285714286,0.5054783666438213,0.7743841134237086
105376323,1.1258928571428548,0.8167519426796594,0.9313785884277899
105376360,-1.5187500000000007,0.3619408821639345,0.6773383670698631
105376379,-22.506249999999994,0.0005886243905942779,0.11115970921555224
105376530,-9.43303571428571,0.07960265381129122,0.37914618418506313
105376689,-1.7580357142857128,0.6760115965525653,0.8680350878701621
105376796,-23.728571428571424,0.011823405528219547,0.20706627471402037
105376805,65.96696428571425,0.3521647976357941,0.669986165753214
105376944,-5.716964285714287,0.04109039906690193,0.2962427635107919
105376975,-21.928571428571423,0.04969192039362971,0.3169252566067404
105376997,2.741071428571429,0.5493913304907764,0.8005289190970541
105377105,-2.014285714285717,0.49087959328987313,0.7648136829797052
105377134,-8.35982142857143,0.4763724798610721,0.7563561984603161
105377143,-1.1589285714285706,0.5724777871552957,0.8135056994100172
105377276,-0.20089285714285765,0.9276880410660594,0.9741117490838392
105377348,-3.8785714285714263,0.4848653458326231,0.7612569717263572
105377371,-14.508035714285711,0.00017000020706501456,0.08218894428282343
105377421,-1.086607142857142,0.7434731117929931,0.899260169146433
105377443,-4.611607142857144,0.3120732063115797,0.6400298057422525
105377458,-2.277678571428571,0.4496183316729688,0.7390680742053866
105377468,-1.5642857142857145,0.13724585165297357,0.4657368999538674
105377776,-0.054464285714287186,0.9856195593559872,0.995177989237264
105377832,-39.635714285714286,0.002480955134585569,0.14794037881322922
105377924,1.2455357142857135,0.6896087989137959,0.8744823349286344
105377925,-0.39196428571428543,0.5528273207558951,0.802469966609902
105377938,-3.9053571428571425,0.0973808574207319,0.4088694808384669
105378052,-2.4830357142857142,0.43919841746391514,0.7323000296464017
105378130,-10.36517857142857,0.08597619652350508,0.3902007591037304
105378311,0.097321428571429,0.9711640872947562,0.9898660839051638
105378349,3.2071428571428573,0.5127788918527202,0.7789633048367443
105378382,-7.3375,0.003930439812556934,0.16254657814753654
105378419,0.35625000000000107,0.9525451842395964,0.9837177987533324
105378470,2.2732142857142854,0.4619911633121413,0.7475618353337277
105378568,-30.481249999999996,0.10218184167641377,0.41627242334087794
105378577,-10.72232142857143,0.08744047515175765,0.3922231502930798
105378589,-4.611607142857142,0.2100508699934664,0.5483969982021855
105378702,6.701785714285714,0.103439961456084,0.4179411685346876
105378732,6.7598214285714295,0.14415658713719673,0.47398449003684384
105378749,-16.12321428571428,0.056810608431250735,0.33496420758434536
105378828,-28.239285714285714,0.007060105394476552,0.18390245947737277
105378948,12.752678571428575,0.2618790613492616,0.5982538191921761
105378997,-2.0562500000000004,0.5568599776637618,0.8051125618243483
105379045,12.649999999999991,0.6037383356892547,0.8312268969830039
105379143,-1.900892857142857,0.5995508919026575,0.8293054265344617
105379178,-7.33482142857143,0.02041032880893647,0.238009362137482
105379181,-13.141964285714288,0.03138810758782815,0.26944983031438197
105379186,-29.354464285714286,0.007159108859918892,0.18463030824512597
105379362,11.60892857142857,0.14806573147249363,0.47912940006143745
105379426,-62.891071428571436,0.1578963586081247,0.49065557735024007
105379499,-4.175892857142848,0.7903067768305228,0.9209493600291744
105379655,-85.59285714285713,0.10670092560832863,0.42412745239079375
105682749,-26.64285714285714,0.27534591304713035,0.610137707540401
106144538,0.7437500000000004,0.8764408821894571,0.9551537152065747
106146148,-2.5625,0.7550146517346479,0.9042835445416917
106146149,-5.71607142857143,0.27966407661059595,0.6139457923635246
106146153,-24.567857142857136,0.3547059982327922,0.6715915937728266
106456574,-12.49285714285714,0.008360470482773882,0.1902441948888578
106481339,-2.5642857142857096,0.6823565481998453,0.8711043031612794
107161159,-1.413392857142859,0.6133940686121782,0.8359725822841846
107984282,-9.563392857142855,0.13835342516067536,0.4671414932217219
107984534,-7.450892857142858,0.4235607063389622,0.7217514753717019
107985971,106.47678571428574,0.2358518661990942,0.5728265752286785
